timeTick, roll, pitch, yaw, stateX, stateY, stateZ, stateVX, stateVY, stateVZ, otX0, otY0, otZ0, otRoll0, otPitch0, otYaw0, left wing, pitch motor, yaw motor, right wing, voltage, roll rate, pitch rate, yaw rate, A_x, A_y, A_z, current, i_raw, v_raw, airflow_voltage, airflow_speed, pot_Pitch
46554, -0.9100143313407898, 0.925670325756073, -0.9843475818634033, 0, 0, 0, 0, 0, 0, 0, 0, 0, 0, 0, 0, 0, 0, 0, 0, 0, 0, 0, 0, 0, 0, 0, 0, 0, 0, 0, 0, 0
46564, -0.9094021916389465, 0.9276211857795715, -0.98622065782547, -15.817066192626953, 18.605636596679688, -11.45819091796875, -2.2145934104919434, 2.4777069091796875, -0.48708799481391907, 0, 0, 0, 0, 0, 0, 9362.0, 30146.0, 35388.0, 9362.0, 8.390083312988281, 0.03015964664518833, -0.2039438784122467, -0.2642400562763214, 0.00968005321919918, -0.03734823316335678, 1.0009574890136719, 0, 0, 0, 0, 0, 0
46574, -0.9098219275474548, 0.9286325573921204, -0.9870228171348572, -15.83922004699707, 18.630420684814453, -11.463061332702637, -2.2161526679992676, 2.4792938232421875, -0.48699283599853516, 0, 0, 0, 0, 0, 0, 9362.0, 30146.0, 35388.0, 9362.0, 8.390083312988281, 0.20628993213176727, -0.2822149991989136, -0.1910320371389389, 0.011041761375963688, -0.0396784171462059, 1.0001927614212036, -0.07351621985435486, -0.05751800537109375, 1.4912109375, 1.311767578125, 0.0348052978515625, 1.49267578125
46584, -0.9087583422660828, 0.9293100237846375, -0.9864817261695862, -15.86138916015625, 18.655221939086914, -11.467930793762207, -2.217715263366699, 2.480879306793213, -0.4869266748428345, 0, 0, 0, 0, 0, 0, 9362.0, 30146.0, 35388.0, 9362.0, 8.390083312988281, -0.004610014613717794, 0.06034686416387558, -0.1901462972164154, 0.009483026340603828, -0.03850214555859566, 0.9999547004699707, -0.0735568106174469, -0.11127853393554688, 1.48681640625, 1.322021484375, 0.0257415771484375, 1.494873046875
46594, -0.9084046483039856, 0.9285149574279785, -0.9870498776435852, -15.883574485778809, 18.680038452148438, -11.472800254821777, -2.2192790508270264, 2.4824655055999756, -0.4868701994419098, 0, 0, 0, 0, 0, 0, 9362.0, 30146.0, 35388.0, 9362.0, 8.390083312988281, 0.07054746150970459, -0.15129318833351135, -0.13024218380451202, 0.010596825741231441, -0.03589851036667824, 1.0001721382141113, -0.07959043234586716, -0.07543754577636719, 1.48974609375, 1.30224609375, 0.0460052490234375, 1.49267578125
46604, -0.908343493938446, 0.9298728108406067, -0.9881561994552612, -15.90577507019043, 18.704870223999023, -11.477669715881348, -2.220842123031616, 2.4840474128723145, -0.48696234822273254, 0, 0, 0, 0, 0, 0, 9362.0, 30146.0, 35388.0, 9362.0, 8.390083312988281, -0.13950097560882568, 0.03759922832250595, 0.2567192018032074, 0.009856321848928928, -0.036050744354724884, 0.9998061656951904, -0.08090215176343918, -0.08439826965332031, 1.489013671875, 1.317626953125, 0.0291900634765625, 1.493408203125
46614, -0.9089992046356201, 0.9290846586227417, -0.9878576993942261, -15.927990913391113, 18.729719161987305, -11.482539176940918, -2.222404956817627, 2.4856302738189697, -0.48695939779281616, 0, 0, 0, 0, 0, 0, 9362.0, 30146.0, 35388.0, 9362.0, 8.390083312988281, 0.05811063572764397, 0.10890865325927734, -0.0662764236330986, 0.008742354810237885, -0.03876117244362831, 1.0002940893173218, -0.0810244083404541, -0.11127853393554688, 1.48681640625, 1.31396484375, 0.0325469970703125, 1.4970703125
46624, -0.9083715677261353, 0.9268355965614319, -0.9890034198760986, -15.950222969055176, 18.75458335876465, -11.487408638000488, -2.2239694595336914, 2.4872124195098877, -0.48700428009033203, 0, 0, 0, 0, 0, 0, 9362.0, 30146.0, 35388.0, 9362.0, 8.390083312988281, -0.15411335229873657, -0.12439574301242828, -0.07674304395914078, 0.008453872986137867, -0.039109911769628525, 0.9980388879776001, -0.0812249407172203, -0.01271820068359375, 1.494873046875, 1.324951171875, 0.0236663818359375, 1.4970703125
46634, -0.9081681370735168, 0.9259846806526184, -0.9883401393890381, -15.9724702835083, 18.779462814331055, -11.492279052734375, -2.2255327701568604, 2.4887962341308594, -0.4870036542415619, 0, 0, 0, 0, 0, 0, 9362.0, 30146.0, 35388.0, 9362.0, 8.390083312988281, -0.12082283198833466, 0.08042839914560318, 0.2748927175998688, 0.009068043902516365, -0.038573216646909714, 0.9986923933029175, -0.08158881962299347, -0.13815879821777344, 1.484619140625, 1.310302734375, 0.036285400390625, 1.493408203125
46644, -0.9083274006843567, 0.9246543049812317, -0.9866920709609985, -15.994733810424805, 18.804359436035156, -11.497149467468262, -2.227090835571289, 2.4903767108917236, -0.487160325050354, 0, 0, 0, 0, 0, 0, 9362.0, 30146.0, 35388.0, 9362.0, 8.390083312988281, -0.23919059336185455, -0.12115447223186493, -0.26344364881515503, 0.009192658588290215, -0.0357857421040535, 0.9987022280693054, -0.08178859949111938, -0.09335899353027344, 1.48828125, 1.3212890625, 0.026214599609375, 1.493408203125
46654, -0.90925532579422, 0.9258102178573608, -0.9887640476226807, -16.017011642456055, 18.82927131652832, -11.502021789550781, -2.2286458015441895, 2.491955280303955, -0.4873706102371216, 0, 0, 0, 0, 0, 0, 9362.0, 30146.0, 35388.0, 9362.0, 8.390083312988281, -0.10080728679895401, -0.20295166969299316, 0.1698962152004242, 0.009474974125623703, -0.037800468504428864, 0.9980586171150208, -0.08209487795829773, -0.030637741088867188, 1.493408203125, 1.320556640625, 0.02685546875, 1.49267578125
46664, -0.9096860289573669, 0.9279183149337769, -0.9882099628448486, -16.039306640625, 18.854198455810547, -11.506896018981934, -2.2301998138427734, 2.4935357570648193, -0.48750820755958557, 0, 0, 0, 0, 0, 0, 9362.0, 30146.0, 35388.0, 9362.0, 8.390083312988281, -0.2713100016117096, -0.14116144180297852, 0.048368390649557114, 0.010815901681780815, -0.035327013581991196, 0.9976373314857483, -0.08434933423995972, -0.09335899353027344, 1.48828125, 1.317626953125, 0.0291900634765625, 1.49267578125
46674, -0.9112206101417542, 0.9291097521781921, -0.9884713292121887, -16.061616897583008, 18.879140853881836, -11.511772155761719, -2.2317545413970947, 2.4951164722442627, -0.4877190589904785, 0, 0, 0, 0, 0, 0, 9362.0, 30146.0, 35388.0, 9362.0, 8.390083312988281, 0.10106965154409409, 0.10229356586933136, 0.2591451108455658, 0.010357886552810669, -0.034389108419418335, 0.9997522830963135, -0.08094434440135956, -0.01271820068359375, 1.494873046875, 1.3154296875, 0.03118896484375, 1.494140625
46684, -0.9105499982833862, 0.9285758137702942, -0.9865492582321167, -16.083942413330078, 18.90410041809082, -11.516650199890137, -2.2333126068115234, 2.496697425842285, -0.4879652261734009, 0, 0, 0, 0, 0, 0, 9362.0, 30146.0, 35388.0, 9362.0, 8.390083312988281, 0.11065550148487091, 0.06558185815811157, 0.2897080183029175, 0.00905411783605814, -0.03462640196084976, 0.9994393587112427, -0.07919728010892868, -0.01271820068359375, 1.494873046875, 1.3125, 0.034027099609375, 1.5
46694, -0.9110487699508667, 0.929418683052063, -0.9854149222373962, -16.10628318786621, 18.929075241088867, -11.521530151367188, -2.2348744869232178, 2.4982833862304688, -0.48808231949806213, 0, 0, 0, 0, 0, 0, 9362.0, 30146.0, 35388.0, 9362.0, 8.390083312988281, 0.12951476871967316, -0.32948487997055054, 0.04203629866242409, 0.009553411044180393, -0.036549873650074005, 0.9997587203979492, -0.07513554394245148, -0.06647872924804688, 1.490478515625, 1.31982421875, 0.0273590087890625, 1.490478515625
46704, -0.9110733270645142, 0.9330876469612122, -0.98641437292099, -16.128639221191406, 18.954065322875977, -11.526411056518555, -2.236436605453491, 2.499868869781494, -0.4881412386894226, 0, 0, 0, 0, 0, 0, 9362.0, 30146.0, 35388.0, 9362.0, 8.370248794555664, -0.108446404337883, 0.16722360253334045, 0.09878844022750854, 0.008195583708584309, -0.037107814103364944, 0.9982973337173462, -0.07486015558242798, -0.05751800537109375, 1.4912109375, 1.31103515625, 0.0355682373046875, 1.496337890625
46714, -0.9114293456077576, 0.9332900047302246, -0.9860889911651611, -16.151010513305664, 18.97907257080078, -11.531292915344238, -2.237999677658081, 2.501455307006836, -0.488211452960968, 0, 0, 0, 0, 0, 0, 9362.0, 30146.0, 35388.0, 9362.0, 8.370248794555664, -0.2275678515434265, 0.21002791821956635, 0.13119086623191833, 0.007733992766588926, -0.035061366856098175, 0.9988245368003845, -0.07508561760187149, -0.06647872924804688, 1.490478515625, 1.308837890625, 0.0379486083984375, 1.4912109375
46724, -0.9125143885612488, 0.9337244629859924, -0.9865117073059082, -16.173398971557617, 19.00409507751465, -11.536175727844238, -2.239567995071411, 2.503040075302124, -0.48836520314216614, 0, 0, 0, 0, 0, 0, 9362.0, 30146.0, 35388.0, 9362.0, 8.390083312988281, 0.0005010078893974423, 0.018445953726768494, -0.1507963240146637, 0.009535460732877254, -0.03776996582746506, 0.997899055480957, -0.07521573454141617, -0.10231781005859375, 1.487548828125, 1.311767578125, 0.0348052978515625, 1.494873046875
46734, -0.9126794934272766, 0.9349384307861328, -0.9873732924461365, -16.195802688598633, 19.029132843017578, -11.541060447692871, -2.241136312484741, 2.5046253204345703, -0.4885420501232147, 0, 0, 0, 0, 0, 0, 9362.0, 30146.0, 35388.0, 9362.0, 8.390083312988281, 0.10633256286382675, -0.016579220071434975, -0.2865357995033264, 0.00868919212371111, -0.03824034705758095, 0.998354434967041, -0.07272102683782578, -0.08439826965332031, 1.489013671875, 1.306640625, 0.040557861328125, 1.49853515625
46744, -0.9117868542671204, 0.935591995716095, -0.9883303642272949, -16.21822166442871, 19.054187774658203, -11.545947074890137, -2.2427048683166504, 2.5062122344970703, -0.48875075578689575, 0, 0, 0, 0, 0, 0, 9362.0, 30146.0, 35388.0, 9362.0, 8.390083312988281, -0.1070857048034668, 0.3510069251060486, 0.1273496001958847, 0.008566020056605339, -0.03715900331735611, 1.0008543729782104, -0.0722760409116745, -0.04855918884277344, 1.491943359375, 1.3271484375, 0.022308349609375, 1.493408203125
46754, -0.9120548367500305, 0.9338337779045105, -0.9868967533111572, -16.24065589904785, 19.07925796508789, -11.550835609436035, -2.2442753314971924, 2.5077991485595703, -0.48894521594047546, 0, 0, 0, 0, 0, 0, 9362.0, 30146.0, 35388.0, 9362.0, 8.390083312988281, -0.32820630073547363, -0.009749144315719604, -0.05329924821853638, 0.009091842919588089, -0.03756159543991089, 0.9983844757080078, -0.07308775186538696, -0.06647872924804688, 1.490478515625, 1.313232421875, 0.0333251953125, 1.494140625
46764, -0.9133538603782654, 0.9330294132232666, -0.9870039820671082, -16.263107299804688, 19.10434341430664, -11.55572509765625, -2.245849847793579, 2.5093882083892822, -0.48894959688186646, 0, 0, 0, 0, 0, 0, 9362.0, 30146.0, 35388.0, 9362.0, 8.390083312988281, -0.003945393022149801, 0.07571623474359512, -0.18511296808719635, 0.008425219915807247, -0.03838706016540527, 0.998528778553009, -0.07566685229539871, -0.08439826965332031, 1.489013671875, 1.323486328125, 0.024688720703125, 1.494873046875
46774, -0.9130775928497314, 0.9322473406791687, -0.9878323674201965, -16.285573959350586, 19.129446029663086, -11.560615539550781, -2.247420310974121, 2.5109755992889404, -0.4890618622303009, 0, 0, 0, 0, 0, 0, 9362.0, 30146.0, 35388.0, 9362.0, 8.390083312988281, -0.06873670965433121, -0.06228167563676834, -0.08894915878772736, 0.008552414365112782, -0.03767282888293266, 0.9974777102470398, -0.0706818550825119, -0.05751800537109375, 1.4912109375, 1.305908203125, 0.0413360595703125, 1.49560546875
46784, -0.9139572978019714, 0.9329184293746948, -0.9880419969558716, -16.308055877685547, 19.154563903808594, -11.565506935119629, -2.2489876747131348, 2.512564182281494, -0.48924684524536133, 0, 0, 0, 0, 0, 0, 9362.0, 30146.0, 35388.0, 9362.0, 8.390083312988281, -0.04873056337237358, 0.20032280683517456, 0.08393247425556183, 0.009513637982308865, -0.039250630885362625, 0.998965859413147, -0.0722329318523407, -0.06647872924804688, 1.490478515625, 1.29638671875, 0.0542755126953125, 1.49267578125
46794, -0.9142234325408936, 0.9301247596740723, -0.9880905151367188, -16.33055305480957, 19.179697036743164, -11.570401191711426, -2.25055193901062, 2.514150619506836, -0.48953768610954285, 0, 0, 0, 0, 0, 0, 9362.0, 30146.0, 35388.0, 9362.0, 8.390083312988281, 0.11282023787498474, 0.42523783445358276, 0.14670106768608093, 0.009447766467928886, -0.03840635344386101, 0.9993908405303955, -0.07915226370096207, -0.10231781005859375, 1.487548828125, 1.2861328125, 0.0716094970703125, 1.494873046875
46804, -0.913529098033905, 0.926688551902771, -0.9881771802902222, -16.353065490722656, 19.20484733581543, -11.575297355651855, -2.252120018005371, 2.5157408714294434, -0.48967060446739197, 0, 0, 0, 0, 0, 0, 9362.0, 30146.0, 35388.0, 9362.0, 8.390083312988281, -0.05068879574537277, -0.4146776497364044, -0.1557786762714386, 0.00916073564440012, -0.036513958126306534, 1.000097632408142, -0.08311743289232254, -0.12023735046386719, 1.486083984375, 1.28759765625, 0.068939208984375, 1.496337890625
46814, -0.9136242866516113, 0.9293680191040039, -0.9901286363601685, -16.375595092773438, 19.230012893676758, -11.580194473266602, -2.2536845207214355, 2.5173325538635254, -0.4897438883781433, 0, 0, 0, 0, 0, 0, 9362.0, 30146.0, 35388.0, 9362.0, 8.390083312988281, 0.2415008395910263, 0.16806739568710327, 0.3489077687263489, 0.009777341037988663, -0.038284704089164734, 0.9996379613876343, -0.08238890767097473, -0.030637741088867188, 1.493408203125, 1.3212890625, 0.026214599609375, 1.491943359375
46824, -0.9126551747322083, 0.9281814694404602, -0.987755537033081, -16.39813995361328, 19.25519371032715, -11.585092544555664, -2.2552428245544434, 2.518923282623291, -0.4898063838481903, 0, 0, 0, 0, 0, 0, 9362.0, 30146.0, 35388.0, 9362.0, 8.390083312988281, -0.057960618287324905, -0.5125752687454224, -0.1315259039402008, 0.009869439527392387, -0.03863479197025299, 1.0006693601608276, -0.07973292469978333, -0.10231781005859375, 1.487548828125, 1.29931640625, 0.0500640869140625, 1.496337890625
46834, -0.9125236868858337, 0.9302656054496765, -0.9888397455215454, -16.420700073242188, 19.280391693115234, -11.589990615844727, -2.2568061351776123, 2.5205140113830566, -0.4898682236671448, 0, 0, 0, 0, 0, 0, 9362.0, 30146.0, 35388.0, 9362.0, 8.390083312988281, 0.03329203277826309, -0.12882840633392334, -0.13174022734165192, 0.01108593586832285, -0.037981800734996796, 0.9982165098190308, -0.08047867566347122, -0.05751800537109375, 1.4912109375, 1.282470703125, 0.0786590576171875, 1.49267578125
46844, -0.9126222133636475, 0.9311761856079102, -0.9892545342445374, -16.443275451660156, 19.305604934692383, -11.594889640808105, -2.2583677768707275, 2.522104024887085, -0.48987287282943726, 0, 0, 0, 0, 0, 0, 9362.0, 30146.0, 35388.0, 9362.0, 8.390083312988281, -0.19846302270889282, -0.109603151679039, -0.10326328128576279, 0.008451800793409348, -0.03561999648809433, 0.998431384563446, -0.08246803283691406, -0.05751800537109375, 1.4912109375, 1.288330078125, 0.0676116943359375, 1.49267578125
46854, -0.9144325852394104, 0.931850254535675, -0.9896244406700134, -16.465866088867188, 19.330833435058594, -11.599788665771484, -2.259931802749634, 2.5236918926239014, -0.49001380801200867, 0, 0, 0, 0, 0, 0, 9362.0, 30146.0, 35388.0, 9362.0, 8.390083312988281, 0.08973880112171173, -0.08487042039632797, 0.19463331997394562, 0.007122160866856575, -0.03663093224167824, 1.0008736848831177, -0.08392572402954102, -0.1291980743408203, 1.4853515625, 1.29052734375, 0.06378173828125, 1.491943359375
46864, -0.9142585396766663, 0.9320310354232788, -0.9889159202575684, -16.488473892211914, 19.3560791015625, -11.604689598083496, -2.2614951133728027, 2.5252785682678223, -0.4902297258377075, 0, 0, 0, 0, 0, 0, 9362.0, 30146.0, 35388.0, 9362.0, 8.390083312988281, 0.057432834059000015, 0.020268619060516357, 0.07731448858976364, 0.007472096011042595, -0.037998493760824203, 1.0001994371414185, -0.08743306994438171, -0.06647872924804688, 1.490478515625, 1.289794921875, 0.065032958984375, 1.490478515625
46874, -0.9140732884407043, 0.9319507479667664, -0.988692581653595, -16.511096954345703, 19.38134002685547, -11.60959243774414, -2.2630631923675537, 2.5268714427948, -0.4902540147304535, 0, 0, 0, 0, 0, 0, 9362.0, 30146.0, 35388.0, 9362.0, 8.390083312988281, 0.11335383355617523, 0.49553078413009644, 0.07406280189752579, 0.007720717694610357, -0.03741982951760292, 1.0007466077804565, -0.08624615520238876, -0.030637741088867188, 1.493408203125, 1.304443359375, 0.043182373046875, 1.496337890625
46884, -0.9140219688415527, 0.9285122156143188, -0.9873029589653015, -16.533735275268555, 19.4066162109375, -11.614495277404785, -2.2646327018737793, 2.5284652709960938, -0.49021995067596436, 0, 0, 0, 0, 0, 0, 9362.0, 30146.0, 35388.0, 9362.0, 8.390083312988281, 0.09532426297664642, -0.03236807510256767, -0.31477946043014526, 0.008535929955542088, -0.03530512750148773, 0.999733567237854, -0.08383525907993317, -0.030637741088867188, 1.493408203125, 1.31689453125, 0.0298919677734375, 1.4912109375
46894, -0.9133853316307068, 0.9295294880867004, -0.9895290732383728, -16.55638885498047, 19.431909561157227, -11.619397163391113, -2.2662017345428467, 2.5300586223602295, -0.49018505215644836, 0, 0, 0, 0, 0, 0, 9362.0, 30146.0, 35388.0, 9362.0, 8.390083312988281, 0.025951772928237915, 0.04622853174805641, -0.008765295147895813, 0.010066029615700245, -0.03523717448115349, 1.0001115798950195, -0.07920105755329132, -0.06647872924804688, 1.490478515625, 1.3154296875, 0.03118896484375, 1.493408203125
46904, -0.9132936000823975, 0.9292691946029663, -0.989710807800293, -16.579059600830078, 19.457218170166016, -11.624299049377441, -2.26776385307312, 2.5316505432128906, -0.49019917845726013, 0, 0, 0, 0, 0, 0, 9362.0, 30146.0, 35388.0, 9362.0, 8.390083312988281, -0.09881924837827682, 0.08354859054088593, 0.018242638558149338, 0.008791600354015827, -0.035218678414821625, 1.0002108812332153, -0.08188731968402863, -0.04855918884277344, 1.491943359375, 1.31982421875, 0.0273590087890625, 1.491943359375
46914, -0.9141285419464111, 0.9279754757881165, -0.9895076155662537, -16.60174560546875, 19.482542037963867, -11.62920093536377, -2.269329071044922, 2.5332424640655518, -0.4901842176914215, 0, 0, 0, 0, 0, 0, 9362.0, 30146.0, 35388.0, 9362.0, 8.390083312988281, -0.01263429969549179, -0.09086078405380249, 0.06776563823223114, 0.008755401708185673, -0.03695351257920265, 0.9983270764350891, -0.07997260242700577, -0.05751800537109375, 1.4912109375, 1.313232421875, 0.0333251953125, 1.4912109375
46944, -0.913220226764679, 0.9310863018035889, -0.9922918677330017, -16.66989517211914, 19.558610916137695, -11.643909454345703, -2.2740120887756348, 2.5380125045776367, -0.49049854278564453, 0, 0, 0, 0, 0, 0, 9362.0, 30146.0, 35388.0, 9362.0, 8.390083312988281, -0.12345308810472488, -0.3553290069103241, 0.11665361374616623, 0.010829069651663303, -0.035989098250865936, 1.0000280141830444, -0.07997260242700577, -0.05751800537109375, 1.4912109375, 1.313232421875, 0.0333251953125, 1.4912109375
46974, -0.9140206575393677, 0.9308395981788635, -0.9907224178314209, -16.73818588256836, 19.634822845458984, -11.658624649047852, -2.278707981109619, 2.542785406112671, -0.4906761944293976, 0, 0, 0, 0, 0, 0, 9362.0, 30146.0, 35388.0, 9362.0, 8.390083312988281, -0.10544008016586304, 0.1548870950937271, 0.1290542036294937, 0.008233222179114819, -0.03833385556936264, 0.9975151419639587, -0.07997260242700577, -0.05751800537109375, 1.4912109375, 1.313232421875, 0.0333251953125, 1.4970703125
46984, -0.9142214059829712, 0.9294860363006592, -0.99042147397995, -16.7609806060791, 19.660259246826172, -11.663533210754395, -2.2802681922912598, 2.544372797012329, -0.4910302460193634, 0, 0, 0, 0, 0, 0, 9362.0, 30146.0, 35388.0, 9362.0, 8.390083312988281, 0.09063152223825455, 0.11842222511768341, 0.05943318083882332, 0.007224143948405981, -0.03784937411546707, 0.999758243560791, -0.07997260242700577, -0.05751800537109375, 1.4912109375, 1.313232421875, 0.0333251953125, 1.4970703125
46994, -0.9135953783988953, 0.9288836121559143, -0.990689218044281, -16.783790588378906, 19.685710906982422, -11.66844367980957, -2.281832456588745, 2.5459632873535156, -0.49114856123924255, 0, 0, 0, 0, 0, 0, 9362.0, 30146.0, 35388.0, 9362.0, 8.390083312988281, 0.09063152223825455, 0.11842222511768341, 0.05943318083882332, 0.00879043247550726, -0.03866535425186157, 1.0016168355941772, -0.07997260242700577, -0.05751800537109375, 1.4912109375, 1.313232421875, 0.0333251953125, 1.496337890625
47004, -0.9132406115531921, 0.9284871220588684, -0.9909581542015076, -16.806615829467773, 19.711177825927734, -11.673355102539062, -2.283395767211914, 2.5475552082061768, -0.49121031165122986, 0, 0, 0, 0, 0, 0, 9362.0, 30146.0, 35388.0, 9362.0, 8.390083312988281, 0.09063152223825455, 0.11842222511768341, 0.05943318083882332, 0.008713110350072384, -0.03728916868567467, 1.00069260597229, -0.07997260242700577, -0.05751800537109375, 1.4912109375, 1.313232421875, 0.0333251953125, 1.491943359375
47014, -0.9123687148094177, 0.9260342121124268, -0.9914958477020264, -16.829458236694336, 19.736661911010742, -11.678266525268555, -2.2849607467651367, 2.5491487979888916, -0.49111559987068176, 0, 0, 0, 0, 0, 0, 9362.0, 30146.0, 35388.0, 9362.0, 8.390083312988281, -0.011557111516594887, 0.2841314375400543, -0.10852091759443283, 0.007574103772640228, -0.03552915155887604, 0.9998868703842163, -0.07997260242700577, -0.05751800537109375, 1.4912109375, 1.313232421875, 0.0333251953125, 1.493408203125
47024, -0.9127360582351685, 0.9239338040351868, -0.9924414753913879, -16.85231590270996, 19.762161254882812, -11.68317699432373, -2.2865242958068848, 2.5507404804229736, -0.49105265736579895, 0, 0, 0, 0, 0, 0, 9362.0, 30146.0, 35388.0, 9362.0, 8.390083312988281, -0.011557111516594887, 0.2841314375400543, -0.10852091759443283, 0.010751127265393734, -0.03603486716747284, 1.0013974905014038, -0.07997260242700577, -0.05751800537109375, 1.4912109375, 1.313232421875, 0.0333251953125, 1.49560546875
47054, -0.9121395945549011, 0.9251293540000916, -0.9905472993850708, -16.92098045349121, 19.838754653930664, -11.697907447814941, -2.29119610786438, 2.5555126667022705, -0.4908822774887085, 0, 0, 0, 0, 0, 0, 9362.0, 30146.0, 35388.0, 9362.0, 8.390083312988281, -0.3469310402870178, 0.18032614886760712, 0.25337401032447815, 0.00892635341733694, -0.03799693286418915, 0.9983320832252502, -0.07997260242700577, -0.05751800537109375, 1.4912109375, 1.313232421875, 0.0333251953125, 1.496337890625
47064, -0.9126070141792297, 0.9293134808540344, -0.9915581345558167, -16.94390106201172, 19.864316940307617, -11.702816009521484, -2.2927544116973877, 2.5570991039276123, -0.4909041225910187, 0, 0, 0, 0, 0, 0, 9362.0, 30146.0, 35388.0, 9362.0, 8.390083312988281, -0.3469310402870178, 0.18032614886760712, 0.25337401032447815, 0.008285805583000183, -0.036480315029621124, 0.9976230263710022, -0.07997260242700577, -0.05751800537109375, 1.4912109375, 1.313232421875, 0.0333251953125, 1.493408203125
47074, -0.91221684217453, 0.9299608469009399, -0.9890923500061035, -16.96683692932129, 19.889896392822266, -11.707725524902344, -2.2943084239959717, 2.558685779571533, -0.49105244874954224, 0, 0, 0, 0, 0, 0, 9362.0, 30146.0, 35388.0, 9362.0, 8.390083312988281, -0.3469310402870178, 0.18032614886760712, 0.25337401032447815, 0.0071158758364617825, -0.03866638243198395, 0.9988372325897217, -0.07997260242700577, -0.05751800537109375, 1.4912109375, 1.313232421875, 0.0333251953125, 1.49267578125
47084, -0.912741482257843, 0.9289126396179199, -0.9902053475379944, -16.989788055419922, 19.915491104125977, -11.712636947631836, -2.2958686351776123, 2.5602715015411377, -0.4912978708744049, 0, 0, 0, 0, 0, 0, 9362.0, 30146.0, 35388.0, 9362.0, 8.390083312988281, -0.09838849306106567, -0.3346432149410248, -0.07707235217094421, 0.0071158758364617825, -0.03866638243198395, 0.9988372325897217, -0.07997260242700577, -0.05751800537109375, 1.4912109375, 1.313232421875, 0.0333251953125, 1.49267578125
47104, -0.9139885306358337, 0.9277753829956055, -0.990565836429596, -17.035736083984375, 19.96672821044922, -11.722467422485352, -2.29899001121521, 2.5634443759918213, -0.4917553961277008, 0, 0, 0, 0, 0, 0, 9362.0, 30146.0, 35388.0, 9362.0, 8.390083312988281, 0.05120973289012909, 0.16246174275875092, -0.04567543417215347, 0.01130628027021885, -0.037605900317430496, 1.0004231929779053, -0.07997260242700577, -0.05751800537109375, 1.4912109375, 1.313232421875, 0.0333251953125, 1.49267578125
47124, -0.9126955270767212, 0.9263343214988708, -0.9921300411224365, -17.08174705505371, 20.018028259277344, -11.732306480407715, -2.3021106719970703, 2.5666239261627197, -0.4920642673969269, 0, 0, 0, 0, 0, 0, 9362.0, 30146.0, 35388.0, 9362.0, 8.390083312988281, -0.013734562322497368, 0.1958249807357788, 0.2392704337835312, 0.008743287064135075, -0.03672756254673004, 1.0001028776168823, -0.07997260242700577, -0.05751800537109375, 1.4912109375, 1.313232421875, 0.0333251953125, 1.49267578125
47134, -0.9127321243286133, 0.9252011775970459, -0.9906662702560425, -17.10477638244629, 20.043703079223633, -11.737226486206055, -2.3036696910858154, 2.5682153701782227, -0.49202099442481995, 0, 0, 0, 0, 0, 0, 9362.0, 30146.0, 35388.0, 9362.0, 8.390083312988281, -0.013734562322497368, 0.1958249807357788, 0.2392704337835312, 0.007395205087959766, -0.03545556217432022, 1.0014392137527466, -0.07997260242700577, -0.05751800537109375, 1.4912109375, 1.313232421875, 0.0333251953125, 1.494873046875
47154, -0.9135693311691284, 0.9221436977386475, -0.9891814589500427, -17.150880813598633, 20.0950984954834, -11.747066497802734, -2.3067872524261475, 2.571397066116333, -0.49194175004959106, 0, 0, 0, 0, 0, 0, 9362.0, 30146.0, 35388.0, 9362.0, 8.390083312988281, -0.013734562322497368, 0.1958249807357788, 0.2392704337835312, 0.009771275334060192, -0.038284022361040115, 0.9989387392997742, -0.07997260242700577, -0.05751800537109375, 1.4912109375, 1.289794921875, 0.065032958984375, 1.493408203125
47164, -0.9134097099304199, 0.920716404914856, -0.9873511791229248, -17.1739559173584, 20.120820999145508, -11.751985549926758, -2.308345079421997, 2.572988510131836, -0.49183157086372375, 0, 0, 0, 0, 0, 0, 9362.0, 30146.0, 35388.0, 9362.0, 8.390083312988281, 0.2153712809085846, 0.03620005026459694, -0.011898700147867203, 0.009771275334060192, -0.038284022361040115, 0.9989387392997742, -0.07997260242700577, -0.05751800537109375, 1.4912109375, 1.289794921875, 0.065032958984375, 1.493408203125
47184, -0.9122177958488464, 0.9207572340965271, -0.9887377023696899, -17.22015380859375, 20.172311782836914, -11.761824607849121, -2.3114421367645264, 2.576166868209839, -0.49211257696151733, 0, 0, 0, 0, 0, 0, 9362.0, 30146.0, 35388.0, 9362.0, 8.390083312988281, -0.095475934445858, 0.0006662548403255641, -0.039103180170059204, 0.008998886682093143, -0.037029929459095, 0.9996050000190735, -0.07910344004631042, -0.05751800537109375, 1.4912109375, 1.289794921875, 0.065032958984375, 1.493408203125
47244, -0.9117103815078735, 0.9165152907371521, -0.9875735640525818, -17.359119415283203, 20.327167510986328, -11.791364669799805, -2.3207297325134277, 2.5857059955596924, -0.49220040440559387, 0, 0, 0, 0, 0, 0, 9362.0, 30146.0, 35388.0, 9362.0, 8.390083312988281, -0.1385965794324875, -0.062026094645261765, 0.10573726147413254, 0.008555500768125057, -0.036086294800043106, 0.9996126890182495, -0.07910344004631042, -0.05751800537109375, 1.4912109375, 1.289794921875, 0.065032958984375, 1.490478515625
47284, -0.9110884070396423, 0.9135359525680542, -0.9808571338653564, -17.452072143554688, 20.430723190307617, -11.811052322387695, -2.326897382736206, 2.592052936553955, -0.49232161045074463, 0, 0, 0, 0, 0, 0, 9362.0, 30146.0, 35388.0, 9362.0, 8.390083312988281, -0.03393777459859848, 0.25007256865501404, 0.06464366614818573, 0.008403271436691284, -0.038759563118219376, 0.9981905817985535, -0.07910344004631042, -0.05751800537109375, 1.4912109375, 1.289794921875, 0.065032958984375, 1.496337890625
47304, -0.9123643636703491, 0.9100462198257446, -0.979337215423584, -17.498641967773438, 20.482595443725586, -11.820900917053223, -2.3299739360809326, 2.595221757888794, -0.49261122941970825, 0, 0, 0, 0, 0, 0, 9362.0, 30146.0, 35388.0, 9362.0, 8.390083312988281, 0.20528556406497955, -0.346353143453598, -0.2074953317642212, 0.006761078257113695, -0.03697860613465309, 0.999597430229187, -0.07910344004631042, -0.05751800537109375, 1.4912109375, 1.289794921875, 0.065032958984375, 1.494140625
47354, -0.9122848510742188, 0.9160889387130737, -0.9814808368682861, -17.615333557128906, 20.61255645751953, -11.845541000366211, -2.3376481533050537, 2.6031599044799805, -0.49293023347854614, 0, 0, 0, 0, 0, 0, 9362.0, 30146.0, 35388.0, 9362.0, 8.390083312988281, -0.009999683126807213, -0.11021488904953003, 0.14739954471588135, 0.008842906914651394, -0.03742115944623947, 0.9975081086158752, -0.08796491473913193, -0.11127853393554688, 1.48681640625, 1.305908203125, 0.0413360595703125, 1.493408203125
47374, -0.911956250667572, 0.918208658695221, -0.9818020462989807, -17.66211700439453, 20.66465187072754, -11.855403900146484, -2.34072208404541, 2.606330156326294, -0.49339818954467773, 0, 0, 0, 0, 0, 0, 9362.0, 30146.0, 35388.0, 9362.0, 8.390083312988281, -0.009999683126807213, -0.11021488904953003, 0.14739954471588135, 0.008249660022556782, -0.03552723303437233, 0.9998928308486938, -0.08796491473913193, -0.11127853393554688, 1.48681640625, 1.305908203125, 0.0413360595703125, 1.491943359375
47384, -0.9117687344551086, 0.9210189580917358, -0.9820266962051392, -17.685531616210938, 20.690723419189453, -11.860339164733887, -2.342264175415039, 2.607915163040161, -0.4935806691646576, 0, 0, 0, 0, 0, 0, 9362.0, 30146.0, 35388.0, 9362.0, 8.390083312988281, -0.009999683126807213, -0.11021488904953003, 0.14739954471588135, 0.008471548557281494, -0.03834657371044159, 1.0002896785736084, -0.08796491473913193, -0.11127853393554688, 1.48681640625, 1.305908203125, 0.0413360595703125, 1.496337890625
47394, -0.9123287200927734, 0.9240612387657166, -0.9824234247207642, -17.708961486816406, 20.71681022644043, -11.865275382995605, -2.34380841255188, 2.6095023155212402, -0.4936574399471283, 0, 0, 0, 0, 0, 0, 9362.0, 30146.0, 35388.0, 9362.0, 8.390083312988281, -0.009999683126807213, -0.11021488904953003, 0.14739954471588135, 0.009501460008323193, -0.0418846495449543, 0.9983825087547302, -0.08796491473913193, -0.11127853393554688, 1.48681640625, 1.305908203125, 0.0413360595703125, 1.49267578125
47424, -0.9116266965866089, 0.9176564812660217, -0.9804485440254211, -17.779346466064453, 20.795166015625, -11.880086898803711, -2.3484625816345215, 2.6142654418945312, -0.4938812255859375, 0, 0, 0, 0, 0, 0, 9362.0, 30146.0, 35388.0, 9362.0, 8.390083312988281, -0.030687807127833366, 0.22433167695999146, -0.05732428655028343, 0.007844447158277035, -0.03748364746570587, 0.999627411365509, -0.08796491473913193, -0.11127853393554688, 1.48681640625, 1.305908203125, 0.0413360595703125, 1.491943359375
47434, -0.9116929769515991, 0.9155356884002686, -0.9805171489715576, -17.779346466064453, 20.795166015625, -11.880086898803711, -2.3484625816345215, 2.6142654418945312, -0.4938812255859375, 0, 0, 0, 0, 0, 0, 9362.0, 30146.0, 35388.0, 9362.0, 8.390083312988281, -0.015977753326296806, -0.3730247914791107, -0.26833516359329224, 0.01011674664914608, -0.03682713210582733, 0.9977684020996094, -0.08796491473913193, -0.11127853393554688, 1.48681640625, 1.305908203125, 0.0413360595703125, 1.491943359375
47474, -0.9123323559761047, 0.9185891151428223, -0.982965886592865, -17.873409271240234, 20.89986228942871, -11.899847984313965, -2.354635715484619, 2.6206107139587402, -0.4943162500858307, 0, 0, 0, 0, 0, 0, 9362.0, 30146.0, 35388.0, 9362.0, 8.390083312988281, 0.0903104767203331, -0.008027391508221626, -0.12080040574073792, 0.007817753590643406, -0.039437536150217056, 1.0003799200057983, -0.08796491473913193, -0.11127853393554688, 1.48681640625, 1.2890625, 0.0663909912109375, 1.4970703125
47484, -0.9121146202087402, 0.9181832671165466, -0.9828364253044128, -17.873409271240234, 20.89986228942871, -11.899847984313965, -2.354635715484619, 2.6206107139587402, -0.4943162500858307, 0, 0, 0, 0, 0, 0, 9362.0, 30146.0, 35388.0, 9362.0, 8.390083312988281, 0.0903104767203331, -0.008027391508221626, -0.12080040574073792, 0.008252020925283432, -0.0376836434006691, 0.9975103139877319, -0.08796491473913193, -0.11127853393554688, 1.48681640625, 1.2890625, 0.0663909912109375, 1.493408203125
47514, -0.9127954244613647, 0.9220032095909119, -0.9831754565238953, -17.991331100463867, 21.031091690063477, -11.924574851989746, -2.3623499870300293, 2.6285481452941895, -0.49488502740859985, 0, 0, 0, 0, 0, 0, 9362.0, 30146.0, 35388.0, 9362.0, 8.390083312988281, -0.059359110891819, -0.2596201002597809, -0.2816638946533203, 0.00880085676908493, -0.03872452676296234, 0.9999107718467712, -0.08796491473913193, -0.11127853393554688, 1.48681640625, 1.2890625, 0.0663909912109375, 1.491943359375
47524, -0.9115973114967346, 0.9211377501487732, -0.9828477501869202, -18.014963150024414, 21.057384490966797, -11.929522514343262, -2.3639004230499268, 2.6301403045654297, -0.4946962296962738, 0, 0, 0, 0, 0, 0, 9362.0, 30146.0, 35388.0, 9362.0, 8.390083312988281, -0.059359110891819, -0.2596201002597809, -0.2816638946533203, 0.009637583047151566, -0.03682655096054077, 0.9987714886665344, -0.08796491473913193, -0.11127853393554688, 1.48681640625, 1.2890625, 0.0663909912109375, 1.491943359375
47534, -0.9112040400505066, 0.9217349290847778, -0.9839545488357544, -18.038610458374023, 21.083694458007812, -11.934469223022461, -2.3654534816741943, 2.6317317485809326, -0.49462395906448364, 0, 0, 0, 0, 0, 0, 9362.0, 30146.0, 35388.0, 9362.0, 8.390083312988281, -0.059359110891819, -0.2596201002597809, -0.2816638946533203, 0.008875914849340916, -0.03692422807216644, 0.9969570636749268, -0.08796491473913193, -0.11127853393554688, 1.48681640625, 1.2890625, 0.0663909912109375, 1.497802734375
47574, -0.9138285517692566, 0.9209874868392944, -0.9862083792686462, -18.133352279663086, 21.189090728759766, -11.954273223876953, -2.3716392517089844, 2.6380670070648193, -0.49562832713127136, 0, 0, 0, 0, 0, 0, 9362.0, 30146.0, 35388.0, 9362.0, 8.390083312988281, -0.03166911378502846, 0.11675312370061874, -0.004870337434113026, 0.009146125055849552, -0.03510259464383125, 1.0002779960632324, -0.08796491473913193, -0.11127853393554688, 1.48681640625, 1.2890625, 0.0663909912109375, 1.496337890625
47654, -0.9154053926467896, 0.9243676662445068, -0.9892297983169556, -18.323579788208008, 21.400646209716797, -11.993938446044922, -2.3840529918670654, 2.6507937908172607, -0.4960997700691223, 0, 0, 0, 0, 0, 0, 9362.0, 30146.0, 35388.0, 9362.0, 8.390083312988281, 0.04749855771660805, 0.05366688594222069, 0.18639548122882843, 0.009430678561329842, -0.03862084448337555, 1.0015488862991333, -0.08796491473913193, -0.11127853393554688, 1.48681640625, 1.2890625, 0.0663909912109375, 1.496337890625
47664, -0.913770854473114, 0.9249684810638428, -0.9878773093223572, -18.347427368164062, 21.427162170410156, -11.998899459838867, -2.385607957839966, 2.6523873805999756, -0.4961704611778259, 0, 0, 0, 0, 0, 0, 9362.0, 30146.0, 35388.0, 9362.0, 8.390083312988281, -0.12858152389526367, -0.25663796067237854, -0.07740693539381027, 0.009430678561329842, -0.03862084448337555, 1.0015488862991333, -0.08796491473913193, -0.11127853393554688, 1.48681640625, 1.2890625, 0.0663909912109375, 1.496337890625
47674, -0.9139494895935059, 0.9267693161964417, -0.9889944791793823, -18.371292114257812, 21.453693389892578, -12.003860473632812, -2.3871653079986572, 2.6539835929870605, -0.49607712030410767, 0, 0, 0, 0, 0, 0, 9362.0, 30146.0, 35388.0, 9362.0, 8.390083312988281, -0.12858152389526367, -0.25663796067237854, -0.07740693539381027, 0.010736972093582153, -0.037546683102846146, 0.9979386329650879, -0.08796491473913193, -0.11127853393554688, 1.48681640625, 1.2890625, 0.0663909912109375, 1.4912109375
47684, -0.9125896096229553, 0.9256428480148315, -0.9899497628211975, -18.371292114257812, 21.453693389892578, -12.003860473632812, -2.3871653079986572, 2.6539835929870605, -0.49607712030410767, 0, 0, 0, 0, 0, 0, 9362.0, 30146.0, 35388.0, 9362.0, 8.390083312988281, -0.12858152389526367, -0.25663796067237854, -0.07740693539381027, 0.00890436302870512, -0.037645671516656876, 1.0000988245010376, -0.08796491473913193, -0.11127853393554688, 1.48681640625, 1.2890625, 0.0663909912109375, 1.493408203125
47694, -0.9125710725784302, 0.9254693388938904, -0.988275945186615, -18.4190673828125, 21.506805419921875, -12.01378345489502, -2.390277624130249, 2.6571640968322754, -0.49629807472229004, 0, 0, 0, 0, 0, 0, 9362.0, 30146.0, 35388.0, 9362.0, 8.390083312988281, -0.12858152389526367, -0.25663796067237854, -0.07740693539381027, 0.007121794391423464, -0.03658296912908554, 0.999736487865448, -0.08796491473913193, -0.11127853393554688, 1.48681640625, 1.2890625, 0.0663909912109375, 1.49560546875
47724, -0.9110500812530518, 0.9305475950241089, -0.9926832914352417, -18.4908447265625, 21.586591720581055, -12.028674125671387, -2.3949520587921143, 2.6619327068328857, -0.4964148700237274, 0, 0, 0, 0, 0, 0, 9362.0, 30146.0, 35388.0, 9362.0, 8.390083312988281, 0.046739816665649414, -0.26041677594184875, -0.09287971258163452, 0.009337391704320908, -0.038585301488637924, 0.9980694055557251, -0.08796491473913193, -0.11127853393554688, 1.48681640625, 1.302978515625, 0.0450897216796875, 1.496337890625
47734, -0.9116067290306091, 0.9291453957557678, -0.9903770685195923, -18.514802932739258, 21.613218307495117, -12.033638000488281, -2.396517753601074, 2.663522720336914, -0.4962977170944214, 0, 0, 0, 0, 0, 0, 9362.0, 30146.0, 35388.0, 9362.0, 8.390083312988281, 0.057504329830408096, 0.17006130516529083, -0.14592696726322174, 0.009337391704320908, -0.038585301488637924, 0.9980694055557251, -0.08796491473913193, -0.11127853393554688, 1.48681640625, 1.302978515625, 0.0450897216796875, 1.496337890625
47754, -0.9116795063018799, 0.9297512173652649, -0.9918767213821411, -18.56276512145996, 21.666521072387695, -12.043567657470703, -2.399641275405884, 2.6666927337646484, -0.4967014491558075, 0, 0, 0, 0, 0, 0, 9362.0, 30146.0, 35388.0, 9362.0, 8.390083312988281, 0.10029241442680359, 0.22974595427513123, -0.16140033304691315, 0.008910960517823696, -0.03553634136915207, 1.000325083732605, -0.08796491473913193, -0.11127853393554688, 1.48681640625, 1.31103515625, 0.0355682373046875, 1.494873046875
47764, -0.9112065434455872, 0.9282989501953125, -0.9936760067939758, -18.586769104003906, 21.693195343017578, -12.048535346984863, -2.401200771331787, 2.6682794094085693, -0.4967881739139557, 0, 0, 0, 0, 0, 0, 9362.0, 30146.0, 35388.0, 9362.0, 8.390083312988281, 0.10029241442680359, 0.22974595427513123, -0.16140033304691315, 0.008081690408289433, -0.035330016165971756, 0.9981484413146973, -0.08796491473913193, -0.11127853393554688, 1.48681640625, 1.31103515625, 0.0355682373046875, 1.493408203125
47784, -0.9114953279495239, 0.9281836152076721, -0.9960966110229492, -18.634824752807617, 21.746593475341797, -12.0584716796875, -2.4043264389038086, 2.6714541912078857, -0.4969038665294647, 0, 0, 0, 0, 0, 0, 9362.0, 30146.0, 35388.0, 9362.0, 8.390083312988281, 0.055586617439985275, -0.24540433287620544, 0.048108454793691635, 0.010630556382238865, -0.03690529987215996, 0.9993168115615845, -0.08796491473913193, -0.11127853393554688, 1.48681640625, 1.31103515625, 0.0355682373046875, 1.49267578125
47814, -0.9118779897689819, 0.9317614436149597, -0.9920302033424377, -18.7070255279541, 21.82680892944336, -12.073382377624512, -2.409011125564575, 2.6762142181396484, -0.4970576763153076, 0, 0, 0, 0, 0, 0, 9362.0, 30146.0, 35388.0, 9362.0, 8.390083312988281, 0.14654560387134552, -0.21496662497520447, -0.0034674822818487883, 0.007206673733890057, -0.037553682923316956, 0.9970168471336365, -0.08796491473913193, -0.11127853393554688, 1.48681640625, 1.31103515625, 0.0355682373046875, 1.494873046875
47824, -0.9113812446594238, 0.9329406023025513, -0.9910238981246948, -18.731122970581055, 21.853578567504883, -12.078352928161621, -2.410574197769165, 2.677802562713623, -0.49708789587020874, 0, 0, 0, 0, 0, 0, 9362.0, 30146.0, 35388.0, 9362.0, 8.390083312988281, 0.14654560387134552, -0.21496662497520447, -0.0034674822818487883, 0.007896983064711094, -0.038671113550662994, 0.9972173571586609, -0.08796491473913193, -0.11127853393554688, 1.48681640625, 1.31103515625, 0.0355682373046875, 1.491943359375
47844, -0.9097811579704285, 0.9271638989448547, -0.9910383820533752, -18.77936553955078, 21.907167434692383, -12.088300704956055, -2.413703441619873, 2.6809699535369873, -0.4976610243320465, 0, 0, 0, 0, 0, 0, 9362.0, 30146.0, 35388.0, 9362.0, 8.390083312988281, -0.15674740076065063, -0.10353037714958191, 0.11190113425254822, 0.01110372506082058, -0.03580143675208092, 1.0004596710205078, -0.08796491473913193, -0.11127853393554688, 1.48681640625, 1.31103515625, 0.0355682373046875, 1.49560546875
47864, -0.9104012846946716, 0.9306364059448242, -0.9910104274749756, -18.82767105102539, 21.960817337036133, -12.09825611114502, -2.41682505607605, 2.6841394901275635, -0.4977898597717285, 0, 0, 0, 0, 0, 0, 9362.0, 30146.0, 35388.0, 9362.0, 8.390083312988281, -0.027247721329331398, 0.305261492729187, 0.01773809641599655, 0.009359331801533699, -0.037358853965997696, 0.9999878406524658, -0.08796491473913193, -0.11127853393554688, 1.48681640625, 1.31103515625, 0.0355682373046875, 1.491943359375
47874, -0.9094802737236023, 0.9291037321090698, -0.9906159043312073, -18.85184669494629, 21.987667083740234, -12.10323429107666, -2.4183897972106934, 2.6857268810272217, -0.4977641701698303, 0, 0, 0, 0, 0, 0, 9362.0, 30146.0, 35388.0, 9362.0, 8.370248794555664, 0.0734703540802002, -0.16432058811187744, 0.0872991755604744, 0.008570794016122818, -0.036944519728422165, 1.0003005266189575, -0.08796491473913193, -0.11127853393554688, 1.48681640625, 1.31103515625, 0.0355682373046875, 1.491943359375
47904, -0.9101648330688477, 0.9280253052711487, -0.9861061573028564, -18.924468994140625, 22.068309783935547, -12.118165969848633, -2.423084259033203, 2.6904795169830322, -0.497783899307251, 0, 0, 0, 0, 0, 0, 9362.0, 30146.0, 35388.0, 9362.0, 8.390083312988281, 0.012247190810739994, 0.04209001734852791, -0.03189465403556824, 0.008319253101944923, -0.03780941292643547, 0.9982514977455139, -0.08796491473913193, -0.11127853393554688, 1.48681640625, 1.28466796875, 0.07440185546875, 1.493408203125
47914, -0.9103702306747437, 0.9268401861190796, -0.9864176511764526, -18.948707580566406, 22.09522247314453, -12.123144149780273, -2.4246463775634766, 2.6920628547668457, -0.49776342511177063, 0, 0, 0, 0, 0, 0, 9362.0, 30146.0, 35388.0, 9362.0, 8.390083312988281, 0.20015506446361542, -0.11548297107219696, -0.12799225747585297, 0.01009778119623661, -0.036127619445323944, 0.9996288418769836, -0.08796491473913193, -0.11127853393554688, 1.48681640625, 1.3212890625, 0.026214599609375, 1.4912109375
47924, -0.9093603491783142, 0.926646888256073, -0.9869756102561951, -18.97296142578125, 22.122150421142578, -12.128122329711914, -2.426205635070801, 2.693645477294922, -0.49794846773147583, 0, 0, 0, 0, 0, 0, 9362.0, 30146.0, 35388.0, 9362.0, 8.390083312988281, 0.1025862991809845, 0.06183427572250366, 0.1862030029296875, 0.009998206980526447, -0.0376645065844059, 0.9985926151275635, -0.07622122764587402, -0.10231781005859375, 1.487548828125, 1.3154296875, 0.03118896484375, 1.4912109375
47934, -0.9092159271240234, 0.9258790612220764, -0.9853690266609192, -18.997230529785156, 22.14909553527832, -12.133102416992188, -2.427764415740967, 2.695230484008789, -0.4980238974094391, 0, 0, 0, 0, 0, 0, 9362.0, 30146.0, 35388.0, 9362.0, 8.390083312988281, -0.024903323501348495, 0.29633474349975586, 0.26741936802864075, 0.010192157700657845, -0.03684631735086441, 0.9987978339195251, -0.07622122764587402, -0.10231781005859375, 1.487548828125, 1.323486328125, 0.024688720703125, 1.493408203125
47944, -0.9091727137565613, 0.9231005311012268, -0.982471227645874, -19.021516799926758, 22.176055908203125, -12.138083457946777, -2.4293222427368164, 2.6968131065368652, -0.4981441795825958, 0, 0, 0, 0, 0, 0, 9362.0, 30146.0, 35388.0, 9362.0, 8.390083312988281, 0.2482902705669403, -0.48542484641075134, -0.31326013803482056, 0.009161555208265781, -0.03706837445497513, 1.0007190704345703, -0.07622122764587402, -0.10231781005859375, 1.487548828125, 1.323486328125, 0.024688720703125, 1.493408203125
47954, -0.9081447720527649, 0.9260073304176331, -0.9850741624832153, -19.045818328857422, 22.203031539916992, -12.143065452575684, -2.430877923965454, 2.6983935832977295, -0.49833357334136963, 0, 0, 0, 0, 0, 0, 9362.0, 30146.0, 35388.0, 9362.0, 8.390083312988281, 0.01845579780638218, -0.2830893099308014, -0.028735237196087837, 0.009161555208265781, -0.03706837445497513, 1.0007190704345703, -0.07916422933340073, -0.08439826965332031, 1.489013671875, 1.31396484375, 0.0325469970703125, 1.494140625
47964, -0.908522367477417, 0.9283856153488159, -0.9865543842315674, -19.07013511657715, 22.230024337768555, -12.148048400878906, -2.432431221008301, 2.6999776363372803, -0.49834880232810974, 0, 0, 0, 0, 0, 0, 9362.0, 30146.0, 35388.0, 9362.0, 8.390083312988281, -0.042006541043519974, -0.43834981322288513, -0.10256052762269974, 0.009543163701891899, -0.03720303624868393, 0.999241828918457, -0.07916422933340073, -0.08439826965332031, 1.489013671875, 1.311767578125, 0.0348052978515625, 1.49560546875
47974, -0.9083520174026489, 0.9301978349685669, -0.9876723289489746, -19.094467163085938, 22.25703239440918, -12.153031349182129, -2.433990955352783, 2.701561212539673, -0.49825403094291687, 0, 0, 0, 0, 0, 0, 9362.0, 30146.0, 35388.0, 9362.0, 8.390083312988281, -0.04860479384660721, 0.11763181537389755, 0.2767333686351776, 0.008272120729088783, -0.03836856409907341, 1.000771403312683, -0.07916422933340073, -0.08439826965332031, 1.489013671875, 1.311767578125, 0.0348052978515625, 1.49560546875
47984, -0.9087530970573425, 0.9293896555900574, -0.9865285754203796, -19.11881446838379, 22.284055709838867, -12.158014297485352, -2.4355528354644775, 2.70314359664917, -0.4982970654964447, 0, 0, 0, 0, 0, 0, 9362.0, 30146.0, 35388.0, 9362.0, 8.390083312988281, -0.04860479384660721, 0.11763181537389755, 0.2767333686351776, 0.008727509528398514, -0.036551814526319504, 0.9994744658470154, -0.07916422933340073, -0.08439826965332031, 1.489013671875, 1.311767578125, 0.0348052978515625, 1.49560546875
47994, -0.907860279083252, 0.9293079376220703, -0.989215075969696, -19.143177032470703, 22.311094284057617, -12.162997245788574, -2.4371187686920166, 2.704726219177246, -0.4983142912387848, 0, 0, 0, 0, 0, 0, 9362.0, 30146.0, 35388.0, 9362.0, 8.390083312988281, -0.04860479384660721, 0.11763181537389755, 0.2767333686351776, 0.008714759722352028, -0.03786120563745499, 0.9996253252029419, -0.07916422933340073, -0.08439826965332031, 1.489013671875, 1.311767578125, 0.0348052978515625, 1.493408203125
48004, -0.9082087278366089, 0.9299789667129517, -0.9901493191719055, -19.167556762695312, 22.338150024414062, -12.167980194091797, -2.4386820793151855, 2.7063090801239014, -0.49834662675857544, 0, 0, 0, 0, 0, 0, 9362.0, 30146.0, 35388.0, 9362.0, 8.390083312988281, -0.04860479384660721, 0.11763181537389755, 0.2767333686351776, 0.0052985502406954765, -0.038196250796318054, 0.99992436170578, -0.07916422933340073, -0.08439826965332031, 1.489013671875, 1.311767578125, 0.0348052978515625, 1.49560546875
48064, -0.9048165678977966, 0.9334352612495422, -0.9908781051635742, -19.314159393310547, 22.500812530517578, -12.197903633117676, -2.448075771331787, 2.7157797813415527, -0.49907737970352173, 0, 0, 0, 0, 0, 0, 9362.0, 30146.0, 35388.0, 9362.0, 8.390083312988281, -0.02810109220445156, -0.12459471076726913, 0.017472343519330025, 0.009225738234817982, -0.03570245951414108, 0.9997491836547852, -0.07916422933340073, -0.08439826965332031, 1.489013671875, 1.311767578125, 0.0348052978515625, 1.49560546875
48094, -0.9046217799186707, 0.9352335333824158, -0.9893320202827454, -19.387672424316406, 22.58235740661621, -12.21287727355957, -2.452791929244995, 2.720508337020874, -0.4992143213748932, 0, 0, 0, 0, 0, 0, 9362.0, 30146.0, 35388.0, 9362.0, 8.390083312988281, -0.10975099354982376, 0.042359400540590286, 0.0632324069738388, 0.008792582899332047, -0.03553847223520279, 1.0001764297485352, -0.07916422933340073, -0.08439826965332031, 1.489013671875, 1.3095703125, 0.037139892578125, 1.496337890625
48104, -0.9058053493499756, 0.9363724589347839, -0.9884841442108154, -19.412208557128906, 22.609569549560547, -12.217869758605957, -2.4543659687042236, 2.7220849990844727, -0.49921056628227234, 0, 0, 0, 0, 0, 0, 9362.0, 30146.0, 35388.0, 9362.0, 8.390083312988281, -0.10975099354982376, 0.042359400540590286, 0.0632324069738388, 0.009011970832943916, -0.03346335515379906, 1.0000170469284058, -0.07916422933340073, -0.08439826965332031, 1.489013671875, 1.3095703125, 0.037139892578125, 1.496337890625
48124, -0.9051468372344971, 0.9349554181098938, -0.9897371530532837, -19.461326599121094, 22.664043426513672, -12.22785472869873, -2.4575161933898926, 2.7252397537231445, -0.49926304817199707, 0, 0, 0, 0, 0, 0, 9362.0, 30146.0, 35388.0, 9362.0, 8.390083312988281, 0.10866767913103104, 0.03309382125735283, 0.1581605225801468, 0.009489325806498528, -0.03633398935198784, 1.0003716945648193, -0.07916422933340073, -0.08439826965332031, 1.489013671875, 1.3095703125, 0.037139892578125, 1.493408203125
48134, -0.9045350551605225, 0.934827983379364, -0.9907045960426331, -19.485910415649414, 22.691303253173828, -12.232848167419434, -2.4590892791748047, 2.726814031600952, -0.49941855669021606, 0, 0, 0, 0, 0, 0, 9362.0, 30146.0, 35388.0, 9362.0, 8.390083312988281, 0.10866767913103104, 0.03309382125735283, 0.1581605225801468, 0.009355754591524601, -0.03633716329932213, 0.9999656081199646, -0.07916422933340073, -0.08439826965332031, 1.489013671875, 1.3095703125, 0.037139892578125, 1.496337890625
48144, -0.9039742350578308, 0.9352332353591919, -0.9907909035682678, -19.510509490966797, 22.718578338623047, -12.237842559814453, -2.4606621265411377, 2.7283904552459717, -0.49947914481163025, 0, 0, 0, 0, 0, 0, 9362.0, 30146.0, 35388.0, 9362.0, 8.390083312988281, 0.10866767913103104, 0.03309382125735283, 0.1581605225801468, 0.009518650360405445, -0.03608201444149017, 0.9991730451583862, -0.07916422933340073, -0.08439826965332031, 1.489013671875, 1.3095703125, 0.037139892578125, 1.496337890625
48164, -0.9013153314590454, 0.9329867362976074, -0.989969789981842, -19.55975341796875, 22.773178100585938, -12.247833251953125, -2.4638092517852783, 2.7315409183502197, -0.4995839297771454, 0, 0, 0, 0, 0, 0, 9362.0, 30146.0, 35388.0, 9362.0, 8.390083312988281, -0.06564824283123016, -0.11325512081384659, 0.355407178401947, 0.010234247893095016, -0.03576422482728958, 0.9997697472572327, -0.07916422933340073, -0.08439826965332031, 1.489013671875, 1.3095703125, 0.037139892578125, 1.49267578125
48174, -0.9017196893692017, 0.9341633319854736, -0.9888373017311096, -19.584400177001953, 22.800500869750977, -12.252829551696777, -2.465376377105713, 2.7331111431121826, -0.4996858537197113, 0, 0, 0, 0, 0, 0, 9362.0, 30146.0, 35388.0, 9362.0, 8.390083312988281, -0.06564824283123016, -0.11325512081384659, 0.355407178401947, 0.012384103611111641, -0.037020664662122726, 1.0021967887878418, -0.07916422933340073, -0.08439826965332031, 1.489013671875, 1.3095703125, 0.037139892578125, 1.494873046875
48184, -0.9015116095542908, 0.9350680112838745, -0.9889242649078369, -19.60906219482422, 22.827838897705078, -12.25782585144043, -2.466949462890625, 2.734684467315674, -0.49951988458633423, 0, 0, 0, 0, 0, 0, 9362.0, 30146.0, 35388.0, 9362.0, 8.390083312988281, -0.06564824283123016, -0.11325512081384659, 0.355407178401947, 0.011289508081972599, -0.037714987993240356, 1.0012468099594116, -0.07916422933340073, -0.08439826965332031, 1.489013671875, 1.3095703125, 0.037139892578125, 1.4970703125
48194, -0.9009000658988953, 0.9363338351249695, -0.9903143048286438, -19.633739471435547, 22.855194091796875, -12.26282024383545, -2.4685261249542236, 2.736259937286377, -0.49930039048194885, 0, 0, 0, 0, 0, 0, 9362.0, 30146.0, 35388.0, 9362.0, 8.390083312988281, -0.06564824283123016, -0.11325512081384659, 0.355407178401947, 0.00966622494161129, -0.036776311695575714, 0.9985828399658203, -0.07916422933340073, -0.08439826965332031, 1.489013671875, 1.3095703125, 0.037139892578125, 1.5
48204, -0.9014862179756165, 0.9375851154327393, -0.9909624457359314, -19.658432006835938, 22.882564544677734, -12.267812728881836, -2.470102071762085, 2.737833023071289, -0.4991799294948578, 0, 0, 0, 0, 0, 0, 9362.0, 30146.0, 35388.0, 9362.0, 8.390083312988281, 0.06900710612535477, 0.0007564139668829739, -0.1613112837076187, 0.00966622494161129, -0.036776311695575714, 0.9985828399658203, -0.07916422933340073, -0.08439826965332031, 1.489013671875, 1.3095703125, 0.037139892578125, 1.4970703125
48214, -0.9016020894050598, 0.9376823902130127, -0.9915540814399719, -19.683141708374023, 22.909950256347656, -12.272805213928223, -2.4716765880584717, 2.739401340484619, -0.4993045926094055, 0, 0, 0, 0, 0, 0, 9362.0, 30146.0, 35388.0, 9362.0, 8.390083312988281, -0.03545452281832695, -0.03486603498458862, -0.12311773002147675, 0.00966622494161129, -0.036776311695575714, 0.9985828399658203, -0.07916422933340073, -0.08439826965332031, 1.489013671875, 1.3095703125, 0.037139892578125, 1.49560546875
48224, -0.9012521505355835, 0.9380354881286621, -0.9924830794334412, -19.707866668701172, 22.93735122680664, -12.277798652648926, -2.4732542037963867, 2.7409720420837402, -0.49934569001197815, 0, 0, 0, 0, 0, 0, 9362.0, 30146.0, 35388.0, 9362.0, 8.390083312988281, -0.03545452281832695, -0.03486603498458862, -0.12311773002147675, 0.01063353382050991, -0.036452945321798325, 1.001565933227539, -0.07916422933340073, -0.08439826965332031, 1.489013671875, 1.3095703125, 0.037139892578125, 1.49560546875
48234, -0.9014260172843933, 0.9410374760627747, -0.9942366480827332, -19.732606887817383, 22.96476936340332, -12.282791137695312, -2.4748361110687256, 2.742546558380127, -0.49916455149650574, 0, 0, 0, 0, 0, 0, 9362.0, 30146.0, 35388.0, 9362.0, 8.390083312988281, -0.03545452281832695, -0.03486603498458862, -0.12311773002147675, 0.010684601962566376, -0.03740404173731804, 0.99850994348526, -0.07916422933340073, -0.08439826965332031, 1.489013671875, 1.3095703125, 0.037139892578125, 1.49560546875
48264, -0.9028637409210205, 0.9394588470458984, -0.993080735206604, -19.83172607421875, 23.074596405029297, -12.302754402160645, -2.481160879135132, 2.7488315105438232, -0.49927541613578796, 0, 0, 0, 0, 0, 0, 9362.0, 30146.0, 35388.0, 9362.0, 8.390083312988281, -0.219769686460495, 0.04388726130127907, 0.15479163825511932, 0.007990812882781029, -0.03766833618283272, 0.998304545879364, -0.07916422933340073, -0.08439826965332031, 1.489013671875, 1.3095703125, 0.037139892578125, 1.49267578125
48274, -0.9036687612533569, 0.9418986439704895, -0.9915474653244019, -19.83172607421875, 23.074596405029297, -12.302754402160645, -2.481160879135132, 2.7488315105438232, -0.49927541613578796, 0, 0, 0, 0, 0, 0, 9362.0, 30146.0, 35388.0, 9362.0, 8.390083312988281, -0.219769686460495, 0.04388726130127907, 0.15479163825511932, 0.009141603484749794, -0.03793638199567795, 1.0005351305007935, -0.07916422933340073, -0.08439826965332031, 1.489013671875, 1.3095703125, 0.037139892578125, 1.49560546875
48324, -0.9025462865829468, 0.9411565661430359, -0.9921610355377197, -19.980880737304688, 23.239809036254883, -12.332728385925293, -2.4906580448150635, 2.7582662105560303, -0.49995097517967224, 0, 0, 0, 0, 0, 0, 9362.0, 30146.0, 35388.0, 9362.0, 8.390083312988281, 0.0992920994758606, -0.013179225847125053, 0.10794099420309067, 0.009054668247699738, -0.03715603053569794, 0.9984361529350281, -0.07789473980665207, -0.09335899353027344, 1.48828125, 1.3095703125, 0.037139892578125, 1.4912109375
48364, -0.9037888050079346, 0.9414605498313904, -0.9919030666351318, -20.08063316345215, 23.350265502929688, -12.352733612060547, -2.4970006942749023, 2.764557123184204, -0.500115692615509, 0, 0, 0, 0, 0, 0, 9362.0, 30146.0, 35388.0, 9362.0, 8.390083312988281, 0.0527079701423645, -0.11141924560070038, -0.009929846040904522, 0.009301808662712574, -0.03620583564043045, 0.9996302127838135, -0.07789473980665207, -0.09335899353027344, 1.48828125, 1.3095703125, 0.037139892578125, 1.493408203125
48374, -0.903844952583313, 0.9424878358840942, -0.991924524307251, -20.08063316345215, 23.350265502929688, -12.352733612060547, -2.4970006942749023, 2.764557123184204, -0.500115692615509, 0, 0, 0, 0, 0, 0, 9362.0, 30146.0, 35388.0, 9362.0, 8.390083312988281, 0.0527079701423645, -0.11141924560070038, -0.009929846040904522, 0.008984029293060303, -0.03764363378286362, 1.0000724792480469, -0.07789473980665207, -0.09335899353027344, 1.48828125, 1.3095703125, 0.037139892578125, 1.493408203125
48384, -0.9025218486785889, 0.9404228925704956, -0.9900680184364319, -20.130605697631836, 23.405588150024414, -12.362737655639648, -2.500171661376953, 2.767707347869873, -0.5001735091209412, 0, 0, 0, 0, 0, 0, 9362.0, 30146.0, 35388.0, 9362.0, 8.390083312988281, 0.0527079701423645, -0.11141924560070038, -0.009929846040904522, 0.007407469674944878, -0.03764700889587402, 0.9998114705085754, -0.07789473980665207, -0.09335899353027344, 1.48828125, 1.3095703125, 0.037139892578125, 1.4912109375
48394, -0.9016515016555786, 0.9394941926002502, -0.9888103604316711, -20.130605697631836, 23.405588150024414, -12.362737655639648, -2.500171661376953, 2.767707347869873, -0.5001735091209412, 0, 0, 0, 0, 0, 0, 9362.0, 30146.0, 35388.0, 9362.0, 8.390083312988281, 0.0527079701423645, -0.11141924560070038, -0.009929846040904522, 0.008588936179876328, -0.03796492516994476, 0.9997214078903198, -0.07789473980665207, -0.09335899353027344, 1.48828125, 1.3095703125, 0.037139892578125, 1.491943359375
48404, -0.9022119045257568, 0.9403898119926453, -0.9868124723434448, -20.180641174316406, 23.460973739624023, -12.372742652893066, -2.503335475921631, 2.770850419998169, -0.5002706050872803, 0, 0, 0, 0, 0, 0, 9362.0, 30146.0, 35388.0, 9362.0, 8.390083312988281, 0.0527079701423645, -0.11141924560070038, -0.009929846040904522, 0.00879359245300293, -0.03632964566349983, 1.0004481077194214, -0.07789473980665207, -0.09335899353027344, 1.48828125, 1.3095703125, 0.037139892578125, 1.49267578125
48414, -0.9025052785873413, 0.940845787525177, -0.9853308200836182, -20.180641174316406, 23.460973739624023, -12.372742652893066, -2.503335475921631, 2.770850419998169, -0.5002706050872803, 0, 0, 0, 0, 0, 0, 9362.0, 30146.0, 35388.0, 9362.0, 8.390083312988281, 0.0527079701423645, -0.11141924560070038, -0.009929846040904522, 0.00718709547072649, -0.037123903632164, 0.9987897276878357, -0.07789473980665207, -0.09335899353027344, 1.48828125, 1.3095703125, 0.037139892578125, 1.5
48434, -0.9008634686470032, 0.9434815049171448, -0.9855061769485474, -20.23073959350586, 23.516422271728516, -12.382749557495117, -2.5065009593963623, 2.773993492126465, -0.5004099607467651, 0, 0, 0, 0, 0, 0, 9362.0, 30146.0, 35388.0, 9362.0, 8.390083312988281, -0.027710694819688797, -0.015332016162574291, 0.20370234549045563, 0.00864210445433855, -0.03679458051919937, 0.9961280822753906, -0.07789473980665207, -0.09335899353027344, 1.48828125, 1.3095703125, 0.037139892578125, 1.496337890625
48444, -0.9004470705986023, 0.9449950456619263, -0.9849783182144165, -20.280900955200195, 23.57193374633789, -12.392765045166016, -2.509664535522461, 2.7771244049072266, -0.5012226104736328, 0, 0, 0, 0, 0, 0, 9362.0, 30146.0, 35388.0, 9362.0, 8.390083312988281, -0.21270884573459625, 0.08519861102104187, 0.12671414017677307, 0.008710753172636032, -0.03611490875482559, 0.99852454662323, -0.07789473980665207, -0.09335899353027344, 1.48828125, 1.3095703125, 0.037139892578125, 1.496337890625
48454, -0.9017600417137146, 0.944118082523346, -0.9850603938102722, -20.280900955200195, 23.57193374633789, -12.392765045166016, -2.509664535522461, 2.7771244049072266, -0.5012226104736328, 0, 0, 0, 0, 0, 0, 9362.0, 30146.0, 35388.0, 9362.0, 8.390083312988281, 0.024403952062129974, 0.42796435952186584, 0.13673372566699982, 0.008603565394878387, -0.037264663726091385, 0.9990385174751282, -0.07789473980665207, -0.09335899353027344, 1.48828125, 1.3095703125, 0.037139892578125, 1.5
48464, -0.9017030596733093, 0.9408223032951355, -0.984137237071991, -20.280900955200195, 23.57193374633789, -12.392765045166016, -2.509664535522461, 2.7771244049072266, -0.5012226104736328, 0, 0, 0, 0, 0, 0, 9362.0, 30146.0, 35388.0, 9362.0, 8.390083312988281, 0.024403952062129974, 0.42796435952186584, 0.13673372566699982, 0.007996352389454842, -0.03717430680990219, 0.9990566968917847, -0.07789473980665207, -0.09335899353027344, 1.48828125, 1.3095703125, 0.037139892578125, 1.48974609375
48474, -0.9019900560379028, 0.9441800117492676, -0.9847902655601501, -20.331125259399414, 23.627506256103516, -12.402793884277344, -2.5128402709960938, 2.7802605628967285, -0.5015426874160767, 0, 0, 0, 0, 0, 0, 9362.0, 30146.0, 35388.0, 9362.0, 8.390083312988281, 0.024403952062129974, 0.42796435952186584, 0.13673372566699982, 0.009502598084509373, -0.03499000892043114, 0.9964484572410583, -0.07789473980665207, -0.09335899353027344, 1.48828125, 1.3095703125, 0.037139892578125, 1.493408203125
48484, -0.9008328318595886, 0.943439781665802, -0.9847331047058105, -20.38141441345215, 23.683143615722656, -12.41282844543457, -2.516008138656616, 2.783398389816284, -0.501953125, 0, 0, 0, 0, 0, 0, 9362.0, 30146.0, 35388.0, 9362.0, 8.390083312988281, 0.024403952062129974, 0.42796435952186584, 0.13673372566699982, 0.01007947139441967, -0.03708966076374054, 0.9967499375343323, -0.07789473980665207, -0.09335899353027344, 1.48828125, 1.3095703125, 0.037139892578125, 1.493408203125
48494, -0.9011543989181519, 0.9445950388908386, -0.9828835725784302, -20.38141441345215, 23.683143615722656, -12.41282844543457, -2.516008138656616, 2.783398389816284, -0.501953125, 0, 0, 0, 0, 0, 0, 9362.0, 30146.0, 35388.0, 9362.0, 8.390083312988281, 0.024403952062129974, 0.42796435952186584, 0.13673372566699982, 0.008611631579697132, -0.03721709921956062, 0.9992349743843079, -0.07789473980665207, -0.09335899353027344, 1.48828125, 1.3095703125, 0.037139892578125, 1.490478515625
48504, -0.9029883146286011, 0.9414463043212891, -0.9836143255233765, -20.431766510009766, 23.738842010498047, -12.422873497009277, -2.5191781520843506, 2.786529779434204, -0.502515435218811, 0, 0, 0, 0, 0, 0, 9362.0, 30146.0, 35388.0, 9362.0, 8.390083312988281, 0.1667586863040924, -0.24388892948627472, -0.1369876116514206, 0.008611631579697132, -0.03721709921956062, 0.9992349743843079, -0.07789473980665207, -0.09335899353027344, 1.48828125, 1.3095703125, 0.037139892578125, 1.494140625
48514, -0.9021207690238953, 0.9444389939308167, -0.9845898747444153, -20.431766510009766, 23.738842010498047, -12.422873497009277, -2.5191781520843506, 2.786529779434204, -0.502515435218811, 0, 0, 0, 0, 0, 0, 9362.0, 30146.0, 35388.0, 9362.0, 8.390083312988281, 0.007335404399782419, -0.03201666101813316, -0.09108361601829529, 0.008611631579697132, -0.03721709921956062, 0.9992349743843079, -0.07789473980665207, -0.09335899353027344, 1.48828125, 1.3095703125, 0.037139892578125, 1.494140625
48534, -0.9022461771965027, 0.9448707103729248, -0.9842191338539124, -20.482181549072266, 23.794605255126953, -12.4329252243042, -2.5223495960235596, 2.7896721363067627, -0.5027897953987122, 0, 0, 0, 0, 0, 0, 9362.0, 30146.0, 35388.0, 9362.0, 8.390083312988281, -0.008884924463927746, -0.03282757103443146, 0.0012610062258318067, 0.009379423223435879, -0.036576591432094574, 0.999658465385437, -0.07789473980665207, -0.09335899353027344, 1.48828125, 1.3095703125, 0.037139892578125, 1.49267578125
48544, -0.9014648795127869, 0.9430320262908936, -0.983696699142456, -20.53266143798828, 23.85042953491211, -12.44298267364502, -2.525531053543091, 2.7928152084350586, -0.5029276609420776, 0, 0, 0, 0, 0, 0, 9362.0, 30146.0, 35388.0, 9362.0, 8.390083312988281, -0.008884924463927746, -0.03282757103443146, 0.0012610062258318067, 0.008426069281995296, -0.036318689584732056, 0.9995167851448059, -0.07789473980665207, -0.09335899353027344, 1.48828125, 1.3095703125, 0.037139892578125, 1.494873046875
48554, -0.9018601775169373, 0.9413564801216125, -0.9828532934188843, -20.53266143798828, 23.85042953491211, -12.44298267364502, -2.525531053543091, 2.7928152084350586, -0.5029276609420776, 0, 0, 0, 0, 0, 0, 9362.0, 30146.0, 35388.0, 9362.0, 8.390083312988281, -0.008884924463927746, -0.03282757103443146, 0.0012610062258318067, 0.009523650631308556, -0.03599564731121063, 0.9990848898887634, -0.07789473980665207, -0.09335899353027344, 1.48828125, 1.3095703125, 0.037139892578125, 1.500732421875
48564, -0.9008424878120422, 0.9430805444717407, -0.9849637150764465, -20.58320426940918, 23.90631866455078, -12.453042030334473, -2.5287017822265625, 2.7959563732147217, -0.5030679702758789, 0, 0, 0, 0, 0, 0, 9362.0, 30146.0, 35388.0, 9362.0, 8.390083312988281, -0.008884924463927746, -0.03282757103443146, 0.0012610062258318067, 0.010469872504472733, -0.03794816881418228, 0.9976409077644348, -0.07789473980665207, -0.09335899353027344, 1.48828125, 1.3095703125, 0.037139892578125, 1.49267578125
48574, -0.9019663333892822, 0.942236602306366, -0.9851584434509277, -20.58320426940918, 23.90631866455078, -12.453042030334473, -2.5287017822265625, 2.7959563732147217, -0.5030679702758789, 0, 0, 0, 0, 0, 0, 9362.0, 30146.0, 35388.0, 9362.0, 8.390083312988281, -0.15995657444000244, 0.16383132338523865, 0.024790506809949875, 0.00936767365783453, -0.03854747116565704, 0.9976539015769958, -0.07789473980665207, -0.09335899353027344, 1.48828125, 1.3095703125, 0.037139892578125, 1.49267578125
48594, -0.9023627042770386, 0.9412897825241089, -0.9852294325828552, -20.63381004333496, 23.962268829345703, -12.46310806274414, -2.5318684577941895, 2.799091100692749, -0.5035508275032043, 0, 0, 0, 0, 0, 0, 9362.0, 30146.0, 35388.0, 9362.0, 8.390083312988281, -0.002399326302111149, -0.013580321334302425, 0.08645500242710114, 0.011255474761128426, -0.03557521104812622, 0.9983132481575012, -0.07789473980665207, -0.09335899353027344, 1.48828125, 1.3095703125, 0.037139892578125, 1.494873046875
48634, -0.9007366895675659, 0.9484227299690247, -0.9880930781364441, -20.735210418701172, 24.074357986450195, -12.483264923095703, -2.538210391998291, 2.805371046066284, -0.5041869878768921, 0, 0, 0, 0, 0, 0, 9362.0, 30146.0, 35388.0, 9362.0, 8.390083312988281, -0.025615418329834938, -0.06298057734966278, 0.1365470588207245, 0.009591219015419483, -0.038001544773578644, 1.0003795623779297, -0.07789473980665207, -0.09335899353027344, 1.48828125, 1.3095703125, 0.037139892578125, 1.4912109375
48644, -0.9003817439079285, 0.9492180943489075, -0.9866862893104553, -20.786006927490234, 24.130496978759766, -12.4933500289917, -2.5414021015167236, 2.8085107803344727, -0.5042734146118164, 0, 0, 0, 0, 0, 0, 9362.0, 30146.0, 35388.0, 9362.0, 8.390083312988281, -0.025615418329834938, -0.06298057734966278, 0.1365470588207245, 0.007434553001075983, -0.03820082172751427, 1.0002012252807617, -0.07789473980665207, -0.09335899353027344, 1.48828125, 1.3095703125, 0.037139892578125, 1.49267578125
48654, -0.899780809879303, 0.9480975270271301, -0.9876985549926758, -20.786006927490234, 24.130496978759766, -12.4933500289917, -2.5414021015167236, 2.8085107803344727, -0.5042734146118164, 0, 0, 0, 0, 0, 0, 9362.0, 30146.0, 35388.0, 9362.0, 8.390083312988281, -0.17354834079742432, -0.11349669843912125, -0.25526028871536255, 0.007180285640060902, -0.03874355927109718, 0.9987472295761108, -0.07789473980665207, -0.09335899353027344, 1.48828125, 1.3095703125, 0.037139892578125, 1.49267578125
48664, -0.9004335999488831, 0.9511383771896362, -0.9891352653503418, -20.83686637878418, 24.18669891357422, -12.503436088562012, -2.544595718383789, 2.811647653579712, -0.504368007183075, 0, 0, 0, 0, 0, 0, 9362.0, 30146.0, 35388.0, 9362.0, 8.390083312988281, 0.13543297350406647, 0.12688548862934113, 0.13868577778339386, 0.008814802393317223, -0.03666374087333679, 0.9992193579673767, -0.07789473980665207, -0.09335899353027344, 1.48828125, 1.3095703125, 0.037139892578125, 1.49267578125
48674, -0.899292528629303, 0.95039302110672, -0.9888945817947388, -20.83686637878418, 24.18669891357422, -12.503436088562012, -2.544595718383789, 2.811647653579712, -0.504368007183075, 0, 0, 0, 0, 0, 0, 9362.0, 30146.0, 35388.0, 9362.0, 8.390083312988281, 0.13543297350406647, 0.12688548862934113, 0.13868577778339386, 0.008404969237744808, -0.03683997690677643, 1.0004003047943115, -0.07789473980665207, -0.09335899353027344, 1.48828125, 1.3095703125, 0.037139892578125, 1.494873046875
48684, -0.8980448842048645, 0.9510843753814697, -0.9906030893325806, -20.88779067993164, 24.242961883544922, -12.513525009155273, -2.547795057296753, 2.8147828578948975, -0.5045437812805176, 0, 0, 0, 0, 0, 0, 9362.0, 30146.0, 35388.0, 9362.0, 8.390083312988281, 0.06322220712900162, 0.40202704071998596, -0.05757581442594528, 0.007104077842086554, -0.036749787628650665, 0.9996699094772339, -0.07789473980665207, -0.09335899353027344, 1.48828125, 1.3095703125, 0.037139892578125, 1.494873046875
48694, -0.8983789086341858, 0.9493368864059448, -0.9922787547111511, -20.88779067993164, 24.242961883544922, -12.513525009155273, -2.547795057296753, 2.8147828578948975, -0.5045437812805176, 0, 0, 0, 0, 0, 0, 9362.0, 30146.0, 35388.0, 9362.0, 8.390083312988281, 0.1664743572473526, 0.17652498185634613, -0.03149845078587532, 0.009825612418353558, -0.036830488592386246, 0.9999005794525146, -0.07789473980665207, -0.09335899353027344, 1.48828125, 1.3095703125, 0.037139892578125, 1.494873046875
48704, -0.8973196744918823, 0.9473981857299805, -0.9922127723693848, -20.938777923583984, 24.29928970336914, -12.523615837097168, -2.5509939193725586, 2.8179140090942383, -0.5046151280403137, 0, 0, 0, 0, 0, 0, 9362.0, 30146.0, 35388.0, 9362.0, 8.390083312988281, -0.07904661446809769, -0.3668960630893707, -0.08834760636091232, 0.01046390738338232, -0.037692826241254807, 0.9995773434638977, -0.07789473980665207, -0.09335899353027344, 1.48828125, 1.2919921875, 0.0613250732421875, 1.49267578125
48714, -0.8969762325286865, 0.9488716125488281, -0.9928054213523865, -20.938777923583984, 24.29928970336914, -12.523615837097168, -2.5509939193725586, 2.8179140090942383, -0.5046151280403137, 0, 0, 0, 0, 0, 0, 9362.0, 30146.0, 35388.0, 9362.0, 8.390083312988281, -0.0910601019859314, -0.10419110208749771, -0.13637728989124298, 0.008847654797136784, -0.03747143596410751, 0.9979918003082275, -0.07789473980665207, -0.09335899353027344, 1.48828125, 1.2919921875, 0.0613250732421875, 1.49560546875
48754, -0.8978816866874695, 0.9497248530387878, -0.9948340654373169, -21.040945053100586, 24.41213035583496, -12.54380989074707, -2.5573761463165283, 2.8241608142852783, -0.5053143501281738, 0, 0, 0, 0, 0, 0, 9362.0, 30146.0, 35388.0, 9362.0, 8.390083312988281, -0.08729801326990128, 0.1730796843767166, 0.28651121258735657, 0.009853620082139969, -0.03919154033064842, 1.0004909038543701, -0.07789473980665207, -0.09335899353027344, 1.48828125, 1.2919921875, 0.0613250732421875, 1.48974609375
48764, -0.8973628878593445, 0.949761152267456, -0.9951950907707214, -21.092124938964844, 24.468645095825195, -12.553919792175293, -2.5605711936950684, 2.8272862434387207, -0.5055958032608032, 0, 0, 0, 0, 0, 0, 9362.0, 30146.0, 35388.0, 9362.0, 8.390083312988281, -0.08729801326990128, 0.1730796843767166, 0.28651121258735657, 0.011402600444853306, -0.03724510967731476, 1.0016872882843018, -0.07789473980665207, -0.09335899353027344, 1.48828125, 1.2919921875, 0.0613250732421875, 1.4912109375
48774, -0.8979312777519226, 0.9504058361053467, -0.9937857389450073, -21.092124938964844, 24.468645095825195, -12.553919792175293, -2.5605711936950684, 2.8272862434387207, -0.5055958032608032, 0, 0, 0, 0, 0, 0, 9362.0, 30146.0, 35388.0, 9362.0, 8.390083312988281, 0.11555512994527817, 0.3064490854740143, 0.13565336167812347, 0.008804690092802048, -0.036917731165885925, 0.9981128573417664, -0.07789473980665207, -0.09335899353027344, 1.48828125, 1.2919921875, 0.0613250732421875, 1.4912109375
48784, -0.8976958990097046, 0.9495447874069214, -0.9935084581375122, -21.143367767333984, 24.52522087097168, -12.564030647277832, -2.563770294189453, 2.830416440963745, -0.5056137442588806, 0, 0, 0, 0, 0, 0, 9362.0, 30146.0, 35388.0, 9362.0, 8.390083312988281, 0.11555512994527817, 0.3064490854740143, 0.13565336167812347, 0.006895954720675945, -0.035499073565006256, 0.9977492094039917, -0.07789473980665207, -0.09335899353027344, 1.48828125, 1.2919921875, 0.0613250732421875, 1.496337890625
48834, -0.895907461643219, 0.9524680972099304, -0.9970415234565735, -21.24604606628418, 24.63856315612793, -12.584271430969238, -2.5701494216918945, 2.836664915084839, -0.506364107131958, 0, 0, 0, 0, 0, 0, 9362.0, 30146.0, 35388.0, 9362.0, 8.390083312988281, 0.15270742774009705, -0.2137894183397293, 0.00686787161976099, 0.008687078021466732, -0.03715019300580025, 0.9994968771934509, -0.08514943718910217, -0.05751800537109375, 1.4912109375, 1.2919921875, 0.0613250732421875, 1.49267578125
48844, -0.8959857821464539, 0.9537376761436462, -0.9995198249816895, -21.297481536865234, 24.695327758789062, -12.594403266906738, -2.573349952697754, 2.839785099029541, -0.5067862272262573, 0, 0, 0, 0, 0, 0, 9362.0, 30146.0, 35388.0, 9362.0, 8.390083312988281, -0.19733846187591553, 0.05011747032403946, 0.2726661264896393, 0.008687078021466732, -0.03715019300580025, 0.9994968771934509, -0.08514943718910217, -0.05751800537109375, 1.4912109375, 1.2919921875, 0.0613250732421875, 1.49267578125
48854, -0.8958711624145508, 0.9543110132217407, -0.9987323880195618, -21.297481536865234, 24.695327758789062, -12.594403266906738, -2.573349952697754, 2.839785099029541, -0.5067862272262573, 0, 0, 0, 0, 0, 0, 9362.0, 30146.0, 35388.0, 9362.0, 8.390083312988281, -0.07769674062728882, -0.10263380408287048, -0.07676707953214645, 0.008687078021466732, -0.03715019300580025, 0.9994968771934509, -0.08514943718910217, -0.05751800537109375, 1.4912109375, 1.2919921875, 0.0613250732421875, 1.49267578125
48894, -0.8977798819541931, 0.9515190720558167, -1.0002179145812988, -21.400543212890625, 24.809043884277344, -12.614689826965332, -2.5797619819641113, 2.846026659011841, -0.5075058341026306, 0, 0, 0, 0, 0, 0, 9362.0, 30146.0, 35388.0, 9362.0, 8.390083312988281, -0.0029642547015100718, -0.05212080106139183, -0.33578911423683167, 0.0073814112693071365, -0.0356222540140152, 0.9997965097427368, -0.08514943718910217, -0.05751800537109375, 1.4912109375, 1.2919921875, 0.0613250732421875, 1.493408203125
48904, -0.8970091342926025, 0.9489384293556213, -1.0015243291854858, -21.452171325683594, 24.865995407104492, -12.624841690063477, -2.5829639434814453, 2.8491549491882324, -0.507654070854187, 0, 0, 0, 0, 0, 0, 9362.0, 30146.0, 35388.0, 9362.0, 8.390083312988281, -0.0029642547015100718, -0.05212080106139183, -0.33578911423683167, 0.0071833436377346516, -0.035102106630802155, 1.0003730058670044, -0.08514943718910217, -0.05751800537109375, 1.4912109375, 1.2919921875, 0.0613250732421875, 1.493408203125
48914, -0.8970906734466553, 0.9475225210189819, -0.9995611906051636, -21.452171325683594, 24.865995407104492, -12.624841690063477, -2.5829639434814453, 2.8491549491882324, -0.507654070854187, 0, 0, 0, 0, 0, 0, 9362.0, 30146.0, 35388.0, 9362.0, 8.390083312988281, 0.06885307282209396, -0.07532357424497604, -0.14971858263015747, 0.008270164020359516, -0.03563548997044563, 1.00046706199646, -0.08514943718910217, -0.05751800537109375, 1.4912109375, 1.2919921875, 0.0613250732421875, 1.493408203125
48924, -0.8968097567558289, 0.9481901526451111, -1.0006651878356934, -21.503862380981445, 24.923009872436523, -12.634994506835938, -2.5861568450927734, 2.8522841930389404, -0.5076540112495422, 0, 0, 0, 0, 0, 0, 9362.0, 30146.0, 35388.0, 9362.0, 8.390083312988281, 0.05212485045194626, -0.32982292771339417, 0.03672827035188675, 0.010194579139351845, -0.03932667896151543, 1.0007877349853516, -0.08514943718910217, -0.05751800537109375, 1.4912109375, 1.2919921875, 0.0613250732421875, 1.494140625
48964, -0.8979021906852722, 0.9513464570045471, -1.0035247802734375, -21.60743522644043, 25.0372257232666, -12.655305862426758, -2.5925486087799072, 2.858538866043091, -0.5081052780151367, 0, 0, 0, 0, 0, 0, 9362.0, 30146.0, 35388.0, 9362.0, 8.390083312988281, 0.07378564774990082, 0.010872687213122845, -0.11724048852920532, 0.009153654798865318, -0.03577494993805885, 0.9993788003921509, -0.08727407455444336, -0.04855918884277344, 1.491943359375, 1.286865234375, 0.070281982421875, 1.4912109375
48974, -0.8975141048431396, 0.9510089159011841, -1.003454566001892, -21.60743522644043, 25.0372257232666, -12.655305862426758, -2.5925486087799072, 2.858538866043091, -0.5081052780151367, 0, 0, 0, 0, 0, 0, 9362.0, 30146.0, 35388.0, 9362.0, 8.390083312988281, -0.16664236783981323, 0.15552838146686554, -0.12784519791603088, 0.008407213725149632, -0.03663402423262596, 0.9990290999412537, -0.08727407455444336, -0.04855918884277344, 1.491943359375, 1.286865234375, 0.070281982421875, 1.4912109375
48984, -0.8987196683883667, 0.9503491520881653, -1.002899169921875, -21.659318923950195, 25.09442710876465, -12.665471076965332, -2.59574818611145, 2.8616671562194824, -0.5083412528038025, 0, 0, 0, 0, 0, 0, 9362.0, 30146.0, 35388.0, 9362.0, 8.390083312988281, -0.16664236783981323, 0.15552838146686554, -0.12784519791603088, 0.008508000522851944, -0.036840155720710754, 1.0006158351898193, -0.08727407455444336, -0.04855918884277344, 1.491943359375, 1.286865234375, 0.070281982421875, 1.493408203125
48994, -0.8989543318748474, 0.9520365595817566, -1.0020405054092407, -21.659318923950195, 25.09442710876465, -12.665471076965332, -2.59574818611145, 2.8616671562194824, -0.5083412528038025, 0, 0, 0, 0, 0, 0, 9362.0, 30146.0, 35388.0, 9362.0, 8.390083312988281, 0.07835642993450165, -0.1597204953432083, -0.11879033595323563, 0.008508000522851944, -0.036840155720710754, 1.0006158351898193, -0.08727407455444336, -0.04855918884277344, 1.491943359375, 1.286865234375, 0.070281982421875, 1.493408203125
49024, -0.8992961645126343, 0.9527497291564941, -1.002038598060608, -21.763277053833008, 25.20901870727539, -12.685806274414062, -2.602159261703491, 2.8679356575012207, -0.5084987878799438, 0, 0, 0, 0, 0, 0, 9362.0, 30146.0, 35388.0, 9362.0, 8.390083312988281, -0.11350969225168228, -0.08876197040081024, 0.05507297441363335, 0.006702092941850424, -0.03423556685447693, 0.9989242553710938, -0.08727407455444336, -0.04855918884277344, 1.491943359375, 1.286865234375, 0.070281982421875, 1.494140625
49054, -0.900621771812439, 0.9528617262840271, -1.0030701160430908, -21.815351486206055, 25.266408920288086, -12.695979118347168, -2.605361223220825, 2.871070623397827, -0.5087782144546509, 0, 0, 0, 0, 0, 0, 9362.0, 30146.0, 35388.0, 9362.0, 8.390083312988281, 0.08664367347955704, 0.0325000174343586, -0.12463132292032242, 0.007793832570314407, -0.04066267982125282, 0.9999586343765259, -0.08727407455444336, -0.04855918884277344, 1.491943359375, 1.286865234375, 0.070281982421875, 1.48974609375
49074, -0.9003967046737671, 0.9554432034492493, -1.0030133724212646, -21.867490768432617, 25.323862075805664, -12.706158638000488, -2.608565092086792, 2.8742077350616455, -0.5090744495391846, 0, 0, 0, 0, 0, 0, 9362.0, 30146.0, 35388.0, 9362.0, 8.370248794555664, 0.23379409313201904, -0.09788727760314941, -0.18950125575065613, 0.007437914609909058, -0.03683963045477867, 1.0008689165115356, -0.08727407455444336, -0.04855918884277344, 1.491943359375, 1.286865234375, 0.070281982421875, 1.48974609375
49104, -0.902733325958252, 0.9563037753105164, -1.0012547969818115, -21.971961975097656, 25.438955307006836, -12.726519584655762, -2.6150009632110596, 2.8804948329925537, -0.5089332461357117, 0, 0, 0, 0, 0, 0, 9362.0, 30146.0, 35388.0, 9362.0, 8.390083312988281, -0.17256532609462738, -0.11691481620073318, -0.043187838047742844, 0.008859876543283463, -0.03802706301212311, 1.0016230344772339, -0.08727407455444336, -0.04855918884277344, 1.491943359375, 1.286865234375, 0.070281982421875, 1.494140625
49144, -0.9011954665184021, 0.9591265916824341, -1.0028446912765503, -22.024293899536133, 25.49659538269043, -12.736696243286133, -2.6182262897491455, 2.8836464881896973, -0.5087831616401672, 0, 0, 0, 0, 0, 0, 9362.0, 30146.0, 35388.0, 9362.0, 8.390083312988281, -0.26795080304145813, -0.4964554011821747, -0.16495200991630554, 0.008890081197023392, -0.03702740743756294, 0.9982786774635315, -0.09646962583065033, -0.030637741088867188, 1.493408203125, 1.286865234375, 0.070281982421875, 1.494873046875
49154, -0.9025742411613464, 0.9618312120437622, -1.0040628910064697, -22.076690673828125, 25.55430030822754, -12.746871948242188, -2.6214511394500732, 2.886796236038208, -0.508789598941803, 0, 0, 0, 0, 0, 0, 9362.0, 30146.0, 35388.0, 9362.0, 8.390083312988281, -0.26795080304145813, -0.4964554011821747, -0.16495200991630554, 0.011195111088454723, -0.03777885437011719, 0.9987506866455078, -0.09646962583065033, -0.030637741088867188, 1.493408203125, 1.286865234375, 0.070281982421875, 1.496337890625
49164, -0.9022946357727051, 0.960291862487793, -1.002333164215088, -22.10553550720215, 25.5860652923584, -12.752470016479492, -2.623224973678589, 2.8885226249694824, -0.508963406085968, 0, 0, 0, 0, 0, 0, 9362.0, 30146.0, 35388.0, 9362.0, 8.390083312988281, -0.26795080304145813, -0.4964554011821747, -0.16495200991630554, 0.009448034688830376, -0.0364428348839283, 0.9977149367332458, -0.09646962583065033, -0.030637741088867188, 1.493408203125, 1.286865234375, 0.070281982421875, 1.49267578125
49184, -0.9010361433029175, 0.9580326676368713, -1.0058916807174683, -22.158031463623047, 25.64386749267578, -12.762653350830078, -2.6264548301696777, 2.8916640281677246, -0.5093443393707275, 0, 0, 0, 0, 0, 0, 9362.0, 30146.0, 35388.0, 9362.0, 8.390083312988281, -0.11850874871015549, 0.10051527619361877, -0.004715972114354372, 0.008824736811220646, -0.03765250742435455, 1.00043523311615, -0.09646962583065033, -0.030637741088867188, 1.493408203125, 1.316162109375, 0.030517578125, 1.4970703125
49204, -0.9013539552688599, 0.9592969417572021, -1.0039169788360596, -22.21059226989746, 25.701732635498047, -12.77284049987793, -2.629683017730713, 2.8948073387145996, -0.5093748569488525, 0, 0, 0, 0, 0, 0, 9362.0, 30146.0, 35388.0, 9362.0, 8.390083312988281, -0.0389004647731781, -0.4552817940711975, -0.048835307359695435, 0.008997118100523949, -0.039881687611341476, 1.0005953311920166, -0.09646962583065033, -0.030637741088867188, 1.493408203125, 1.316162109375, 0.030517578125, 1.4912109375
49214, -0.9007664918899536, 0.9627304673194885, -1.0044947862625122, -22.236896514892578, 25.730688095092773, -12.777934074401855, -2.631298065185547, 2.896379232406616, -0.5093620419502258, 0, 0, 0, 0, 0, 0, 9362.0, 30146.0, 35388.0, 9362.0, 8.390083312988281, -0.0389004647731781, -0.4552817940711975, -0.048835307359695435, 0.009307481348514557, -0.03867935761809349, 1.000347375869751, -0.09646962583065033, -0.030637741088867188, 1.493408203125, 1.316162109375, 0.030517578125, 1.4970703125
49234, -0.9001272320747375, 0.9624723196029663, -1.0065970420837402, -22.289554595947266, 25.788646697998047, -12.788121223449707, -2.6345345973968506, 2.8995230197906494, -0.5093550682067871, 0, 0, 0, 0, 0, 0, 9362.0, 30146.0, 35388.0, 9362.0, 8.390083312988281, 0.0064394474029541016, -0.326587051153183, -0.15456147491931915, 0.008503100834786892, -0.03743224963545799, 0.9981746673583984, -0.09646962583065033, -0.030637741088867188, 1.493408203125, 1.3154296875, 0.03118896484375, 1.4970703125
49254, -0.898890495300293, 0.9653154015541077, -1.00889253616333, -22.34227752685547, 25.846668243408203, -12.798311233520508, -2.637775421142578, 2.9026601314544678, -0.5095608234405518, 0, 0, 0, 0, 0, 0, 9362.0, 30146.0, 35388.0, 9362.0, 8.390083312988281, -0.06727170199155807, -0.21433241665363312, -0.08700817078351974, 0.008414431475102901, -0.037646494805812836, 1.0009069442749023, -0.09646962583065033, -0.030637741088867188, 1.493408203125, 1.3154296875, 0.03118896484375, 1.49560546875
49274, -0.8980570435523987, 0.9688578248023987, -1.0120865106582642, -22.395065307617188, 25.904752731323242, -12.808502197265625, -2.6410253047943115, 2.9057984352111816, -0.5095148682594299, 0, 0, 0, 0, 0, 0, 9362.0, 30146.0, 35388.0, 9362.0, 8.390083312988281, -0.281465619802475, -0.2275724858045578, -0.1382308304309845, 0.008969930000603199, -0.03693419322371483, 0.9985901713371277, -0.09646962583065033, -0.030637741088867188, 1.493408203125, 1.3154296875, 0.03118896484375, 1.49560546875
49284, -0.8968875408172607, 0.968425452709198, -1.0115433931350708, -22.421483993530273, 25.933818817138672, -12.813597679138184, -2.642653226852417, 2.9073636531829834, -0.5096219182014465, 0, 0, 0, 0, 0, 0, 9362.0, 30146.0, 35388.0, 9362.0, 8.390083312988281, -0.281465619802475, -0.2275724858045578, -0.1382308304309845, 0.00839137937873602, -0.03781837224960327, 0.9978445172309875, -0.09646962583065033, -0.030637741088867188, 1.493408203125, 1.3154296875, 0.03118896484375, 1.49560546875
49314, -0.8934761881828308, 0.9674317836761475, -1.0133124589920044, -22.500835418701172, 26.021108627319336, -12.828895568847656, -2.6475369930267334, 2.912047863006592, -0.5102220177650452, 0, 0, 0, 0, 0, 0, 9362.0, 30146.0, 35388.0, 9362.0, 8.390083312988281, 0.03628944978117943, 0.04232792556285858, -0.007186974864453077, 0.010044503025710583, -0.03794963285326958, 1.0000486373901367, -0.09646962583065033, -0.030637741088867188, 1.493408203125, 1.3154296875, 0.03118896484375, 1.49267578125
49334, -0.8920732736587524, 0.9665964841842651, -1.013637661933899, -22.55381965637207, 26.079381942749023, -12.839102745056152, -2.6507956981658936, 2.915165901184082, -0.5103746652603149, 0, 0, 0, 0, 0, 0, 9362.0, 30146.0, 35388.0, 9362.0, 8.390083312988281, 0.2714002728462219, 0.1634608656167984, 0.20113742351531982, 0.007837832905352116, -0.037395916879177094, 0.9990662336349487, -0.09646962583065033, -0.030637741088867188, 1.493408203125, 1.3154296875, 0.03118896484375, 1.49267578125
49344, -0.891308605670929, 0.9657988548278809, -1.014591932296753, -22.58033561706543, 26.10854148864746, -12.844206809997559, -2.6524240970611572, 2.9167230129241943, -0.5104784369468689, 0, 0, 0, 0, 0, 0, 9362.0, 30146.0, 35388.0, 9362.0, 8.390083312988281, 0.2714002728462219, 0.1634608656167984, 0.20113742351531982, 0.008154017850756645, -0.03713091462850571, 0.9997925758361816, -0.09646962583065033, -0.030637741088867188, 1.493408203125, 1.3154296875, 0.03118896484375, 1.494873046875
49354, -0.8904850482940674, 0.966312825679779, -1.0131100416183472, -22.606868743896484, 26.13771629333496, -12.849311828613281, -2.6540496349334717, 2.9182777404785156, -0.5105965733528137, 0, 0, 0, 0, 0, 0, 9362.0, 30146.0, 35388.0, 9362.0, 8.390083312988281, 0.2714002728462219, 0.1634608656167984, 0.20113742351531982, 0.010268800891935825, -0.03466975688934326, 1.0003682374954224, -0.09646962583065033, -0.030637741088867188, 1.493408203125, 1.3154296875, 0.03118896484375, 1.494873046875
49364, -0.8904545903205872, 0.9624478816986084, -1.0137470960617065, -22.6334171295166, 26.166906356811523, -12.85441780090332, -2.655675172805786, 2.919832229614258, -0.5106724500656128, 0, 0, 0, 0, 0, 0, 9362.0, 30146.0, 35388.0, 9362.0, 8.390083312988281, 0.2714002728462219, 0.1634608656167984, 0.20113742351531982, 0.009327373467385769, -0.037335071712732315, 0.9993957877159119, -0.09646962583065033, -0.030637741088867188, 1.493408203125, 1.3154296875, 0.03118896484375, 1.490478515625
49424, -0.8892652988433838, 0.9669123888015747, -1.0177042484283447, -22.79305076599121, 26.342376708984375, -12.885075569152832, -2.665405035018921, 2.9291412830352783, -0.5113791227340698, 0, 0, 0, 0, 0, 0, 9362.0, 30146.0, 35388.0, 9362.0, 8.390083312988281, 0.18568339943885803, -0.2048734873533249, -0.015591082163155079, 0.008679751306772232, -0.03707746043801308, 1.0015310049057007, -0.09646962583065033, -0.030637741088867188, 1.493408203125, 1.31396484375, 0.0325469970703125, 1.49267578125
49464, -0.8899440765380859, 0.9691376090049744, -1.0181058645248413, -22.899797439575195, 26.459665298461914, -12.90553092956543, -2.6719202995300293, 2.9353463649749756, -0.5115785598754883, 0, 0, 0, 0, 0, 0, 9362.0, 30146.0, 35388.0, 9362.0, 8.390083312988281, 0.22081352770328522, -0.17207597196102142, -0.2385648787021637, 0.00866751465946436, -0.03853423520922661, 0.9984474778175354, -0.09646962583065033, -0.030637741088867188, 1.493408203125, 1.308837890625, 0.0379486083984375, 1.49560546875
49494, -0.8878357410430908, 0.9672085046768188, -1.0191082954406738, -22.98002815246582, 26.54779624938965, -12.920881271362305, -2.676811933517456, 2.94000244140625, -0.5118559002876282, 0, 0, 0, 0, 0, 0, 9362.0, 30146.0, 35388.0, 9362.0, 8.390083312988281, 0.09549044072628021, -0.012454306706786156, 0.05392419546842575, 0.008093788288533688, -0.03964215889573097, 1.001402497291565, -0.09646962583065033, -0.030637741088867188, 1.493408203125, 1.308837890625, 0.0379486083984375, 1.493408203125
49514, -0.8875635266304016, 0.9629884362220764, -1.019120216369629, -23.03359603881836, 26.606626510620117, -12.931119918823242, -2.6800718307495117, 2.9431018829345703, -0.5118710994720459, 0, 0, 0, 0, 0, 0, 9362.0, 30146.0, 35388.0, 9362.0, 8.390083312988281, 0.08383249491453171, 0.1665499359369278, 0.16213452816009521, 0.007452697027474642, -0.037264060229063034, 0.9995875954627991, -0.09646962583065033, -0.030637741088867188, 1.493408203125, 1.31982421875, 0.0273590087890625, 1.493408203125
49534, -0.8875241279602051, 0.9629588723182678, -1.017530083656311, -23.087230682373047, 26.66551971435547, -12.941359519958496, -2.6833155155181885, 2.946197509765625, -0.5120474696159363, 0, 0, 0, 0, 0, 0, 9362.0, 30146.0, 35388.0, 9362.0, 8.390083312988281, -0.01334125455468893, 0.34989258646965027, 0.28908711671829224, 0.007452697027474642, -0.037264060229063034, 0.9995875954627991, -0.09646962583065033, -0.030637741088867188, 1.493408203125, 1.31982421875, 0.0273590087890625, 1.494873046875
49544, -0.8866102695465088, 0.9600788950920105, -1.017917275428772, -23.114072799682617, 26.694990158081055, -12.946479797363281, -2.684941053390503, 2.9477474689483643, -0.5119744539260864, 0, 0, 0, 0, 0, 0, 9362.0, 30146.0, 35388.0, 9362.0, 8.390083312988281, -0.01334125455468893, 0.34989258646965027, 0.28908711671829224, 0.009387267753481865, -0.03657516464591026, 0.9999236464500427, -0.09646962583065033, -0.030637741088867188, 1.493408203125, 1.31982421875, 0.0273590087890625, 1.494873046875
49554, -0.8859667181968689, 0.9597415328025818, -1.0184520483016968, -23.14093017578125, 26.724475860595703, -12.95159912109375, -2.686563014984131, 2.949296712875366, -0.5119668245315552, 0, 0, 0, 0, 0, 0, 9362.0, 30146.0, 35388.0, 9362.0, 8.390083312988281, -0.01334125455468893, 0.34989258646965027, 0.28908711671829224, 0.010799727402627468, -0.03676679730415344, 0.9992914795875549, -0.09646962583065033, -0.030637741088867188, 1.493408203125, 1.31982421875, 0.0273590087890625, 1.493408203125
49604, -0.884626567363739, 0.9591634273529053, -1.021549105644226, -23.27545928955078, 26.872133255004883, -12.977205276489258, -2.6946263313293457, 2.9570250511169434, -0.5122674107551575, 0, 0, 0, 0, 0, 0, 9362.0, 30146.0, 35388.0, 9362.0, 8.390083312988281, -0.023216595873236656, 0.04011194035410881, -0.08480614423751831, 0.009985511191189289, -0.03969326987862587, 1.0006061792373657, -0.09646962583065033, -0.030637741088867188, 1.493408203125, 1.31982421875, 0.0273590087890625, 1.493408203125
49614, -0.8836089372634888, 0.9598221182823181, -1.0226463079452515, -23.302413940429688, 26.901710510253906, -12.982327461242676, -2.6962406635284424, 2.958568811416626, -0.5122401714324951, 0, 0, 0, 0, 0, 0, 9362.0, 30146.0, 35388.0, 9362.0, 8.390083312988281, -0.023216595873236656, 0.04011194035410881, -0.08480614423751831, 0.009779389947652817, -0.03862949460744858, 0.9975755214691162, -0.09646962583065033, -0.030637741088867188, 1.493408203125, 1.31982421875, 0.0273590087890625, 1.489013671875
49644, -0.8849432468414307, 0.9614428877830505, -1.023352026939392, -23.383373260498047, 26.990537643432617, -12.997698783874512, -2.701077938079834, 2.9631893634796143, -0.512762188911438, 0, 0, 0, 0, 0, 0, 9362.0, 30146.0, 35388.0, 9362.0, 8.390083312988281, -0.15840408205986023, -0.48694083094596863, -0.26016417145729065, 0.00811157189309597, -0.03959859162569046, 1.0004069805145264, -0.09646962583065033, -0.030637741088867188, 1.493408203125, 1.31982421875, 0.0273590087890625, 1.491943359375
49654, -0.8838514089584351, 0.9609984755516052, -1.0231552124023438, -23.41039276123047, 27.020177841186523, -13.002827644348145, -2.702688217163086, 2.9647281169891357, -0.5129857063293457, 0, 0, 0, 0, 0, 0, 9362.0, 30146.0, 35388.0, 9362.0, 8.390083312988281, -0.021345166489481926, 0.1256008744239807, 0.33918440341949463, 0.009080208837985992, -0.03933124244213104, 0.9998183250427246, -0.09646962583065033, -0.030637741088867188, 1.493408203125, 1.31982421875, 0.0273590087890625, 1.491943359375
49664, -0.8843600749969482, 0.9609313607215881, -1.0215297937393188, -23.437427520751953, 27.049833297729492, -13.007957458496094, -2.704306125640869, 2.96627140045166, -0.513059139251709, 0, 0, 0, 0, 0, 0, 9362.0, 30146.0, 35388.0, 9362.0, 8.390083312988281, -0.017324356362223625, -0.11284547299146652, 0.14055728912353516, 0.006960156839340925, -0.04075305536389351, 0.9994770884513855, -0.09646962583065033, -0.030637741088867188, 1.493408203125, 1.31982421875, 0.0273590087890625, 1.491943359375
49674, -0.8835724592208862, 0.9618552327156067, -1.0213658809661865, -23.464479446411133, 27.079504013061523, -13.01308822631836, -2.7059240341186523, 2.967813730239868, -0.5130965113639832, 0, 0, 0, 0, 0, 0, 9362.0, 30146.0, 35388.0, 9362.0, 8.390083312988281, 0.04081781953573227, -0.13608211278915405, 0.07544347643852234, 0.006812332663685083, -0.040071405470371246, 0.9985148310661316, -0.09646962583065033, -0.030637741088867188, 1.493408203125, 1.31982421875, 0.0273590087890625, 1.49267578125
49684, -0.8829554319381714, 0.9621533155441284, -1.0207293033599854, -23.491546630859375, 27.109189987182617, -13.018219947814941, -2.707540512084961, 2.969356060028076, -0.5131664872169495, 0, 0, 0, 0, 0, 0, 9362.0, 30146.0, 35388.0, 9362.0, 8.390083312988281, -0.13893556594848633, -0.09358032792806625, -0.22783736884593964, 0.009921775199472904, -0.03699534758925438, 0.997559130191803, -0.09646962583065033, -0.030637741088867188, 1.493408203125, 1.31982421875, 0.0273590087890625, 1.49267578125
49694, -0.883019745349884, 0.9617406129837036, -1.0220736265182495, -23.518630981445312, 27.138891220092773, -13.02335262298584, -2.709158182144165, 2.9708962440490723, -0.5133286714553833, 0, 0, 0, 0, 0, 0, 9362.0, 30146.0, 35388.0, 9362.0, 8.390083312988281, 0.045101627707481384, -0.1016816794872284, -0.28187286853790283, 0.00916893221437931, -0.03687082603573799, 0.9992313981056213, -0.09646962583065033, -0.030637741088867188, 1.493408203125, 1.31982421875, 0.0273590087890625, 1.4970703125
49704, -0.882056713104248, 0.9627454280853271, -1.0235623121261597, -23.545730590820312, 27.168607711791992, -13.028487205505371, -2.7107744216918945, 2.972433090209961, -0.5135681629180908, 0, 0, 0, 0, 0, 0, 9362.0, 30146.0, 35388.0, 9362.0, 8.390083312988281, -0.06635956466197968, -0.34584909677505493, -0.19227099418640137, 0.009752918966114521, -0.03826943039894104, 1.0000039339065552, -0.09646962583065033, -0.030637741088867188, 1.493408203125, 1.31982421875, 0.0273590087890625, 1.4970703125
49714, -0.8827192187309265, 0.964768648147583, -1.0241258144378662, -23.572847366333008, 27.198339462280273, -13.033623695373535, -2.7123911380767822, 2.9739720821380615, -0.5137336850166321, 0, 0, 0, 0, 0, 0, 9362.0, 30146.0, 35388.0, 9362.0, 8.390083312988281, 0.1682799607515335, -0.36115431785583496, 0.012134422548115253, 0.007545690983533859, -0.04196964204311371, 0.9980888366699219, -0.09646962583065033, -0.030637741088867188, 1.493408203125, 1.31982421875, 0.0273590087890625, 1.49267578125
49724, -0.8822218179702759, 0.9664392471313477, -1.0242537260055542, -23.599979400634766, 27.228086471557617, -13.038761138916016, -2.7140114307403564, 2.975511312484741, -0.5137672424316406, 0, 0, 0, 0, 0, 0, 9362.0, 30146.0, 35388.0, 9362.0, 8.390083312988281, 0.08468611538410187, -0.045744676142930984, 0.1158410981297493, 0.007451010402292013, -0.038958415389060974, 0.9965625405311584, -0.09646962583065033, -0.030637741088867188, 1.493408203125, 1.31982421875, 0.0273590087890625, 1.49267578125
49734, -0.8827037215232849, 0.9673922061920166, -1.0242608785629272, -23.627126693725586, 27.257848739624023, -13.043899536132812, -2.715634346008301, 2.9770500659942627, -0.5138784050941467, 0, 0, 0, 0, 0, 0, 9362.0, 30146.0, 35388.0, 9362.0, 8.390083312988281, 0.08468611538410187, -0.045744676142930984, 0.1158410981297493, 0.009529936127364635, -0.03795669600367546, 0.997103214263916, -0.09646962583065033, -0.030637741088867188, 1.493408203125, 1.31982421875, 0.0273590087890625, 1.49267578125
49764, -0.882603108882904, 0.9641878604888916, -1.0278847217559814, -23.708669662475586, 27.347227096557617, -13.059330940246582, -2.720501661300659, 2.981656074523926, -0.514880895614624, 0, 0, 0, 0, 0, 0, 9362.0, 30146.0, 35388.0, 9362.0, 8.390083312988281, 0.1253999024629593, -0.15779919922351837, -0.1760701835155487, 0.00710216723382473, -0.03662405163049698, 0.9990113973617554, -0.09646962583065033, -0.030637741088867188, 1.493408203125, 1.31982421875, 0.0273590087890625, 1.4912109375
49784, -0.8812867999076843, 0.9660828113555908, -1.0298117399215698, -23.763113021850586, 27.406890869140625, -13.069634437561035, -2.7237401008605957, 2.984731435775757, -0.5153701901435852, 0, 0, 0, 0, 0, 0, 9362.0, 30146.0, 35388.0, 9362.0, 8.390083312988281, 0.23332267999649048, -0.08455043286085129, -0.20829211175441742, 0.009379304014146328, -0.039071787148714066, 0.9986191391944885, -0.09646962583065033, -0.030637741088867188, 1.493408203125, 1.31982421875, 0.0273590087890625, 1.4912109375
49824, -0.8804982900619507, 0.9684112668037415, -1.0317468643188477, -23.8721923828125, 27.526405334472656, -13.09026050567627, -2.730236768722534, 2.9908788204193115, -0.515923798084259, 0, 0, 0, 0, 0, 0, 9362.0, 30146.0, 35388.0, 9362.0, 8.390083312988281, 0.07800214737653732, -0.2954327464103699, 0.08275144547224045, 0.009008904919028282, -0.03677798807621002, 0.998964250087738, -0.09646962583065033, -0.030637741088867188, 1.493408203125, 1.308837890625, 0.0379486083984375, 1.4912109375
49834, -0.879510223865509, 0.9690858721733093, -1.0319693088531494, -23.899503707885742, 27.55632209777832, -13.095419883728027, -2.7318663597106934, 2.9924139976501465, -0.51603764295578, 0, 0, 0, 0, 0, 0, 9362.0, 30146.0, 35388.0, 9362.0, 8.390083312988281, -0.15326856076717377, 0.05432949587702751, -0.16173043847084045, 0.009008904919028282, -0.03677798807621002, 0.998964250087738, -0.09646962583065033, -0.030637741088867188, 1.493408203125, 1.308837890625, 0.0379486083984375, 1.4912109375
49884, -0.878279447555542, 0.9707601070404053, -1.031113862991333, -24.036300659179688, 27.706134796142578, -13.121234893798828, -2.7400262355804443, 3.0000903606414795, -0.5163407325744629, 0, 0, 0, 0, 0, 0, 9362.0, 30146.0, 35388.0, 9362.0, 8.390083312988281, -0.029175706207752228, 0.005948428530246019, 0.04112866148352623, 0.008143000304698944, -0.03641236573457718, 1.001134991645813, -0.09646962583065033, -0.030637741088867188, 1.493408203125, 1.314697265625, 0.0319061279296875, 1.491943359375
49914, -0.8758758306503296, 0.9711057543754578, -1.0325602293014526, -24.118576049804688, 27.796205520629883, -13.136719703674316, -2.744933605194092, 3.0046932697296143, -0.5160998702049255, 0, 0, 0, 0, 0, 0, 9362.0, 30146.0, 35388.0, 9362.0, 8.390083312988281, 0.3232610523700714, -0.10938537865877151, -0.2835560441017151, 0.01066617015749216, -0.03778306394815445, 0.9986169934272766, -0.09646962583065033, -0.030637741088867188, 1.493408203125, 1.314697265625, 0.0319061279296875, 1.491943359375
49924, -0.8763411045074463, 0.9720155000686646, -1.032839059829712, -24.146034240722656, 27.82625961303711, -13.141880989074707, -2.746565341949463, 3.0062239170074463, -0.5162032246589661, 0, 0, 0, 0, 0, 0, 9362.0, 30146.0, 35388.0, 9362.0, 8.390083312988281, 0.3232610523700714, -0.10938537865877151, -0.2835560441017151, 0.009236235171556473, -0.037367891520261765, 1.0005654096603394, -0.09646962583065033, -0.030637741088867188, 1.493408203125, 1.314697265625, 0.0319061279296875, 1.490478515625
49934, -0.8770445585250854, 0.9698073267936707, -1.0312045812606812, -24.173507690429688, 27.8563289642334, -13.147043228149414, -2.748198986053467, 3.007751703262329, -0.5163299441337585, 0, 0, 0, 0, 0, 0, 9362.0, 30146.0, 35388.0, 9362.0, 8.390083312988281, 0.3232610523700714, -0.10938537865877151, -0.2835560441017151, 0.00811418704688549, -0.037449855357408524, 0.9997413754463196, -0.09646962583065033, -0.030637741088867188, 1.493408203125, 1.314697265625, 0.0319061279296875, 1.494140625
49944, -0.8770303130149841, 0.9692888259887695, -1.0313494205474854, -24.200998306274414, 27.88641357421875, -13.152206420898438, -2.749835729598999, 3.009282112121582, -0.516341507434845, 0, 0, 0, 0, 0, 0, 9362.0, 30146.0, 35388.0, 9362.0, 8.390083312988281, 0.04191136732697487, -0.11062858253717422, -0.12341757863759995, 0.008897876366972923, -0.03591636195778847, 0.9982973337173462, -0.09646962583065033, -0.030637741088867188, 1.493408203125, 1.314697265625, 0.0319061279296875, 1.494140625
49954, -0.8765318989753723, 0.9701154232025146, -1.032692790031433, -24.228504180908203, 27.916513442993164, -13.157370567321777, -2.7514681816101074, 3.010812997817993, -0.5163999795913696, 0, 0, 0, 0, 0, 0, 9362.0, 30146.0, 35388.0, 9362.0, 8.390083312988281, 0.22072157263755798, -0.10699194669723511, -0.1641041785478592, 0.008012600243091583, -0.03764290735125542, 0.998178243637085, -0.09646962583065033, -0.030637741088867188, 1.493408203125, 1.314697265625, 0.0319061279296875, 1.494140625
49964, -0.8752423524856567, 0.9705697298049927, -1.0344492197036743, -24.256027221679688, 27.94662857055664, -13.162535667419434, -2.7530977725982666, 3.0123419761657715, -0.5165480971336365, 0, 0, 0, 0, 0, 0, 9362.0, 30146.0, 35388.0, 9362.0, 8.390083312988281, 0.22072157263755798, -0.10699194669723511, -0.1641041785478592, 0.007525914814323187, -0.034969836473464966, 0.9996289610862732, -0.09646962583065033, -0.030637741088867188, 1.493408203125, 1.314697265625, 0.0319061279296875, 1.493408203125
49974, -0.8745967745780945, 0.9694047570228577, -1.0344387292861938, -24.283565521240234, 27.97675895690918, -13.167702674865723, -2.754727363586426, 3.013868808746338, -0.5168061852455139, 0, 0, 0, 0, 0, 0, 9362.0, 30146.0, 35388.0, 9362.0, 8.390083312988281, 0.22072157263755798, -0.10699194669723511, -0.1641041785478592, 0.009401793591678143, -0.03938358649611473, 0.9991911053657532, -0.09646962583065033, -0.030637741088867188, 1.493408203125, 1.314697265625, 0.0319061279296875, 1.49267578125
49984, -0.8741177320480347, 0.9677854776382446, -1.0330517292022705, -24.311120986938477, 28.00690460205078, -13.172870635986328, -2.7563607692718506, 3.0153963565826416, -0.5168706178665161, 0, 0, 0, 0, 0, 0, 9362.0, 30146.0, 35388.0, 9362.0, 8.390083312988281, 0.22072157263755798, -0.10699194669723511, -0.1641041785478592, 0.008609306998550892, -0.03794918209314346, 0.9984476566314697, -0.09646962583065033, -0.030637741088867188, 1.493408203125, 1.314697265625, 0.0319061279296875, 1.490478515625
49994, -0.8744102716445923, 0.9676095843315125, -1.0340903997421265, -24.338693618774414, 28.037065505981445, -13.17803955078125, -2.7579917907714844, 3.0169217586517334, -0.5169900059700012, 0, 0, 0, 0, 0, 0, 9362.0, 30146.0, 35388.0, 9362.0, 8.390083312988281, 0.22072157263755798, -0.10699194669723511, -0.1641041785478592, 0.009431318379938602, -0.036316532641649246, 0.9990755319595337, -0.09646962583065033, -0.030637741088867188, 1.493408203125, 1.314697265625, 0.0319061279296875, 1.491943359375
50044, -0.8724750280380249, 0.9601091742515564, -1.0316660404205322, -24.476797103881836, 28.188098907470703, -13.20390510559082, -2.7661139965057373, 3.024547576904297, -0.5175200700759888, 0, 0, 0, 0, 0, 0, 9362.0, 30146.0, 35388.0, 9362.0, 8.390083312988281, 0.14390909671783447, 0.19065053761005402, 0.14252415299415588, 0.009021284058690071, -0.036655526608228683, 0.9994953274726868, -0.09646962583065033, -0.030637741088867188, 1.493408203125, 1.314697265625, 0.0319061279296875, 1.491943359375
50054, -0.8722392320632935, 0.9610123634338379, -1.0323379039764404, -24.504467010498047, 28.218351364135742, -13.209080696105957, -2.767730474472046, 3.0260722637176514, -0.517618715763092, 0, 0, 0, 0, 0, 0, 9362.0, 30146.0, 35388.0, 9362.0, 8.390083312988281, 0.14390909671783447, 0.19065053761005402, 0.14252415299415588, 0.007001395337283611, -0.03757156804203987, 1.0013574361801147, -0.09646962583065033, -0.030637741088867188, 1.493408203125, 1.314697265625, 0.0319061279296875, 1.4970703125
50064, -0.8728952407836914, 0.9620018005371094, -1.033167839050293, -24.53215217590332, 28.248619079589844, -13.21425724029541, -2.769345760345459, 3.027594804763794, -0.5176771879196167, 0, 0, 0, 0, 0, 0, 9362.0, 30146.0, 35388.0, 9362.0, 8.390083312988281, 0.14390909671783447, 0.19065053761005402, 0.14252415299415588, 0.007763772737234831, -0.03711692616343498, 1.0028406381607056, -0.09646962583065033, -0.030637741088867188, 1.493408203125, 1.314697265625, 0.0319061279296875, 1.491943359375
50074, -0.8723925352096558, 0.961921215057373, -1.0337834358215332, -24.55985450744629, 28.278902053833008, -13.219433784484863, -2.770965337753296, 3.029118776321411, -0.5176284909248352, 0, 0, 0, 0, 0, 0, 9362.0, 30146.0, 35388.0, 9362.0, 8.390083312988281, 0.14390909671783447, 0.19065053761005402, 0.14252415299415588, 0.010612097568809986, -0.03857244923710823, 1.0013550519943237, -0.09646962583065033, -0.030637741088867188, 1.493408203125, 1.314697265625, 0.0319061279296875, 1.493408203125
50114, -0.8719995021820068, 0.9645630121231079, -1.0303813219070435, -24.67082405090332, 28.40018653869629, -13.24012279510498, -2.7774617671966553, 3.035221576690674, -0.516929030418396, 0, 0, 0, 0, 0, 0, 9362.0, 30146.0, 35388.0, 9362.0, 8.390083312988281, 0.0812818855047226, 0.03060637228190899, 0.3797367811203003, 0.010609145276248455, -0.03588096424937248, 1.0002244710922241, -0.09646962583065033, -0.030637741088867188, 1.493408203125, 1.314697265625, 0.0319061279296875, 1.493408203125
50144, -0.8709135055541992, 0.9648534655570984, -1.0315887928009033, -24.754220962524414, 28.491310119628906, -13.255636215209961, -2.7823338508605957, 3.039783477783203, -0.5171736478805542, 0, 0, 0, 0, 0, 0, 9362.0, 30146.0, 35388.0, 9362.0, 8.390083312988281, 0.11256751418113708, 0.3217542767524719, 0.049811139702796936, 0.009040975011885166, -0.037992190569639206, 1.000236988067627, -0.09646962583065033, -0.030637741088867188, 1.493408203125, 1.314697265625, 0.0319061279296875, 1.493408203125
50154, -0.8708115220069885, 0.9662153720855713, -1.0314555168151855, -24.782052993774414, 28.52171516418457, -13.260808944702148, -2.7839608192443848, 3.04130482673645, -0.5172827839851379, 0, 0, 0, 0, 0, 0, 9362.0, 30146.0, 35388.0, 9362.0, 8.390083312988281, 0.27040284872055054, 0.2634671926498413, 0.007732913829386234, 0.008074247278273106, -0.039306242018938065, 1.0003741979599, -0.09646962583065033, -0.030637741088867188, 1.493408203125, 1.314697265625, 0.0319061279296875, 1.493408203125
50194, -0.8679548501968384, 0.9660971164703369, -1.0318161249160767, -24.89354133605957, 28.64348793029785, -13.281506538391113, -2.790454626083374, 3.0473742485046387, -0.5177269577980042, 0, 0, 0, 0, 0, 0, 9362.0, 30146.0, 35388.0, 9362.0, 8.390083312988281, -0.17968961596488953, -0.18990112841129303, 0.18768294155597687, 0.007239444646984339, -0.03785519674420357, 0.998561441898346, -0.09646962583065033, -0.030637741088867188, 1.493408203125, 1.314697265625, 0.0319061279296875, 1.4970703125
50214, -0.8669788837432861, 0.961572527885437, -1.0310351848602295, -24.949382781982422, 28.704465866088867, -13.291861534118652, -2.7937073707580566, 3.0504021644592285, -0.5178082585334778, 0, 0, 0, 0, 0, 0, 9362.0, 30146.0, 35388.0, 9362.0, 8.390083312988281, -0.17968961596488953, -0.18990112841129303, 0.18768294155597687, 0.007536804303526878, -0.037388626486063004, 0.9984520077705383, -0.09646962583065033, -0.030637741088867188, 1.493408203125, 1.314697265625, 0.0319061279296875, 1.491943359375
50264, -0.866305410861969, 0.969389796257019, -1.032602071762085, -25.089269638061523, 28.857177734375, -13.31775951385498, -2.801833152770996, 3.0579707622528076, -0.5179019570350647, 0, 0, 0, 0, 0, 0, 9362.0, 30146.0, 35388.0, 9362.0, 8.390083312988281, -0.13928627967834473, -0.24827395379543304, -0.10639411211013794, 0.009268062189221382, -0.037592217326164246, 0.9983164668083191, -0.09646962583065033, -0.030637741088867188, 1.493408203125, 1.2978515625, 0.05224609375, 1.4970703125
50294, -0.8651998043060303, 0.9697167873382568, -1.0309021472930908, -25.173397064208984, 28.948984146118164, -13.333298683166504, -2.8067219257354736, 3.062500238418579, -0.5183143615722656, 0, 0, 0, 0, 0, 0, 9362.0, 30146.0, 35388.0, 9362.0, 8.390083312988281, 0.14146865904331207, -0.11236663162708282, 0.11138448119163513, 0.006668323650956154, -0.035376984626054764, 0.9999301433563232, -0.09646962583065033, -0.030637741088867188, 1.493408203125, 1.2978515625, 0.05224609375, 1.494140625
50304, -0.8667186498641968, 0.9710695147514343, -1.030363917350769, -25.201473236083984, 28.979616165161133, -13.338482856750488, -2.808351516723633, 3.064009428024292, -0.5184462070465088, 0, 0, 0, 0, 0, 0, 9362.0, 30146.0, 35388.0, 9362.0, 8.390083312988281, 0.14146865904331207, -0.11236663162708282, 0.11138448119163513, 0.009678098373115063, -0.035526737570762634, 0.9978883266448975, -0.09646962583065033, -0.030637741088867188, 1.493408203125, 1.2978515625, 0.05224609375, 1.493408203125
50324, -0.866978645324707, 0.9684487581253052, -1.0334620475769043, -25.257673263549805, 29.040925979614258, -13.34885311126709, -2.811616897583008, 3.0670316219329834, -0.5186696648597717, 0, 0, 0, 0, 0, 0, 9362.0, 30146.0, 35388.0, 9362.0, 8.390083312988281, 0.14146865904331207, -0.11236663162708282, 0.11138448119163513, 0.00975857488811016, -0.038169313222169876, 1.0000513792037964, -0.09646962583065033, -0.030637741088867188, 1.493408203125, 1.29345703125, 0.05889892578125, 1.493408203125
50334, -0.8669668436050415, 0.968806266784668, -1.0350993871688843, -25.257673263549805, 29.040925979614258, -13.34885311126709, -2.811616897583008, 3.0670316219329834, -0.5186696648597717, 0, 0, 0, 0, 0, 0, 9362.0, 30146.0, 35388.0, 9362.0, 8.390083312988281, 0.14146865904331207, -0.11236663162708282, 0.11138448119163513, 0.008266021497547626, -0.03698918968439102, 1.0020825862884521, -0.09646962583065033, -0.030637741088867188, 1.493408203125, 1.29345703125, 0.05889892578125, 1.493408203125
50354, -0.865922749042511, 0.9693337678909302, -1.0370298624038696, -25.34209442138672, 29.133005142211914, -13.364419937133789, -2.816507339477539, 3.0715720653533936, -0.5188522934913635, 0, 0, 0, 0, 0, 0, 9362.0, 30146.0, 35388.0, 9362.0, 8.390083312988281, -0.1560947149991989, 0.04763685539364815, -0.02431241050362587, 0.008331489749252796, -0.03754635527729988, 0.999821662902832, -0.09646962583065033, -0.030637741088867188, 1.493408203125, 1.29345703125, 0.05889892578125, 1.4912109375
50394, -0.864231288433075, 0.972648561000824, -1.0421644449234009, -25.454885482788086, 29.255990982055664, -13.38517951965332, -2.823033332824707, 3.0776116847991943, -0.5192169547080994, 0, 0, 0, 0, 0, 0, 9362.0, 30146.0, 35388.0, 9362.0, 8.390083312988281, 0.03407054394483566, 0.14839597046375275, 0.011090995743870735, 0.009737754240632057, -0.03960395231842995, 1.0004645586013794, -0.09646962583065033, -0.030637741088867188, 1.493408203125, 1.30810546875, 0.0388031005859375, 1.493408203125
50404, -0.8630735278129578, 0.9730710387229919, -1.0415380001068115, -25.483123779296875, 29.286775588989258, -13.390371322631836, -2.8246707916259766, 3.079122543334961, -0.5192133188247681, 0, 0, 0, 0, 0, 0, 9362.0, 30146.0, 35388.0, 9362.0, 8.390083312988281, 0.03407054394483566, 0.14839597046375275, 0.011090995743870735, 0.009389607235789299, -0.03935689479112625, 1.001255989074707, -0.09646962583065033, -0.030637741088867188, 1.493408203125, 1.30810546875, 0.0388031005859375, 1.49560546875
50424, -0.8636663556098938, 0.9727403521537781, -1.0419872999191284, -25.539649963378906, 29.348386764526367, -13.400754928588867, -2.8279497623443604, 3.0821428298950195, -0.5191119909286499, 0, 0, 0, 0, 0, 0, 9362.0, 30146.0, 35388.0, 9362.0, 8.390083312988281, -0.007945760153234005, -0.02351689338684082, -0.08246289938688278, 0.00887642614543438, -0.03429526463150978, 0.9977881908416748, -0.09646962583065033, -0.030637741088867188, 1.493408203125, 1.30810546875, 0.0388031005859375, 1.491943359375
50464, -0.8627769351005554, 0.9684425592422485, -1.0414117574691772, -25.65289878845215, 29.471792221069336, -13.421526908874512, -2.8344905376434326, 3.088169813156128, -0.5196369886398315, 0, 0, 0, 0, 0, 0, 9362.0, 30146.0, 35388.0, 9362.0, 8.390083312988281, 0.24017493426799774, -0.02274959720671177, 0.09815255552530289, 0.009171226061880589, -0.03448798134922981, 0.9993131756782532, -0.09646962583065033, -0.030637741088867188, 1.493408203125, 1.30810546875, 0.0388031005859375, 1.496337890625
50474, -0.862311840057373, 0.9704952239990234, -1.040901780128479, -25.681251525878906, 29.502681732177734, -13.426724433898926, -2.8361191749572754, 3.089674234390259, -0.5198191404342651, 0, 0, 0, 0, 0, 0, 9362.0, 30146.0, 35388.0, 9362.0, 8.390083312988281, 0.24017493426799774, -0.02274959720671177, 0.09815255552530289, 0.009447377175092697, -0.0374874472618103, 1.0006123781204224, -0.09646962583065033, -0.030637741088867188, 1.493408203125, 1.30810546875, 0.0388031005859375, 1.496337890625
50514, -0.8616348505020142, 0.9728553891181946, -1.0411485433578491, -25.70962142944336, 29.533586502075195, -13.431922912597656, -2.8377485275268555, 3.091179847717285, -0.519920825958252, 0, 0, 0, 0, 0, 0, 9362.0, 30146.0, 35388.0, 9362.0, 8.390083312988281, 0.052193090319633484, -0.283570259809494, 0.06371883302927017, 0.008701090700924397, -0.036394402384757996, 1.002152919769287, -0.08235938847064972, -0.14711761474609375, 1.48388671875, 1.31103515625, 0.0355682373046875, 1.49560546875
50564, -0.8617323637008667, 0.968070924282074, -1.0411227941513062, -25.937164306640625, 29.781362533569336, -13.473530769348145, -2.8508315086364746, 3.1032211780548096, -0.5203981995582581, 0, 0, 0, 0, 0, 0, 9362.0, 30146.0, 35388.0, 9362.0, 8.390083312988281, 0.14639168977737427, 0.06230206787586212, -0.3375616669654846, 0.008873870596289635, -0.037997569888830185, 0.999294102191925, -0.08235938847064972, -0.14711761474609375, 1.48388671875, 1.31103515625, 0.0355682373046875, 1.49560546875
50574, -0.8608803749084473, 0.966944694519043, -1.0409342050552368, -25.965681076049805, 29.812402725219727, -13.478736877441406, -2.8524582386016846, 3.104722023010254, -0.5207383632659912, 0, 0, 0, 0, 0, 0, 9362.0, 30146.0, 35388.0, 9362.0, 8.390083312988281, 0.07029803842306137, 0.1840314269065857, 0.24004022777080536, 0.009616464376449585, -0.038900356739759445, 1.0001052618026733, -0.08235938847064972, -0.14711761474609375, 1.48388671875, 1.31103515625, 0.0355682373046875, 1.49560546875
50584, -0.8609052300453186, 0.9646912813186646, -1.0395276546478271, -25.994213104248047, 29.84345817565918, -13.4839448928833, -2.854086399078369, 3.1062254905700684, -0.5208887457847595, 0, 0, 0, 0, 0, 0, 9362.0, 30146.0, 35388.0, 9362.0, 8.390083312988281, 0.07029803842306137, 0.1840314269065857, 0.24004022777080536, 0.010072378441691399, -0.03640300780534744, 0.9988084435462952, -0.08235938847064972, -0.14711761474609375, 1.48388671875, 1.31103515625, 0.0355682373046875, 1.496337890625
50594, -0.8611422181129456, 0.962462306022644, -1.0381816625595093, -26.022762298583984, 29.874528884887695, -13.489153861999512, -2.85571551322937, 3.10772967338562, -0.5208529233932495, 0, 0, 0, 0, 0, 0, 9362.0, 30146.0, 35388.0, 9362.0, 8.390083312988281, 0.07029803842306137, 0.1840314269065857, 0.24004022777080536, 0.008783631958067417, -0.034943342208862305, 1.0007191896438599, -0.08235938847064972, -0.14711761474609375, 1.48388671875, 1.31103515625, 0.0355682373046875, 1.496337890625
50604, -0.8609263896942139, 0.9620925784111023, -1.0396208763122559, -26.051326751708984, 29.90561294555664, -13.494362831115723, -2.8573384284973145, 3.109231948852539, -0.521001935005188, 0, 0, 0, 0, 0, 0, 9362.0, 30146.0, 35388.0, 9362.0, 8.390083312988281, 0.07029803842306137, 0.1840314269065857, 0.24004022777080536, 0.00940992683172226, -0.0365423709154129, 0.9992340803146362, -0.08235938847064972, -0.14711761474609375, 1.48388671875, 1.31103515625, 0.0355682373046875, 1.49560546875
50624, -0.8613220453262329, 0.9612325429916382, -1.0402582883834839, -26.108505249023438, 29.96782684326172, -13.504782676696777, -2.8605785369873047, 3.1122395992279053, -0.5210631489753723, 0, 0, 0, 0, 0, 0, 9362.0, 30146.0, 35388.0, 9362.0, 8.390083312988281, -0.26770782470703125, 0.19374971091747284, -0.13357000052928925, 0.008835507556796074, -0.03555003181099892, 0.9977493286132812, -0.08235938847064972, -0.14711761474609375, 1.48388671875, 1.31103515625, 0.0355682373046875, 1.494140625
50644, -0.8639532327651978, 0.9612693786621094, -1.0403732061386108, -26.165748596191406, 30.030101776123047, -13.51520824432373, -2.86381196975708, 3.1152422428131104, -0.521479606628418, 0, 0, 0, 0, 0, 0, 9362.0, 30146.0, 35388.0, 9362.0, 8.390083312988281, -0.26770782470703125, 0.19374971091747284, -0.13357000052928925, 0.007856572978198528, -0.036249954253435135, 0.9977740049362183, -0.08235938847064972, -0.14711761474609375, 1.48388671875, 1.31103515625, 0.0355682373046875, 1.496337890625
50654, -0.8625048995018005, 0.96039217710495, -1.04286789894104, -26.165748596191406, 30.030101776123047, -13.51520824432373, -2.86381196975708, 3.1152422428131104, -0.521479606628418, 0, 0, 0, 0, 0, 0, 9362.0, 30146.0, 35388.0, 9362.0, 8.390083312988281, -0.26770782470703125, 0.19374971091747284, -0.13357000052928925, 0.00843578577041626, -0.03753252699971199, 1.0010303258895874, -0.08235938847064972, -0.14711761474609375, 1.48388671875, 1.31103515625, 0.0355682373046875, 1.494873046875
50664, -0.8643060922622681, 0.9606825709342957, -1.0429397821426392, -26.22305679321289, 30.092437744140625, -13.525640487670898, -2.8670432567596436, 3.1182544231414795, -0.5217686891555786, 0, 0, 0, 0, 0, 0, 9362.0, 30146.0, 35388.0, 9362.0, 8.390083312988281, -0.26770782470703125, 0.19374971091747284, -0.13357000052928925, 0.009552844800055027, -0.037345826625823975, 1.0007340908050537, -0.08235938847064972, -0.14711761474609375, 1.48388671875, 1.31103515625, 0.0355682373046875, 1.49853515625
50704, -0.8631645441055298, 0.9615347981452942, -1.046151041984558, -26.337867736816406, 30.217287063598633, -13.546510696411133, -2.8735151290893555, 3.124285936355591, -0.5218755602836609, 0, 0, 0, 0, 0, 0, 9362.0, 30146.0, 35388.0, 9362.0, 8.390083312988281, 0.16946128010749817, -0.07691766321659088, -0.048199743032455444, 0.010048942640423775, -0.03679400682449341, 0.9989910125732422, -0.08235938847064972, -0.14711761474609375, 1.48388671875, 1.30224609375, 0.0460052490234375, 1.4912109375
50724, -0.8627949357032776, 0.9615851640701294, -1.0450936555862427, -26.395370483398438, 30.279802322387695, -13.556951522827148, -2.87674880027771, 3.1272947788238525, -0.5222148895263672, 0, 0, 0, 0, 0, 0, 9362.0, 30146.0, 35388.0, 9362.0, 8.390083312988281, -0.04134209826588631, 0.11069709807634354, 0.13186229765415192, 0.009009881876409054, -0.038235507905483246, 0.9994776844978333, -0.08235938847064972, -0.14711761474609375, 1.48388671875, 1.30224609375, 0.0460052490234375, 1.4912109375
50744, -0.8616601228713989, 0.9641926884651184, -1.04778254032135, -26.452938079833984, 30.342378616333008, -13.567399024963379, -2.879984140396118, 3.130305767059326, -0.5224482417106628, 0, 0, 0, 0, 0, 0, 9362.0, 30146.0, 35388.0, 9362.0, 8.390083312988281, -0.04134209826588631, 0.11069709807634354, 0.13186229765415192, 0.0077920956537127495, -0.03678657114505768, 1.000678300857544, -0.08235938847064972, -0.14711761474609375, 1.48388671875, 1.30224609375, 0.0460052490234375, 1.4970703125
50764, -0.8623836040496826, 0.9661447405815125, -1.0480899810791016, -26.510570526123047, 30.40501594543457, -13.577848434448242, -2.8832287788391113, 3.133319139480591, -0.5224736928939819, 0, 0, 0, 0, 0, 0, 9362.0, 30146.0, 35388.0, 9362.0, 8.390083312988281, -0.08507351577281952, -0.500445544719696, 0.038537170737981796, 0.00886742863804102, -0.038245901465415955, 1.0005003213882446, -0.08235938847064972, -0.14711761474609375, 1.48388671875, 1.30224609375, 0.0460052490234375, 1.4970703125
50804, -0.8613988161087036, 0.9630101919174194, -1.044016718864441, -26.62602996826172, 30.530467987060547, -13.598752975463867, -2.8897199630737305, 3.139336585998535, -0.5229892730712891, 0, 0, 0, 0, 0, 0, 9362.0, 30146.0, 35388.0, 9362.0, 8.390083312988281, -0.051125798374414444, -0.17429155111312866, -0.0626789852976799, 0.009872742928564548, -0.0374174490571022, 0.9990218877792358, -0.08235938847064972, -0.14711761474609375, 1.48388671875, 1.313232421875, 0.0333251953125, 1.49267578125
50834, -0.8600561022758484, 0.9631665349006653, -1.0476280450820923, -26.71279525756836, 30.62471580505371, -13.614447593688965, -2.894582509994507, 3.1438474655151367, -0.5232372879981995, 0, 0, 0, 0, 0, 0, 9362.0, 30146.0, 35388.0, 9362.0, 8.390083312988281, 0.2917914390563965, -0.13529951870441437, -0.10303612798452377, 0.008276466280221939, -0.03767411410808563, 1.0005919933319092, -0.08235938847064972, -0.14711761474609375, 1.48388671875, 1.313232421875, 0.0333251953125, 1.493408203125
50844, -0.8582932353019714, 0.9641538262367249, -1.0488141775131226, -26.741748809814453, 30.65616226196289, -13.619680404663086, -2.8962035179138184, 3.1453511714935303, -0.5232509970664978, 0, 0, 0, 0, 0, 0, 9362.0, 30146.0, 35388.0, 9362.0, 8.390083312988281, -0.13686376810073853, -0.07560905814170837, -0.16233447194099426, 0.008871101774275303, -0.038858357816934586, 0.9989094138145447, -0.08235938847064972, -0.14711761474609375, 1.48388671875, 1.313232421875, 0.0333251953125, 1.493408203125
50894, -0.8593018054962158, 0.971344530582428, -1.0493594408035278, -26.886762619018555, 30.813617706298828, -13.645849227905273, -2.9043219089508057, 3.1528525352478027, -0.5235912203788757, 0, 0, 0, 0, 0, 0, 9362.0, 30146.0, 35388.0, 9362.0, 8.390083312988281, 0.02045515738427639, -0.416850745677948, -0.05581916123628616, 0.010056721046566963, -0.03830845654010773, 0.9998560547828674, -0.0809110701084137, -0.07543754577636719, 1.48974609375, 1.313232421875, 0.0333251953125, 1.491943359375
50944, -0.8560510873794556, 0.967447817325592, -1.0521796941757202, -27.032180786132812, 30.97144889831543, -13.672036170959473, -2.9124715328216553, 3.1603496074676514, -0.5239316821098328, 0, 0, 0, 0, 0, 0, 9362.0, 30146.0, 35388.0, 9362.0, 8.390083312988281, 0.017309412360191345, -0.13345685601234436, -0.3300606310367584, 0.008923658169806004, -0.035216040909290314, 0.9993360638618469, -0.0809110701084137, -0.07543754577636719, 1.48974609375, 1.313232421875, 0.0333251953125, 1.4970703125
50954, -0.8563040494918823, 0.9686785936355591, -1.0522133111953735, -27.06131362915039, 31.00305938720703, -13.677275657653809, -2.9140994548797607, 3.161846876144409, -0.5239679217338562, 0, 0, 0, 0, 0, 0, 9362.0, 30146.0, 35388.0, 9362.0, 8.390083312988281, -0.09083089977502823, -0.12525613605976105, -0.333807110786438, 0.009519685059785843, -0.03640859201550484, 1.0006556510925293, -0.0809110701084137, -0.07543754577636719, 1.48974609375, 1.313232421875, 0.0333251953125, 1.4970703125
50964, -0.8568259477615356, 0.969684362411499, -1.0548672676086426, -27.090463638305664, 31.034685134887695, -13.682516098022461, -2.915727138519287, 3.1633412837982178, -0.5240901708602905, 0, 0, 0, 0, 0, 0, 9362.0, 30146.0, 35388.0, 9362.0, 8.390083312988281, -0.09083089977502823, -0.12525613605976105, -0.333807110786438, 0.008109362795948982, -0.03790250048041344, 1.000918984413147, -0.0809110701084137, -0.07543754577636719, 1.48974609375, 1.313232421875, 0.0333251953125, 1.494873046875
50984, -0.8557141423225403, 0.9686136245727539, -1.0582598447799683, -27.14881134033203, 31.09798240661621, -13.692996978759766, -2.9189929962158203, 3.16633677482605, -0.5240117311477661, 0, 0, 0, 0, 0, 0, 9362.0, 30146.0, 35388.0, 9362.0, 8.390083312988281, 0.15221039950847626, -0.16141115128993988, 0.034148842096328735, 0.008529545739293098, -0.03729986026883125, 0.9997825026512146, -0.0809110701084137, -0.07543754577636719, 1.48974609375, 1.313232421875, 0.0333251953125, 1.494873046875
50994, -0.8552737236022949, 0.9685621857643127, -1.0576510429382324, -27.178009033203125, 31.129653930664062, -13.698238372802734, -2.9206199645996094, 3.167830467224121, -0.52423495054245, 0, 0, 0, 0, 0, 0, 9362.0, 30146.0, 35388.0, 9362.0, 8.390083312988281, 0.1645493507385254, 0.08880198746919632, -0.04171054810285568, 0.007758504711091518, -0.03856158256530762, 0.9987926483154297, -0.0809110701084137, -0.07543754577636719, 1.48974609375, 1.313232421875, 0.0333251953125, 1.496337890625
51004, -0.8543972969055176, 0.9676862359046936, -1.0585060119628906, -27.207223892211914, 31.161338806152344, -13.70348072052002, -2.9222497940063477, 3.1693248748779297, -0.5242956280708313, 0, 0, 0, 0, 0, 0, 9362.0, 30146.0, 35388.0, 9362.0, 8.390083312988281, 0.1645493507385254, 0.08880198746919632, -0.04171054810285568, 0.008700540289282799, -0.03796832635998726, 0.9974939227104187, -0.0809110701084137, -0.07543754577636719, 1.48974609375, 1.313232421875, 0.0333251953125, 1.493408203125
51014, -0.8547258377075195, 0.9683377146720886, -1.0600850582122803, -27.236454010009766, 31.193038940429688, -13.708724021911621, -2.9238791465759277, 3.170818328857422, -0.5244138240814209, 0, 0, 0, 0, 0, 0, 9362.0, 30146.0, 35388.0, 9362.0, 8.390083312988281, 0.0899258628487587, 0.38059496879577637, 0.17605896294116974, 0.008700540289282799, -0.03796832635998726, 0.9974939227104187, -0.0809110701084137, -0.07543754577636719, 1.48974609375, 1.313232421875, 0.0333251953125, 1.494140625
51024, -0.8542227745056152, 0.9653773903846741, -1.0594627857208252, -27.265701293945312, 31.224754333496094, -13.713969230651855, -2.9255051612854004, 3.1723082065582275, -0.524652898311615, 0, 0, 0, 0, 0, 0, 9362.0, 30146.0, 35388.0, 9362.0, 8.390083312988281, 0.0416870191693306, -0.15457387268543243, -0.106378935277462, 0.011016459204256535, -0.037107404321432114, 1.0003278255462646, -0.0809110701084137, -0.07543754577636719, 1.48974609375, 1.313232421875, 0.0333251953125, 1.494140625
51044, -0.8537647128105164, 0.965214729309082, -1.0598876476287842, -27.324243545532227, 31.288230895996094, -13.72446346282959, -2.928760528564453, 3.1752946376800537, -0.5247287750244141, 0, 0, 0, 0, 0, 0, 9362.0, 30146.0, 35388.0, 9362.0, 8.390083312988281, 0.0416870191693306, -0.15457387268543243, -0.106378935277462, 0.012067490257322788, -0.038401830941438675, 0.9981660842895508, -0.0809110701084137, -0.07543754577636719, 1.48974609375, 1.311767578125, 0.0348052978515625, 1.49267578125
51074, -0.8528088331222534, 0.9665468335151672, -1.06036376953125, -27.41217803955078, 31.383556365966797, -13.740212440490723, -2.93363094329834, 3.179762363433838, -0.5251604914665222, 0.0969768539071083, 0.7623119354248047, 0.06681186705827713, -0.10332225150639708, 0.48580917774074805, -4.642320557461692, 9362.0, 30146.0, 35388.0, 9362.0, 8.390083312988281, -0.013953140005469322, -0.22835151851177216, -0.2130955159664154, 0.009056705050170422, -0.03848307579755783, 0.9984428882598877, -0.0809110701084137, -0.07543754577636719, 1.48974609375, 1.311767578125, 0.0348052978515625, 1.49267578125
51104, -0.8497419953346252, 0.9618620872497559, -1.0603017807006836, -27.500259399414062, 31.47901725769043, -13.75597095489502, -2.9385035037994385, 3.1842293739318848, -0.525465190410614, 0.09694655984640121, 0.7623251080513, 0.06682081520557404, -0.1087055326662667, 0.521944122358434, -4.635750754867835, 9362.0, 30146.0, 35388.0, 9362.0, 8.390083312988281, 0.03601839393377304, 0.21872271597385406, 0.1745436042547226, 0.007761901710182428, -0.03975484147667885, 1.0002975463867188, -0.0809110701084137, -0.07543754577636719, 1.48974609375, 1.311767578125, 0.0348052978515625, 1.4970703125
51114, -0.8500955104827881, 0.9590216875076294, -1.0602470636367798, -27.529651641845703, 31.510866165161133, -13.761225700378418, -2.94012713432312, 3.185715436935425, -0.5254364609718323, 0.09699415415525436, 0.7623165845870972, 0.0668528825044632, -0.0589850007314473, 0.48043752964261444, -4.634987650181408, 9362.0, 30146.0, 35388.0, 9362.0, 8.390083312988281, -0.07692834734916687, 0.3229503929615021, 0.13109244406223297, 0.007761901710182428, -0.03975484147667885, 1.0002975463867188, -0.0809110701084137, -0.07543754577636719, 1.48974609375, 1.311767578125, 0.0348052978515625, 1.4970703125
51134, -0.8510165214538574, 0.9557750821113586, -1.05839204788208, -27.588485717773438, 31.574609756469727, -13.771733283996582, -2.943361759185791, 3.1886863708496094, -0.5254620909690857, 0.09693076461553574, 0.7623274326324463, 0.06683482974767685, -0.10757761924321678, 0.5250454136331655, -4.640550850091787, 9362.0, 30146.0, 35388.0, 9362.0, 8.390083312988281, -0.10708362609148026, 0.1708904653787613, 0.07499837875366211, 0.009634003974497318, -0.03560369834303856, 1.001650094985962, -0.0809110701084137, -0.07543754577636719, 1.48974609375, 1.311767578125, 0.0348052978515625, 1.491943359375
51154, -0.8522467017173767, 0.9524816870689392, -1.0567495822906494, -27.588485717773438, 31.574609756469727, -13.771733283996582, -2.943361759185791, 3.1886863708496094, -0.5254620909690857, 0.09692637622356415, 0.7623299360275269, 0.06682723760604858, -0.10846420592760772, 0.5216144483506184, -4.6438605056597915, 9362.0, 30146.0, 35388.0, 9362.0, 8.390083312988281, -0.3075200319290161, 0.22443555295467377, 0.10816453397274017, 0.009030052460730076, -0.03699702024459839, 0.9992465972900391, -0.0809110701084137, -0.07543754577636719, 1.48974609375, 1.313232421875, 0.0333251953125, 1.491943359375
51174, -0.8517293930053711, 0.9541387557983398, -1.0567651987075806, -27.706348419189453, 31.7022762298584, -13.792746543884277, -2.949793577194214, 3.194636106491089, -0.525495171546936, 0.09693866968154907, 0.7623388767242432, 0.06681441515684128, -0.11078208878364712, 0.526396097482035, -4.634886567422886, 9362.0, 30146.0, 35388.0, 9362.0, 8.390083312988281, 0.17904074490070343, -0.19828695058822632, -0.08718132227659225, 0.009039079770445824, -0.033583447337150574, 1.000672459602356, -0.0809110701084137, -0.07543754577636719, 1.48974609375, 1.313232421875, 0.0333251953125, 1.49560546875
51184, -0.8509474992752075, 0.9542645812034607, -1.0565571784973145, -27.706348419189453, 31.7022762298584, -13.792746543884277, -2.949793577194214, 3.194636106491089, -0.525495171546936, 0.09694985300302505, 0.7623194456100464, 0.06685048341751099, -0.10557953414408432, 0.5309756548780342, -4.634200352340368, 9362.0, 30146.0, 35388.0, 9362.0, 8.390083312988281, 0.17904074490070343, -0.19828695058822632, -0.08718132227659225, 0.009058164432644844, -0.03558969125151634, 0.9975671768188477, -0.0809110701084137, -0.07543754577636719, 1.48974609375, 1.310302734375, 0.036285400390625, 1.49560546875
51194, -0.8528953790664673, 0.9519234895706177, -1.054170846939087, -27.765377044677734, 31.766199111938477, -13.803256034851074, -2.953005075454712, 3.1976144313812256, -0.5254853367805481, 0.09701737761497498, 0.7623194456100464, 0.06669695675373077, -0.14147005917656164, 0.6460128458076895, -4.615188651400402, 9362.0, 30146.0, 35388.0, 9362.0, 8.390083312988281, 0.22445520758628845, -0.212815061211586, -0.08920080214738846, 0.009058164432644844, -0.03558969125151634, 0.9975671768188477, -0.0809110701084137, -0.07543754577636719, 1.48974609375, 1.310302734375, 0.036285400390625, 1.49560546875
51214, -0.8514963984489441, 0.9541294574737549, -1.052662968635559, -27.8244686126709, 31.830181121826172, -13.813769340515137, -2.9562087059020996, 3.2005863189697266, -0.5258522629737854, 0.09701858460903168, 0.76231449842453, 0.06681670993566513, -0.10480791171883208, 0.4880720485033123, -4.66973345957025, 9362.0, 30146.0, 35388.0, 9362.0, 8.390083312988281, -0.08883091807365417, 0.4770210087299347, -0.17435750365257263, 0.008779024705290794, -0.036081463098526, 1.0002387762069702, -0.0809110701084137, -0.07543754577636719, 1.48974609375, 1.310302734375, 0.036285400390625, 1.494140625
51234, -0.8514261245727539, 0.9489662647247314, -1.0526583194732666, -27.883625030517578, 31.894222259521484, -13.824286460876465, -2.959418535232544, 3.203561544418335, -0.5258654952049255, 0.09713767468929291, 0.7622344493865967, 0.06656461954116821, -0.14454146306656135, 0.5811614916733845, -4.676394776122604, 9362.0, 30146.0, 35388.0, 9362.0, 8.390083312988281, 0.03482375666499138, -0.1769554615020752, 0.1652405858039856, 0.008963437750935555, -0.03685331717133522, 0.9983288049697876, -0.0809110701084137, -0.07543754577636719, 1.48974609375, 1.310302734375, 0.036285400390625, 1.493408203125
51294, -0.848185122013092, 0.9505878686904907, -1.0520578622817993, -28.061477661132812, 32.086700439453125, -13.855864524841309, -2.9690029621124268, 3.2124669551849365, -0.5266223549842834, 0.09706255048513412, 0.7622772455215454, 0.06661219894886017, -0.15986773976161475, 0.625509623015347, -4.659993437177628, 9362.0, 30146.0, 35388.0, 9362.0, 8.390083312988281, -0.039604801684617996, -0.2700808644294739, 0.12443258613348007, 0.01072569191455841, -0.036913566291332245, 0.998001217842102, -0.0809110701084137, -0.07543754577636719, 1.48974609375, 1.310302734375, 0.036285400390625, 1.494140625
51304, -0.8480179309844971, 0.9519633054733276, -1.0505050420761108, -28.091175079345703, 32.118831634521484, -13.861130714416504, -2.9706015586853027, 3.2139482498168945, -0.5265750885009766, 0.09694351255893707, 0.7623251676559448, 0.06682795286178589, -0.10185058383496869, 0.5298903633971008, -4.648026160300493, 9362.0, 30146.0, 35388.0, 9362.0, 8.390083312988281, -0.039604801684617996, -0.2700808644294739, 0.12443258613348007, 0.010360957123339176, -0.0365908145904541, 0.9985906481742859, -0.0809110701084137, -0.07543754577636719, 1.48974609375, 1.310302734375, 0.036285400390625, 1.493408203125
51314, -0.848639190196991, 0.9511364698410034, -1.049877405166626, -28.12088966369629, 32.150978088378906, -13.8663969039917, -2.9721992015838623, 3.215427875518799, -0.5267570614814758, 0.09693194180727005, 0.7623488903045654, 0.06687720119953156, -0.11507812210398102, 0.5440562554056214, -4.638287333019221, 9362.0, 30146.0, 35388.0, 9362.0, 8.390083312988281, -0.039604801684617996, -0.2700808644294739, 0.12443258613348007, 0.009408651851117611, -0.038873981684446335, 0.9991817474365234, -0.0809110701084137, -0.07543754577636719, 1.48974609375, 1.310302734375, 0.036285400390625, 1.4970703125
51324, -0.8499646186828613, 0.9515250325202942, -1.0490007400512695, -28.150619506835938, 32.18313980102539, -13.871665000915527, -2.973799467086792, 3.216906785964966, -0.5269474983215332, 0.0969490259885788, 0.7623365521430969, 0.06681619584560394, -0.10131871286590387, 0.5288164540893661, -4.640845112695208, 9362.0, 30146.0, 35388.0, 9362.0, 8.390083312988281, -0.039604801684617996, -0.2700808644294739, 0.12443258613348007, 0.009475811384618282, -0.03688594326376915, 0.9983583092689514, -0.0809110701084137, -0.07543754577636719, 1.48974609375, 1.310302734375, 0.036285400390625, 1.496337890625
51334, -0.8499337434768677, 0.9519180655479431, -1.0510841608047485, -28.150619506835938, 32.18313980102539, -13.871665000915527, -2.973799467086792, 3.216906785964966, -0.5269474983215332, 0.09702354669570923, 0.7623051404953003, 0.06679535657167435, -0.09042129196284719, 0.47150660601317895, -4.662710165881759, 9362.0, 30146.0, 35388.0, 9362.0, 8.390083312988281, -0.02556142583489418, 0.0319649875164032, 0.09458039700984955, 0.008525672368705273, -0.03963109478354454, 0.9989719390869141, -0.0809110701084137, -0.07543754577636719, 1.48974609375, 1.310302734375, 0.036285400390625, 1.496337890625
51354, -0.8501713871955872, 0.9511305689811707, -1.051531195640564, -28.239904403686523, 32.27971649169922, -13.887480735778809, -2.9785990715026855, 3.221353054046631, -0.5274159908294678, 0.09712093323469162, 0.7622485756874084, 0.06655419617891312, -0.14676183520890393, 0.5815596537625254, -4.6891921309861315, 9362.0, 30146.0, 35388.0, 9362.0, 8.390083312988281, 0.1477443128824234, 0.3643428087234497, 0.01641697809100151, 0.009361661039292812, -0.03688199073076248, 0.9993727803230286, -0.0809110701084137, -0.07543754577636719, 1.48974609375, 1.29345703125, 0.05889892578125, 1.493408203125
51404, -0.8464345335960388, 0.9521047472953796, -1.0515384674072266, -28.389034271240234, 32.44096755981445, -13.913860321044922, -2.986607789993286, 3.2287673950195312, -0.5277000665664673, 0.09693388640880585, 0.7623220682144165, 0.06683056801557541, -0.10892847967566421, 0.5277792554794303, -4.634333116771501, 9362.0, 30146.0, 35388.0, 9362.0, 8.390083312988281, -0.003380631795153022, -0.18015819787979126, -0.21239863336086273, 0.0100021380931139, -0.03585789352655411, 1.0011080503463745, -0.0809110701084137, -0.07543754577636719, 1.48974609375, 1.29345703125, 0.05889892578125, 1.497802734375
51414, -0.8457621932029724, 0.9511590600013733, -1.0517457723617554, -28.389034271240234, 32.44096755981445, -13.913860321044922, -2.986607789993286, 3.2287673950195312, -0.5277000665664673, 0.09703894704580307, 0.762274980545044, 0.06659940630197525, -0.1515914673770468, 0.6296802575803326, -4.6428993575177, 9362.0, 30146.0, 35388.0, 9362.0, 8.390083312988281, -0.003380631795153022, -0.18015819787979126, -0.21239863336086273, 0.008616122417151928, -0.035971689969301224, 1.0004758834838867, -0.0809110701084137, -0.07543754577636719, 1.48974609375, 1.29345703125, 0.05889892578125, 1.497802734375
51434, -0.8454212546348572, 0.9561691284179688, -1.0513999462127686, -28.47870445251465, 32.537899017333984, -13.92968463897705, -2.991421937942505, 3.233208417892456, -0.5273944139480591, 0.09712963551282883, 0.7622494697570801, 0.06655564904212952, -0.15327681212341737, 0.5781597116782962, -4.668622733261414, 9362.0, 30146.0, 35388.0, 9362.0, 8.390083312988281, 0.007239772006869316, 0.40506747364997864, 0.2655789256095886, 0.00892254151403904, -0.03624308481812477, 1.000888705253601, -0.0809110701084137, -0.07543754577636719, 1.48974609375, 1.28759765625, 0.068939208984375, 1.497802734375
51444, -0.8449007272720337, 0.9540501832962036, -1.0495107173919678, -28.47870445251465, 32.537899017333984, -13.92968463897705, -2.991421937942505, 3.233208417892456, -0.5273944139480591, 0.09693952649831772, 0.762319803237915, 0.06683391332626343, -0.10399063172665901, 0.5190230602336214, -4.633883511635949, 9362.0, 30146.0, 35388.0, 9362.0, 8.390083312988281, 0.0028161383233964443, 0.3359365463256836, 0.3385368585586548, 0.00892254151403904, -0.03624308481812477, 1.000888705253601, -0.0809110701084137, -0.07543754577636719, 1.48974609375, 1.28759765625, 0.068939208984375, 1.497802734375
51454, -0.8458611965179443, 0.951309323310852, -1.0470857620239258, -28.538564682006836, 32.60259246826172, -13.940229415893555, -2.994642734527588, 3.2361676692962646, -0.5271989107131958, 0.09699898958206177, 0.7623405456542969, 0.06680457293987274, -0.0910462950727015, 0.5807283959703966, -4.566563424274981, 9362.0, 30146.0, 35388.0, 9362.0, 8.390083312988281, 0.0028161383233964443, 0.3359365463256836, 0.3385368585586548, 0.009044237434864044, -0.03697724640369415, 0.9998801946640015, -0.0809110701084137, -0.07543754577636719, 1.48974609375, 1.28759765625, 0.068939208984375, 1.489013671875
51464, -0.8466110229492188, 0.9512776136398315, -1.0469374656677246, -28.538564682006836, 32.60259246826172, -13.940229415893555, -2.994642734527588, 3.2361676692962646, -0.5271989107131958, 0.0969284251332283, 0.762329638004303, 0.06682725250720978, -0.09833705782372687, 0.523969790030776, -4.636716398735017, 9362.0, 30146.0, 35388.0, 9362.0, 8.390083312988281, -0.1264912635087967, 0.11212226003408432, -0.07503735274076462, 0.009044237434864044, -0.03697724640369415, 0.9998801946640015, -0.0809110701084137, -0.07543754577636719, 1.48974609375, 1.28759765625, 0.068939208984375, 1.49267578125
51504, -0.8471016883850098, 0.9485448002815247, -1.047865867614746, -28.628477096557617, 32.69974136352539, -13.956046104431152, -2.9994523525238037, 3.240600347518921, -0.5273120403289795, 0.09693535417318344, 0.7623260021209717, 0.06680500507354736, -0.10092466961632275, 0.5240081632965996, -4.637796127096159, 9362.0, 30146.0, 35388.0, 9362.0, 8.390083312988281, 0.22203759849071503, -0.08436156064271927, -0.15613901615142822, 0.010798481293022633, -0.03648259863257408, 0.999505877494812, -0.0809110701084137, -0.07543754577636719, 1.48974609375, 1.28759765625, 0.068939208984375, 1.494873046875
51514, -0.8465967774391174, 0.9508345127105713, -1.0482128858566284, -28.71853256225586, 32.797027587890625, -13.971866607666016, -3.0042564868927, 3.245044231414795, -0.5275365710258484, 0.09697801619768143, 0.7622978091239929, 0.06681198626756668, -0.09701954631688793, 0.49335901395889437, -4.653627036217125, 9362.0, 30146.0, 35388.0, 9362.0, 8.390083312988281, 0.23438726365566254, -0.01802751049399376, -0.17238427698612213, 0.00975202489644289, -0.038211639970541, 1.0023852586746216, -0.0809110701084137, -0.07543754577636719, 1.48974609375, 1.28759765625, 0.068939208984375, 1.494873046875
51524, -0.8459531664848328, 0.9510399699211121, -1.0494894981384277, -28.74858283996582, 32.82948684692383, -13.977142333984375, -3.005852699279785, 3.246523141860962, -0.5276362895965576, 0.09711204469203949, 0.7622503638267517, 0.06651785969734192, -0.1357173347664529, 0.6718795310922303, -4.588598377292624, 9362.0, 30146.0, 35388.0, 9362.0, 8.390083312988281, -0.08865757286548615, -0.11572741717100143, 0.044078417122364044, 0.00892785657197237, -0.035583917051553726, 1.0010429620742798, -0.0809110701084137, -0.07543754577636719, 1.48974609375, 1.28759765625, 0.068939208984375, 1.49267578125
51534, -0.8469080924987793, 0.9504020810127258, -1.0490516424179077, -28.778650283813477, 32.861961364746094, -13.982418060302734, -3.007456064224243, 3.248004913330078, -0.5274657607078552, 0.09691799432039261, 0.762346088886261, 0.06689230352640152, -0.07633694649700132, 0.5311688964989969, -4.600085573309261, 9362.0, 30146.0, 35388.0, 9362.0, 8.390083312988281, -0.08865757286548615, -0.11572741717100143, 0.044078417122364044, 0.008748546242713928, -0.03614985570311546, 0.9998362064361572, -0.0809110701084137, -0.07543754577636719, 1.48974609375, 1.28759765625, 0.068939208984375, 1.49267578125
51594, -0.84456467628479, 0.9471439719200134, -1.0501782894134521, -28.959386825561523, 33.057106018066406, -14.014068603515625, -3.017059803009033, 3.256866931915283, -0.5278031229972839, 0.09700872004032135, 0.7623010277748108, 0.06672300398349762, -0.08261243271682334, 0.5687987047987235, -4.559687700844216, 9362.0, 30146.0, 35388.0, 9362.0, 8.390083312988281, 0.17662054300308228, -0.016489237546920776, -0.11517630517482758, 0.007999957539141178, -0.04017940163612366, 0.9987033605575562, -0.0809110701084137, -0.07543754577636719, 1.48974609375, 1.28759765625, 0.068939208984375, 1.493408203125
51614, -0.8436189293861389, 0.9469414353370667, -1.050603985786438, -29.019760131835938, 33.12227249145508, -14.024626731872559, -3.020250082015991, 3.2598164081573486, -0.5280028581619263, 0.09694533795118332, 0.7622998952865601, 0.06682512164115906, -0.08676415055889364, 0.5119397303491269, -4.63374131002783, 9362.0, 30146.0, 35388.0, 9362.0, 8.390083312988281, 0.23032185435295105, 0.17735140025615692, -0.2572486102581024, 0.01118540856987238, -0.03798092156648636, 0.998866856098175, -0.0809110701084137, -0.07543754577636719, 1.48974609375, 1.28759765625, 0.068939208984375, 1.496337890625
51644, -0.8423370718955994, 0.9489287734031677, -1.0529263019561768, -29.11043930053711, 33.220130920410156, -14.040467262268066, -3.0250260829925537, 3.264232635498047, -0.5283302664756775, 0.0971112921833992, 0.7622260451316833, 0.0665956363081932, -0.14092186397544695, 0.5769230315360403, -4.679833601474389, 9362.0, 30146.0, 35388.0, 9362.0, 8.390083312988281, 0.016314610838890076, -0.03279619663953781, 0.01361786387860775, 0.008160640485584736, -0.038368988782167435, 0.9994373321533203, -0.0809110701084137, -0.07543754577636719, 1.48974609375, 1.28759765625, 0.068939208984375, 1.494140625
51654, -0.8423146605491638, 0.9485925436019897, -1.05300772190094, -29.140697479248047, 33.25278091430664, -14.045751571655273, -3.0266215801239014, 3.2657032012939453, -0.5284620523452759, 0.09693805128335953, 0.762337863445282, 0.06683967262506485, -0.1079413685341509, 0.5312260736609744, -4.642066069256694, 9362.0, 30146.0, 35388.0, 9362.0, 8.390083312988281, 0.016314610838890076, -0.03279619663953781, 0.01361786387860775, 0.008573967032134533, -0.03611006215214729, 0.9979729652404785, -0.0809110701084137, -0.07543754577636719, 1.48974609375, 1.28759765625, 0.068939208984375, 1.4912109375
51664, -0.8420708775520325, 0.9511568546295166, -1.05447256565094, -29.170970916748047, 33.28544616699219, -14.051036834716797, -3.028218984603882, 3.267174243927002, -0.5285335183143616, 0.0970231369137764, 0.762302041053772, 0.06667813658714294, -0.13584568727897633, 0.6386310670740727, -4.614649092691782, 9362.0, 30146.0, 35388.0, 9362.0, 8.390083312988281, 0.1901223063468933, 0.242453470826149, 0.2917225658893585, 0.008534585125744343, -0.039572861045598984, 0.9980220198631287, -0.0809110701084137, -0.07543754577636719, 1.48974609375, 1.28759765625, 0.068939208984375, 1.4912109375
51674, -0.8416031002998352, 0.9505822658538818, -1.0521880388259888, -29.201261520385742, 33.3181266784668, -14.056323051452637, -3.029813051223755, 3.2686429023742676, -0.528753399848938, 0.09704029560089111, 0.7622685432434082, 0.06662166863679886, -0.15579546696058003, 0.6241085753722189, -4.643610425642845, 9362.0, 30146.0, 35388.0, 9362.0, 8.390083312988281, 0.1901223063468933, 0.242453470826149, 0.2917225658893585, 0.01001294981688261, -0.03714762628078461, 1.000936508178711, -0.0809110701084137, -0.07543754577636719, 1.48974609375, 1.28759765625, 0.068939208984375, 1.493408203125
51684, -0.8415222764015198, 0.949468731880188, -1.0507408380508423, -29.2315673828125, 33.3508186340332, -14.06161117553711, -3.0314111709594727, 3.2701117992401123, -0.5289639830589294, 0.09703151136636734, 0.7622607350349426, 0.06662218272686005, -0.14885514849190662, 0.6301370890458884, -4.645360456457936, 9362.0, 30146.0, 35388.0, 9362.0, 8.390083312988281, 0.0820893794298172, -0.13337279856204987, -0.04711787775158882, 0.008316777646541595, -0.036785464733839035, 1.0010908842086792, -0.0809110701084137, -0.07543754577636719, 1.48974609375, 1.291259765625, 0.0625457763671875, 1.493408203125
51694, -0.8421434760093689, 0.9503206610679626, -1.0513838529586792, -29.261890411376953, 33.38352584838867, -14.066901206970215, -3.0330123901367188, 3.2715823650360107, -0.5289568305015564, 0.09703405946493149, 0.7622816562652588, 0.06667399406433105, -0.13337821757962876, 0.6454864086004477, -4.625088703933493, 9362.0, 30146.0, 35388.0, 9362.0, 8.390083312988281, 0.09722496569156647, 0.1881653368473053, 0.040436241775751114, 0.010222082026302814, -0.03587975725531578, 1.0000134706497192, -0.0809110701084137, -0.07543754577636719, 1.48974609375, 1.291259765625, 0.0625457763671875, 1.493408203125
51704, -0.8417577147483826, 0.9480441808700562, -1.0513339042663574, -29.29222869873047, 33.4162483215332, -14.072190284729004, -3.0346121788024902, 3.2730534076690674, -0.528916597366333, 0.09693314880132675, 0.7623198628425598, 0.06682435423135757, -0.1041236937179838, 0.5203846903593785, -4.628275587521854, 9362.0, 30146.0, 35388.0, 9362.0, 8.370248794555664, 0.030364468693733215, -0.3036358654499054, -0.3600379526615143, 0.010496259666979313, -0.03667186200618744, 1.0014443397521973, -0.0809110701084137, -0.07543754577636719, 1.48974609375, 1.291259765625, 0.0625457763671875, 1.493408203125
51814, -0.8385645747184753, 0.9572349786758423, -1.0570341348648071, -29.59648895263672, 33.74428939819336, -14.1251220703125, -3.0506155490875244, 3.2877349853515625, -0.5300628542900085, 0.0970313549041748, 0.762255072593689, 0.06661079823970795, -0.1562090579066858, 0.6341042285528147, -4.649783688303578, 9362.0, 30146.0, 35388.0, 9362.0, 8.390083312988281, 0.2053917497396469, -0.05112966522574425, -0.23246587812900543, 0.008817185647785664, -0.03788277134299278, 0.9989970326423645, -0.0809110701084137, -0.07543754577636719, 1.48974609375, 1.291259765625, 0.0625457763671875, 1.494873046875
51824, -0.8378010392189026, 0.9601596593856812, -1.0572991371154785, -29.59648895263672, 33.74428939819336, -14.1251220703125, -3.0506155490875244, 3.2877349853515625, -0.5300628542900085, 0.09711681306362152, 0.762232780456543, 0.06655488908290863, -0.14795021782542164, 0.5816251765570257, -4.671321833391385, 9362.0, 30146.0, 35388.0, 9362.0, 8.390083312988281, 0.1663866490125656, 0.1057603508234024, 0.19337952136993408, 0.008817185647785664, -0.03788277134299278, 0.9989970326423645, -0.0809110701084137, -0.07543754577636719, 1.48974609375, 1.291259765625, 0.0625457763671875, 1.494873046875
51834, -0.8374841809272766, 0.961266279220581, -1.0565974712371826, -29.688079833984375, 33.842987060546875, -14.141033172607422, -3.0554373264312744, 3.292127847671509, -0.5305675268173218, 0.09702029824256897, 0.7622730135917664, 0.06677108258008957, -0.0903008887852871, 0.4733635170678383, -4.660891157887566, 9362.0, 30146.0, 35388.0, 9362.0, 8.390083312988281, 0.22566591203212738, 0.005841091740876436, 0.12021773308515549, 0.008817185647785664, -0.03788277134299278, 0.9989970326423645, -0.0809110701084137, -0.07543754577636719, 1.48974609375, 1.291259765625, 0.0625457763671875, 1.493408203125
51844, -0.8364553451538086, 0.9608962535858154, -1.0561628341674805, -29.718643188476562, 33.87591552734375, -14.146339416503906, -3.057053565979004, 3.2935917377471924, -0.5306236743927002, 0.09712473303079605, 0.7622246742248535, 0.06658362597227097, -0.14553094499479283, 0.5779018938948468, -4.681747672360963, 9362.0, 30146.0, 35388.0, 9362.0, 8.390083312988281, -0.16138328611850739, -0.13812023401260376, 0.30990758538246155, 0.008817185647785664, -0.03788277134299278, 0.9989970326423645, -0.0809110701084137, -0.07543754577636719, 1.48974609375, 1.291259765625, 0.0625457763671875, 1.496337890625
51904, -0.8368319272994995, 0.9617191553115845, -1.0583401918411255, -29.902355194091797, 34.073795318603516, -14.178182601928711, -3.066760778427124, 3.3023757934570312, -0.5308953523635864, 0.0969935804605484, 0.7623054385185242, 0.06683634221553802, -0.11467362089741497, 0.4808331495240168, -4.6706265572194745, 9362.0, 30146.0, 35388.0, 9362.0, 8.390083312988281, 0.07961167395114899, -0.06759461015462875, 0.14632447063922882, 0.007950161583721638, -0.037207670509815216, 0.9996529817581177, -0.0809110701084137, -0.07543754577636719, 1.48974609375, 1.298583984375, 0.051055908203125, 1.49267578125
51914, -0.8369299173355103, 0.962811291217804, -1.058275818824768, -29.93303108215332, 34.10682678222656, -14.183491706848145, -3.0683753490448, 3.3038389682769775, -0.5309503078460693, 0.096925750374794, 0.7623181343078613, 0.06681203842163086, -0.10295460247377869, 0.5205350640000859, -4.635147360846936, 9362.0, 30146.0, 35388.0, 9362.0, 8.390083312988281, 0.07961167395114899, -0.06759461015462875, 0.14632447063922882, 0.009572570212185383, -0.039695195853710175, 0.9972106218338013, -0.0809110701084137, -0.07543754577636719, 1.48974609375, 1.298583984375, 0.051055908203125, 1.49267578125
51924, -0.8366654515266418, 0.9651697278022766, -1.057958960533142, -29.963722229003906, 34.13987350463867, -14.188800811767578, -3.069995164871216, 3.305302143096924, -0.5309607982635498, 0.09700582921504974, 0.7622926831245422, 0.06681428104639053, -0.0910554607993899, 0.46335921259952784, -4.668780549902441, 9362.0, 30146.0, 35388.0, 9362.0, 8.390083312988281, 0.07961167395114899, -0.06759461015462875, 0.14632447063922882, 0.009616571478545666, -0.035644546151161194, 0.9995858669281006, -0.0809110701084137, -0.07543754577636719, 1.48974609375, 1.298583984375, 0.051055908203125, 1.494873046875
51934, -0.838324785232544, 0.9634919166564941, -1.0554900169372559, -29.963722229003906, 34.13987350463867, -14.188800811767578, -3.069995164871216, 3.305302143096924, -0.5309607982635498, 0.09710566699504852, 0.7622226476669312, 0.06656234711408615, -0.15167108451894543, 0.5697187240197934, -4.678945825136372, 9362.0, 30146.0, 35388.0, 9362.0, 8.390083312988281, 0.07961167395114899, -0.06759461015462875, 0.14632447063922882, 0.008902646601200104, -0.03650291636586189, 0.9993188977241516, -0.0809110701084137, -0.07543754577636719, 1.48974609375, 1.298583984375, 0.051055908203125, 1.494873046875
51944, -0.8379833698272705, 0.9661900997161865, -1.0548338890075684, -29.963722229003906, 34.13987350463867, -14.188800811767578, -3.069995164871216, 3.305302143096924, -0.5309607982635498, 0.09710612893104553, 0.7622331976890564, 0.0665571466088295, -0.14581104007277945, 0.5729684936376884, -4.676382293283227, 9362.0, 30146.0, 35388.0, 9362.0, 8.390083312988281, 0.07961167395114899, -0.06759461015462875, 0.14632447063922882, 0.008077763952314854, -0.03662486374378204, 0.9983507990837097, -0.0809110701084137, -0.07543754577636719, 1.48974609375, 1.298583984375, 0.051055908203125, 1.494873046875
51954, -0.8381780982017517, 0.9677456617355347, -1.0548464059829712, -29.963722229003906, 34.13987350463867, -14.188800811767578, -3.069995164871216, 3.305302143096924, -0.5309607982635498, 0.09694688022136688, 0.7623193264007568, 0.0668005645275116, -0.10473105016952475, 0.5188347637163702, -4.6367553186554655, 9362.0, 30146.0, 35388.0, 9362.0, 8.390083312988281, -0.15504629909992218, -0.07513486593961716, -0.17316533625125885, 0.008077763952314854, -0.03662486374378204, 0.9983507990837097, -0.0809110701084137, -0.07543754577636719, 1.48974609375, 1.298583984375, 0.051055908203125, 1.494873046875
52034, -0.8354290723800659, 0.9756458401679993, -1.0554835796356201, -30.302404403686523, 34.50434112548828, -14.24726676940918, -3.087930679321289, 3.3214190006256104, -0.5317444801330566, 0.09701859951019287, 0.7622872591018677, 0.06676182895898819, -0.08645252345098835, 0.4695179344070084, -4.654531732254754, 9362.0, 30146.0, 35388.0, 9362.0, 8.390083312988281, 0.30530697107315063, 0.15061378479003906, 0.15141929686069489, 0.008357516489923, -0.03628116846084595, 0.9998611211776733, -0.07741862535476685, -0.06647872924804688, 1.490478515625, 1.298583984375, 0.051055908203125, 1.4912109375
52064, -0.8352451920509338, 0.9752274751663208, -1.0557483434677124, -30.36419677734375, 34.57080078125, -14.257899284362793, -3.091222047805786, 3.324345827102661, -0.5316238403320312, 0.09700105339288712, 0.7622843384742737, 0.06677398830652237, -0.0956514344504075, 0.4805220704644455, -4.6620811936983335, 9362.0, 30146.0, 35388.0, 9362.0, 8.390083312988281, 0.2178526669740677, 0.08208587020635605, -0.12442374974489212, 0.009014392271637917, -0.03539005666971207, 0.9984566569328308, -0.07741862535476685, -0.06647872924804688, 1.490478515625, 1.298583984375, 0.051055908203125, 1.496337890625
52074, -0.8339090347290039, 0.9749754071235657, -1.0559674501419067, -30.36419677734375, 34.57080078125, -14.257899284362793, -3.091222047805786, 3.324345827102661, -0.5316238403320312, 0.09703654795885086, 0.7622432112693787, 0.06658673286437988, -0.14810896009266208, 0.6338943674180655, -4.645856103713888, 9362.0, 30146.0, 35388.0, 9362.0, 8.390083312988281, -0.0022392135579138994, -0.026105972006917, 0.11333935707807541, 0.009014392271637917, -0.03539005666971207, 0.9984566569328308, -0.07741862535476685, -0.06647872924804688, 1.490478515625, 1.298583984375, 0.051055908203125, 1.496337890625
52134, -0.8346675634384155, 0.9795979261398315, -1.055079460144043, -30.61202049255371, 34.83721160888672, -14.300466537475586, -3.104372024536133, 3.3360092639923096, -0.5324431657791138, 0.09700024127960205, 0.7622935175895691, 0.06678150594234467, -0.09810559614680017, 0.46913820536843787, -4.66773446055877, 9362.0, 30146.0, 35388.0, 9362.0, 8.390083312988281, 0.07550299912691116, 0.061025120317935944, 0.11798003315925598, 0.008251509629189968, -0.03833429142832756, 0.9998140335083008, -0.07818245142698288, -0.030637741088867188, 1.493408203125, 1.319091796875, 0.0279998779296875, 1.48974609375
52144, -0.8334622979164124, 0.9817613959312439, -1.054078221321106, -30.6430721282959, 34.87057876586914, -14.305790901184082, -3.106020450592041, 3.337470769882202, -0.5323936939239502, 0.09697189182043076, 0.7623093724250793, 0.06679045408964157, -0.10212058604524754, 0.4969125671327106, -4.652640158418308, 9362.0, 30146.0, 35388.0, 9362.0, 8.390083312988281, 0.07550299912691116, 0.061025120317935944, 0.11798003315925598, 0.008269724436104298, -0.03817728906869888, 1.0006250143051147, -0.07818245142698288, -0.030637741088867188, 1.493408203125, 1.319091796875, 0.0279998779296875, 1.48974609375
52174, -0.8338091969490051, 0.9836933016777039, -1.0531480312347412, -30.736326217651367, 34.97077178955078, -14.32176399230957, -3.110978364944458, 3.341848373413086, -0.5324426293373108, 0.09692932665348053, 0.7623249292373657, 0.06680332869291306, -0.10330760590237217, 0.524781398322915, -4.635180769533454, 9362.0, 30146.0, 35388.0, 9362.0, 8.390083312988281, 0.1158645749092102, -0.07396329939365387, 0.33518606424331665, 0.008079874329268932, -0.0370510071516037, 1.000536561012268, -0.07818245142698288, -0.030637741088867188, 1.493408203125, 1.319091796875, 0.0279998779296875, 1.491943359375
52184, -0.8348045945167542, 0.9818868041038513, -1.053057312965393, -30.736326217651367, 34.97077178955078, -14.32176399230957, -3.110978364944458, 3.341848373413086, -0.5324426293373108, 0.09700997173786163, 0.7622963190078735, 0.06676945835351944, -0.08290454873310169, 0.47597900414106675, -4.661890690103088, 9362.0, 30146.0, 35388.0, 9362.0, 8.390083312988281, 0.1158645749092102, -0.07396329939365387, 0.33518606424331665, 0.008829471655189991, -0.036412324756383896, 0.9977390766143799, -0.07818245142698288, -0.030637741088867188, 1.493408203125, 1.319091796875, 0.0279998779296875, 1.491943359375
52194, -0.8346529603004456, 0.983411431312561, -1.0529189109802246, -30.736326217651367, 34.97077178955078, -14.32176399230957, -3.110978364944458, 3.341848373413086, -0.5324426293373108, 0.09704262763261795, 0.7622560262680054, 0.06660734862089157, -0.15867801718213628, 0.6362662016059346, -4.649869422429058, 9362.0, 30146.0, 35388.0, 9362.0, 8.390083312988281, 0.09322761744260788, 0.0896194577217102, 0.21468648314476013, 0.008829471655189991, -0.036412324756383896, 0.9977390766143799, -0.07818245142698288, -0.030637741088867188, 1.493408203125, 1.319091796875, 0.0279998779296875, 1.491943359375
52244, -0.8326295018196106, 0.9825009107589722, -1.0516281127929688, -30.95450210571289, 35.205055236816406, -14.359049797058105, -3.1225671768188477, 3.3520548343658447, -0.532776951789856, 0.09691517055034637, 0.7623278498649597, 0.06682300567626953, -0.1105524525187739, 0.5211853325590994, -4.6291848845563095, 9362.0, 30146.0, 35388.0, 9362.0, 8.390083312988281, 0.13983575999736786, -0.25383612513542175, -0.3735094964504242, 0.008471040986478329, -0.04041483625769615, 0.9989469051361084, -0.07818245142698288, -0.030637741088867188, 1.493408203125, 1.32421875, 0.024139404296875, 1.49560546875
52254, -0.8318716287612915, 0.980851948261261, -1.0514634847640991, -30.985736846923828, 35.238582611083984, -14.364377975463867, -3.1242222785949707, 3.3535091876983643, -0.532922625541687, 0.096934974193573, 0.7623201608657837, 0.06681500375270844, -0.10716794718859399, 0.5208782042412281, -4.636329225577849, 9362.0, 30146.0, 35388.0, 9362.0, 8.390083312988281, 0.13983575999736786, -0.25383612513542175, -0.3735094964504242, 0.009139417670667171, -0.03822365403175354, 0.9985588192939758, -0.07818245142698288, -0.030637741088867188, 1.493408203125, 1.32421875, 0.024139404296875, 1.49560546875
52274, -0.8316767811775208, 0.9803451299667358, -1.054131269454956, -31.048254013061523, 35.30568313598633, -14.375039100646973, -3.1275269985198975, 3.356417179107666, -0.5331801772117615, 0.09692375361919403, 0.7623138427734375, 0.06681233644485474, -0.11286668365300805, 0.5240432522827803, -4.636544044721775, 9362.0, 30146.0, 35388.0, 9362.0, 8.390083312988281, -0.012938965111970901, -0.10121273994445801, -0.23432941734790802, 0.009182863868772984, -0.036303047090768814, 0.9997074007987976, -0.07818245142698288, -0.030637741088867188, 1.493408203125, 1.32421875, 0.024139404296875, 1.49267578125
52284, -0.8316313028335571, 0.9802280068397522, -1.0556483268737793, -31.048254013061523, 35.30568313598633, -14.375039100646973, -3.1275269985198975, 3.356417179107666, -0.5331801772117615, 0.09710817784070969, 0.7622180581092834, 0.06653633713722229, -0.15130457427050262, 0.5776577549382012, -4.679325949099212, 9362.0, 30146.0, 35388.0, 9362.0, 8.390083312988281, -0.012938965111970901, -0.10121273994445801, -0.23432941734790802, 0.008027073927223682, -0.036204200237989426, 0.9992766976356506, -0.07818245142698288, -0.030637741088867188, 1.493408203125, 1.32421875, 0.024139404296875, 1.49267578125
52314, -0.8308414220809937, 0.9783694744110107, -1.0569157600402832, -31.17348861694336, 35.44005584716797, -14.396373748779297, -3.134127140045166, 3.362229824066162, -0.5336587429046631, 0.09708291292190552, 0.7622575759887695, 0.06671016663312912, -0.07115594172761767, 0.5075752918907597, -4.6009879930275055, 9362.0, 30146.0, 35388.0, 9362.0, 8.390083312988281, -0.06728345900774002, 0.2071666121482849, 0.03095139004290104, 0.009311280213296413, -0.03628397732973099, 0.9989911913871765, -0.07818245142698288, -0.030637741088867188, 1.493408203125, 1.32421875, 0.024139404296875, 1.494873046875
52324, -0.8295686841011047, 0.9785733222961426, -1.0570623874664307, -31.204837799072266, 35.47368621826172, -14.401711463928223, -3.1357760429382324, 3.3636817932128906, -0.5338075757026672, 0.0970454216003418, 0.7622693181037903, 0.06660376489162445, -0.15137424786300524, 0.6252122102641522, -4.64611666282171, 9362.0, 30146.0, 35388.0, 9362.0, 8.390083312988281, 0.02156260423362255, 0.18011347949504852, 0.17397573590278625, 0.008847244083881378, -0.03595728799700737, 1.0002449750900269, -0.07818245142698288, -0.030637741088867188, 1.493408203125, 1.32421875, 0.024139404296875, 1.494873046875
52344, -0.8284123539924622, 0.9766513705253601, -1.0565065145492554, -31.26758575439453, 35.54098892211914, -14.412388801574707, -3.1390719413757324, 3.3665850162506104, -0.5339066982269287, 0.09703639149665833, 0.762255072593689, 0.06660281866788864, -0.158206658282405, 0.6302038971018931, -4.647754860159602, 9362.0, 30146.0, 35388.0, 9362.0, 8.390083312988281, 0.1240326464176178, 0.19176429510116577, -0.05713433027267456, 0.009026596322655678, -0.03860308602452278, 1.0008208751678467, -0.07818245142698288, -0.030637741088867188, 1.493408203125, 1.32421875, 0.024139404296875, 1.49267578125
52364, -0.8286309838294983, 0.9748098850250244, -1.0567219257354736, -31.330400466918945, 35.60834884643555, -14.423068046569824, -3.142364501953125, 3.3694849014282227, -0.5339245796203613, 0.0969202071428299, 0.7623103857040405, 0.06683311611413956, -0.10905106073587187, 0.5208117983954423, -4.643516361562092, 9362.0, 30146.0, 35388.0, 9362.0, 8.390083312988281, -0.06461538374423981, 0.1764298975467682, 0.14203916490077972, 0.007600143551826477, -0.035793960094451904, 0.9985179901123047, -0.08287357538938522, -0.05751800537109375, 1.4912109375, 1.32421875, 0.024139404296875, 1.494873046875
52374, -0.8287312984466553, 0.9743657112121582, -1.0566012859344482, -31.361831665039062, 35.642051696777344, -14.428406715393066, -3.1440088748931885, 3.37093448638916, -0.5338894128799438, 0.09712409228086472, 0.7622342109680176, 0.06658405810594559, -0.14702799699876537, 0.5702738652404094, -4.685317021217931, 9362.0, 30146.0, 35388.0, 9362.0, 8.390083312988281, -0.06461538374423981, 0.1764298975467682, 0.14203916490077972, 0.00886891782283783, -0.03514285758137703, 1.000285267829895, -0.08287357538938522, -0.05751800537109375, 1.4912109375, 1.32421875, 0.024139404296875, 1.494873046875
52384, -0.8263664245605469, 0.9752259850502014, -1.056370496749878, -31.393280029296875, 35.6757698059082, -14.433746337890625, -3.1456491947174072, 3.3723819255828857, -0.5340529680252075, 0.09709062427282333, 0.7622619271278381, 0.06662296503782272, -0.12695533278519602, 0.5815202674658622, -4.646421980270132, 9362.0, 30146.0, 35388.0, 9362.0, 8.390083312988281, -0.06461538374423981, 0.1764298975467682, 0.14203916490077972, 0.008394229225814342, -0.038509245961904526, 1.0015381574630737, -0.08287357538938522, -0.05751800537109375, 1.4912109375, 1.32421875, 0.024139404296875, 1.494873046875
52444, -0.8278698921203613, 0.9819294810295105, -1.05990469455719, -31.58231544494629, 35.87837219238281, -14.46577262878418, -3.1555256843566895, 3.381068229675293, -0.5336288809776306, 0.09701656550168991, 0.762290358543396, 0.06679106503725052, -0.08842725577921837, 0.46321959877548124, -4.666095673518205, 9362.0, 30146.0, 35388.0, 9362.0, 8.390083312988281, 0.10183896869421005, 0.4043373465538025, -0.028104105964303017, 0.007777080871164799, -0.03876881301403046, 1.0001904964447021, -0.08287357538938522, -0.05751800537109375, 1.4912109375, 1.3154296875, 0.03118896484375, 1.493408203125
52454, -0.8273359537124634, 0.9786722660064697, -1.0611181259155273, -31.61387825012207, 35.91218948364258, -14.471109390258789, -3.157177686691284, 3.382513999938965, -0.533667802810669, 0.09692466259002686, 0.7623154520988464, 0.066836878657341, -0.1069749170501718, 0.5287938592273065, -4.635243513406564, 9362.0, 30146.0, 35388.0, 9362.0, 8.390083312988281, 0.01818159595131874, -0.2915637493133545, 0.22607804834842682, 0.007777080871164799, -0.03876881301403046, 1.0001904964447021, -0.08287357538938522, -0.05751800537109375, 1.4912109375, 1.3154296875, 0.03118896484375, 1.494873046875
52464, -0.8274516463279724, 0.9798283576965332, -1.0601578950881958, -31.645458221435547, 35.946022033691406, -14.476446151733398, -3.1588315963745117, 3.3839619159698486, -0.533714234828949, 0.09698355942964554, 0.7623242139816284, 0.06687109172344208, -0.05921237784731713, 0.4686069952640537, -4.628035102006363, 9362.0, 30146.0, 35388.0, 9362.0, 8.390083312988281, 0.06268496066331863, -0.18262502551078796, -0.09183073788881302, 0.008037339895963669, -0.038713958114385605, 0.999692440032959, -0.08287357538938522, -0.05751800537109375, 1.4912109375, 1.3154296875, 0.03118896484375, 1.496337890625
52484, -0.826970100402832, 0.9803767800331116, -1.0625149011611938, -31.708667755126953, 36.01373291015625, -14.487123489379883, -3.1621270179748535, 3.386852741241455, -0.534026026725769, 0.09700782597064972, 0.7622886896133423, 0.0668170228600502, -0.1031746274713874, 0.4703974047606039, -4.668141342442684, 9362.0, 30146.0, 35388.0, 9362.0, 8.390083312988281, 0.07017520070075989, -0.16883502900600433, -0.14791637659072876, 0.009123296476900578, -0.04017476737499237, 0.9994350075721741, -0.08287357538938522, -0.05751800537109375, 1.4912109375, 1.313232421875, 0.0333251953125, 1.49560546875
52494, -0.8271926641464233, 0.9789344668388367, -1.0637561082839966, -31.740297317504883, 36.047607421875, -14.492463111877441, -3.163780689239502, 3.3883018493652344, -0.5339801907539368, 0.09702108055353165, 0.7622800469398499, 0.06666827946901321, -0.17681945654331635, 0.6383625541015192, -4.656489926678146, 9362.0, 30146.0, 35388.0, 9362.0, 8.390083312988281, 0.07017520070075989, -0.16883502900600433, -0.14791637659072876, 0.008737203665077686, -0.036482661962509155, 0.9982207417488098, -0.08287357538938522, -0.05751800537109375, 1.4912109375, 1.323486328125, 0.024688720703125, 1.493408203125
52504, -0.8253315687179565, 0.9768170118331909, -1.0635123252868652, -31.771944046020508, 36.08149719238281, -14.497802734375, -3.1654322147369385, 3.3897485733032227, -0.5339902639389038, 0.0968935415148735, 0.7623492479324341, 0.06689850240945816, -0.0741664175484765, 0.5205322595882365, -4.603948074817196, 9362.0, 30146.0, 35388.0, 9362.0, 8.390083312988281, 0.08591962605714798, -0.5090593099594116, -0.07675186544656754, 0.009935189969837666, -0.03848177567124367, 1.0002899169921875, -0.08287357538938522, -0.05751800537109375, 1.4912109375, 1.323486328125, 0.024688720703125, 1.493408203125
52514, -0.8252376317977905, 0.9803354144096375, -1.0647939443588257, -31.803606033325195, 36.11540222167969, -14.503143310546875, -3.167078971862793, 3.391193151473999, -0.534170925617218, 0.09703443199396133, 0.762265145778656, 0.06663095951080322, -0.15808896579363468, 0.6388559171479926, -4.653851173867577, 9362.0, 30146.0, 35388.0, 9362.0, 8.390083312988281, -0.13217391073703766, 0.17063255608081818, 0.13095755875110626, 0.010610195808112621, -0.0366295650601387, 1.0012476444244385, -0.08287357538938522, -0.05751800537109375, 1.4912109375, 1.323486328125, 0.024688720703125, 1.493408203125
52524, -0.8263119459152222, 0.9804849028587341, -1.0654953718185425, -31.835285186767578, 36.149322509765625, -14.508484840393066, -3.168724298477173, 3.392637014389038, -0.5341998338699341, 0.09701944887638092, 0.7622901797294617, 0.0668107122182846, -0.0909909333113518, 0.4695608010868284, -4.672208872354308, 9362.0, 30146.0, 35388.0, 9362.0, 8.390083312988281, 0.22950778901576996, -0.018591715022921562, 0.24735048413276672, 0.009104283526539803, -0.03644963726401329, 1.000381350517273, -0.08287357538938522, -0.05751800537109375, 1.4912109375, 1.323486328125, 0.024688720703125, 1.493408203125
52554, -0.826914370059967, 0.9835452437400818, -1.0670433044433594, -31.930421829223633, 36.251163482666016, -14.524507522583008, -3.173685312271118, 3.3969733715057373, -0.5340855717658997, 0.0970040112733841, 0.7622867822647095, 0.06677579134702682, -0.08960664671487964, 0.4628950175247155, -4.668910393545173, 9362.0, 30146.0, 35388.0, 9362.0, 8.390083312988281, -0.04769160971045494, -0.02608010359108448, -0.03380563110113144, 0.009859675541520119, -0.03847699239850044, 1.0010963678359985, -0.08287357538938522, -0.05751800537109375, 1.4912109375, 1.323486328125, 0.024688720703125, 1.493408203125
52654, -0.8266770243644714, 0.9883965253829956, -1.0686112642288208, -32.24862289428711, 36.591583251953125, -14.577947616577148, -3.1903152465820312, 3.4114253520965576, -0.5348102450370789, 0.09700991213321686, 0.7622945308685303, 0.06679050624370575, -0.09097440357792567, 0.4676007737703287, -4.660629494686906, 9362.0, 30146.0, 35388.0, 9362.0, 8.390083312988281, 0.01830206997692585, 0.4708786904811859, 0.04612622782588005, 0.007797786965966225, -0.0379379503428936, 0.9996032118797302, -0.08287357538938522, -0.05751800537109375, 1.4912109375, 1.29931640625, 0.0500640869140625, 1.49560546875
52674, -0.8251939415931702, 0.9876030087471008, -1.070206642150879, -32.24862289428711, 36.591583251953125, -14.577947616577148, -3.1903152465820312, 3.4114253520965576, -0.5348102450370789, 0.09699762612581253, 0.7622888088226318, 0.06678721308708191, -0.09767381324097754, 0.4727380658737843, -4.665447319090583, 9362.0, 30146.0, 35388.0, 9362.0, 8.390083312988281, 0.2682918310165405, 0.019214199855923653, -0.08688914775848389, 0.009449277073144913, -0.035844240337610245, 1.00067937374115, -0.08287357538938522, -0.05751800537109375, 1.4912109375, 1.2978515625, 0.05224609375, 1.49560546875
52684, -0.8248674869537354, 0.9884560704231262, -1.0710992813110352, -32.24862289428711, 36.591583251953125, -14.577947616577148, -3.1903152465820312, 3.4114253520965576, -0.5348102450370789, 0.0970388725399971, 0.7622517347335815, 0.06661060452461243, -0.16330749645050102, 0.6385252286690104, -4.660910894049618, 9362.0, 30146.0, 35388.0, 9362.0, 8.390083312988281, -0.10683420300483704, -0.09868219494819641, 0.011182560585439205, 0.009449277073144913, -0.035844240337610245, 1.00067937374115, -0.08287357538938522, -0.05751800537109375, 1.4912109375, 1.2978515625, 0.05224609375, 1.49560546875
52754, -0.822159469127655, 0.9858168363571167, -1.0760657787322998, -32.53642272949219, 36.89919662475586, -14.626093864440918, -3.2052931785583496, 3.4244236946105957, -0.535223662853241, 0.09691713750362396, 0.7623143792152405, 0.06684078276157379, -0.10260712824048154, 0.5201281945106189, -4.639845818964034, 9362.0, 30146.0, 35388.0, 9362.0, 8.390083312988281, 0.11258384585380554, -0.13691160082817078, -0.1933477371931076, 0.009457635693252087, -0.038086310029029846, 0.9985284805297852, -0.08287357538938522, -0.05751800537109375, 1.4912109375, 1.29345703125, 0.05889892578125, 1.491943359375
52784, -0.8225410580635071, 0.988420307636261, -1.076499342918396, -32.66476821899414, 37.03628921508789, -14.647507667541504, -3.211932420730591, 3.4301793575286865, -0.5354839563369751, 0.0971122682094574, 0.7622334957122803, 0.06655766069889069, -0.14402617489276132, 0.5739422593131565, -4.6763824182149385, 9362.0, 30146.0, 35388.0, 9362.0, 8.390083312988281, -0.04918305203318596, -0.0070379083044826984, -0.1795310378074646, 0.007952130399644375, -0.039165157824754715, 1.0005640983581543, -0.08287357538938522, -0.05751800537109375, 1.4912109375, 1.29345703125, 0.05889892578125, 1.491943359375
52794, -0.8232670426368713, 0.9885177612304688, -1.0775506496429443, -32.66476821899414, 37.03628921508789, -14.647507667541504, -3.211932420730591, 3.4301793575286865, -0.5354839563369751, 0.09700581431388855, 0.7622885704040527, 0.06679176539182663, -0.09556787269938516, 0.4593712148972884, -4.661811922910436, 9362.0, 30146.0, 35388.0, 9362.0, 8.390083312988281, -0.02111470140516758, 0.06618393957614899, -0.04284423589706421, 0.007952130399644375, -0.039165157824754715, 1.0005640983581543, -0.08287357538938522, -0.05751800537109375, 1.4912109375, 1.29345703125, 0.05889892578125, 1.491943359375
52814, -0.8232784867286682, 0.9874851107597351, -1.0757988691329956, -32.761199951171875, 37.139259338378906, -14.663572311401367, -3.2169322967529297, 3.4345016479492188, -0.5355111360549927, 0.09700264036655426, 0.7622861862182617, 0.06679002195596695, -0.0967720081335392, 0.45950526140828174, -4.671925678553353, 9362.0, 30146.0, 35388.0, 9362.0, 8.390083312988281, 0.04125065356492996, -0.04099106043577194, 0.1989130675792694, 0.009455623105168343, -0.037617702037096024, 0.9996011853218079, -0.08287357538938522, -0.05751800537109375, 1.4912109375, 1.29345703125, 0.05889892578125, 1.491943359375
52894, -0.8240044116973877, 0.9838323593139648, -1.0732029676437378, -33.01908874511719, 37.41448211669922, -14.70639705657959, -3.2302186489105225, 3.4460370540618896, -0.5351330041885376, 0.09700199216604233, 0.7622901201248169, 0.06678090244531631, -0.09649828561526434, 0.45521373691545364, -4.669854918056651, 9362.0, 30146.0, 35388.0, 9362.0, 8.390083312988281, -0.020524926483631134, -0.049696337431669235, 0.33710673451423645, 0.010668003931641579, -0.03885030001401901, 0.9996206760406494, -0.08287357538938522, -0.05751800537109375, 1.4912109375, 1.297119140625, 0.0532379150390625, 1.494873046875
52914, -0.8243013620376587, 0.9836363196372986, -1.0750720500946045, -33.08372497558594, 37.483428955078125, -14.71710205078125, -3.233525276184082, 3.4489169120788574, -0.5354371666908264, 0.0970873087644577, 0.7622382640838623, 0.06661589443683624, -0.1670179702617804, 0.5895597184165524, -4.685517178690358, 9362.0, 30146.0, 35388.0, 9362.0, 8.390083312988281, -0.04956827312707901, 0.4282512664794922, -0.25854283571243286, 0.008142753504216671, -0.03848360478878021, 0.9991929531097412, -0.08287357538938522, -0.05751800537109375, 1.4912109375, 1.297119140625, 0.0532379150390625, 1.493408203125
52924, -0.8237892985343933, 0.9820385575294495, -1.075613021850586, -33.08372497558594, 37.483428955078125, -14.71710205078125, -3.233525276184082, 3.4489169120788574, -0.5354371666908264, 0.09691338986158371, 0.7623196244239807, 0.06681657582521439, -0.10342402276519573, 0.514240980778851, -4.638185938681188, 9362.0, 30146.0, 35388.0, 9362.0, 8.390083312988281, 0.015131446532905102, -0.17951887845993042, -0.2574588656425476, 0.008142753504216671, -0.03848360478878021, 0.9991929531097412, -0.08287357538938522, -0.05751800537109375, 1.4912109375, 1.297119140625, 0.0532379150390625, 1.493408203125
52974, -0.8222352266311646, 0.9758102893829346, -1.0761255025863647, -33.27803421020508, 37.69062423706055, -14.749236106872559, -3.2434403896331787, 3.457559823989868, -0.5358395576477051, 0.0969650000333786, 0.7622966766357422, 0.06681306660175323, -0.09772146228530396, 0.4975793792743559, -4.65380382520486, 9362.0, 30146.0, 35388.0, 9362.0, 8.390083312988281, -0.1300908625125885, -0.4147171080112457, -0.07154927402734756, 0.00825329776853323, -0.03914390876889229, 0.9992824792861938, -0.08287357538938522, -0.05751800537109375, 1.4912109375, 1.297119140625, 0.0532379150390625, 1.493408203125
52984, -0.8223377466201782, 0.9749481081962585, -1.0753893852233887, -33.31047821044922, 37.7252082824707, -14.754594802856445, -3.245086669921875, 3.459001302719116, -0.5359203219413757, 0.09700489789247513, 0.762287437915802, 0.06678472459316254, -0.08955438568640678, 0.4731916281922963, -4.666111119443707, 9362.0, 30146.0, 35388.0, 9362.0, 8.390083312988281, -0.1300908625125885, -0.4147171080112457, -0.07154927402734756, 0.007971113547682762, -0.038890473544597626, 0.9980705976486206, -0.08287357538938522, -0.05751800537109375, 1.4912109375, 1.297119140625, 0.0532379150390625, 1.493408203125
53024, -0.8192922472953796, 0.9773925542831421, -1.076442003250122, -33.40790557861328, 37.82904052734375, -14.770679473876953, -3.250011920928955, 3.463310718536377, -0.5364015698432922, 0.09699265658855438, 0.7622947096824646, 0.06679189950227737, -0.10121443879170582, 0.4622868200936807, -4.669585572299141, 9362.0, 30146.0, 35388.0, 9362.0, 8.390083312988281, -0.174610435962677, 0.25866764783859253, 0.07155533879995346, 0.008716651238501072, -0.0354464128613472, 0.9989120364189148, -0.08287357538938522, -0.05751800537109375, 1.4912109375, 1.297119140625, 0.0532379150390625, 1.49267578125
53034, -0.8201445937156677, 0.9758858680725098, -1.0758508443832397, -33.40790557861328, 37.82904052734375, -14.770679473876953, -3.250011920928955, 3.463310718536377, -0.5364015698432922, 0.09709497541189194, 0.7622258067131042, 0.06655421108007431, -0.1450119405519453, 0.5775930923956025, -4.6817590350334335, 9362.0, 30146.0, 35388.0, 9362.0, 8.390083312988281, -0.174610435962677, 0.25866764783859253, 0.07155533879995346, 0.008716651238501072, -0.0354464128613472, 0.9989120364189148, -0.08287357538938522, -0.05751800537109375, 1.4912109375, 1.297119140625, 0.0532379150390625, 1.49267578125
53044, -0.8189374208450317, 0.974370002746582, -1.0762779712677002, -33.50547790527344, 37.933006286621094, -14.786776542663574, -3.254948377609253, 3.4676167964935303, -0.5366032719612122, 0.09698568284511566, 0.7622827291488647, 0.06680968403816223, -0.09385560994824241, 0.4617420002379049, -4.669033098745208, 9362.0, 30146.0, 35388.0, 9362.0, 8.390083312988281, -0.04632144793868065, 0.18217889964580536, 0.16457222402095795, 0.008716651238501072, -0.0354464128613472, 0.9989120364189148, -0.08287357538938522, -0.05751800537109375, 1.4912109375, 1.297119140625, 0.0532379150390625, 1.491943359375
53054, -0.8192629218101501, 0.9739534258842468, -1.0747506618499756, -33.50547790527344, 37.933006286621094, -14.786776542663574, -3.254948377609253, 3.4676167964935303, -0.5366032719612122, 0.09690836817026138, 0.7623176574707031, 0.06683067232370377, -0.1043531469331026, 0.5221453905814428, -4.641259408429868, 9362.0, 30146.0, 35388.0, 9362.0, 8.390083312988281, 0.10601961612701416, -0.25740766525268555, -0.2087661176919937, 0.008716651238501072, -0.0354464128613472, 0.9989120364189148, -0.08287357538938522, -0.05751800537109375, 1.4912109375, 1.297119140625, 0.0532379150390625, 1.491943359375
53134, -0.8182521462440491, 0.9819757342338562, -1.0803728103637695, -33.76639938354492, 38.21087646484375, -14.829715728759766, -3.2681164741516113, 3.4790921211242676, -0.5365666747093201, 0.09699583053588867, 0.7622741460800171, 0.06680359691381454, -0.0881592435393875, 0.46870634242023357, -4.667841990749815, 9362.0, 30146.0, 35388.0, 9362.0, 8.390083312988281, 0.0011792444856837392, -0.10963957011699677, -0.2948550581932068, 0.009212693199515343, -0.037205591797828674, 0.9985953569412231, -0.08287357538938522, -0.05751800537109375, 1.4912109375, 1.31103515625, 0.0355682373046875, 1.493408203125
53144, -0.8175198435783386, 0.9791880249977112, -1.0804640054702759, -33.76639938354492, 38.21087646484375, -14.829715728759766, -3.2681164741516113, 3.4790921211242676, -0.5365666747093201, 0.09710250049829483, 0.7622318863868713, 0.06658653169870377, -0.1477470880975887, 0.581437064011368, -4.681696293116337, 9362.0, 30146.0, 35388.0, 9362.0, 8.390083312988281, 0.10319049656391144, -0.07700391858816147, -0.264594703912735, 0.009212693199515343, -0.037205591797828674, 0.9985953569412231, -0.08287357538938522, -0.05751800537109375, 1.4912109375, 1.31103515625, 0.0355682373046875, 1.493408203125
53154, -0.8166147470474243, 0.9786784648895264, -1.082351803779602, -33.76639938354492, 38.21087646484375, -14.829715728759766, -3.2681164741516113, 3.4790921211242676, -0.5365666747093201, 0.09709613025188446, 0.7622308135032654, 0.06657353043556213, -0.15279146117683826, 0.5712330325159201, -4.679872698870653, 9362.0, 30146.0, 35388.0, 9362.0, 8.390083312988281, 0.03374500200152397, -0.0330464206635952, -0.03563622385263443, 0.009212693199515343, -0.037205591797828674, 0.9985953569412231, -0.08287357538938522, -0.05751800537109375, 1.4912109375, 1.31103515625, 0.0355682373046875, 1.493408203125
53164, -0.8158966302871704, 0.9794357419013977, -1.0833582878112793, -33.897254943847656, 38.350154876708984, -14.851184844970703, -3.274717092514038, 3.484819173812866, -0.5369994044303894, 0.09709306806325912, 0.7622300386428833, 0.06658107042312622, -0.14366203370685304, 0.5708439796506468, -4.678869028320447, 9362.0, 30146.0, 35388.0, 9362.0, 8.390083312988281, 0.04587956517934799, -0.2672443985939026, -0.03493918851017952, 0.009212693199515343, -0.037205591797828674, 0.9985953569412231, -0.08287357538938522, -0.05751800537109375, 1.4912109375, 1.31103515625, 0.0355682373046875, 1.49560546875
53204, -0.8163780570030212, 0.9830169081687927, -1.0818663835525513, -34.028377532958984, 38.489662170410156, -14.872669219970703, -3.2813148498535156, 3.4905292987823486, -0.5374680757522583, 0.09689703583717346, 0.7623130679130554, 0.06682413816452026, -0.10835164400488193, 0.5232375375985896, -4.630372916300241, 9362.0, 30146.0, 35388.0, 9362.0, 8.390083312988281, 0.2163390964269638, 0.12308456003665924, 0.2959161698818207, 0.00948447547852993, -0.037321459501981735, 0.9999083280563354, -0.08287357538938522, -0.05751800537109375, 1.4912109375, 1.31103515625, 0.0355682373046875, 1.4912109375
53214, -0.8159412741661072, 0.9823206067085266, -1.082851767539978, -34.06119918823242, 38.524574279785156, -14.878044128417969, -3.2829649448394775, 3.4919564723968506, -0.5375874638557434, 0.09710673987865448, 0.7622295022010803, 0.06656721979379654, -0.1463597636135977, 0.5833910017248627, -4.67593055122023, 9362.0, 30146.0, 35388.0, 9362.0, 8.390083312988281, 0.2163390964269638, 0.12308456003665924, 0.2959161698818207, 0.009897274896502495, -0.03837961331009865, 0.9989650249481201, -0.08287357538938522, -0.05751800537109375, 1.4912109375, 1.31103515625, 0.0355682373046875, 1.4912109375
53224, -0.8152726292610168, 0.9798597097396851, -1.081000804901123, -34.09403610229492, 38.55950164794922, -14.88341999053955, -3.284621000289917, 3.4933857917785645, -0.5376309156417847, 0.09699317812919617, 0.7622881531715393, 0.06679803878068924, -0.09185386995667223, 0.4652084591857033, -4.65886766208879, 9362.0, 30146.0, 35388.0, 9362.0, 8.390083312988281, 0.2163390964269638, 0.12308456003665924, 0.2959161698818207, 0.008136389777064323, -0.03636997193098068, 0.9981043934822083, -0.08287357538938522, -0.05751800537109375, 1.4912109375, 1.31103515625, 0.0355682373046875, 1.4912109375
53244, -0.8160317540168762, 0.9815161824226379, -1.0803775787353516, -34.15976333618164, 38.629398345947266, -14.89417552947998, -3.2879223823547363, 3.4962375164031982, -0.5379306077957153, 0.09691175818443298, 0.7623206973075867, 0.06684668362140656, -0.10478177322487987, 0.525576529531719, -4.631003360969611, 9362.0, 30146.0, 35388.0, 9362.0, 8.390083312988281, -0.08061783760786057, -0.8531497120857239, -0.20078809559345245, 0.008413974195718765, -0.037992604076862335, 0.9995629787445068, -0.08287357538938522, -0.05751800537109375, 1.4912109375, 1.31103515625, 0.0355682373046875, 1.4912109375
53254, -0.8163914680480957, 0.9877772331237793, -1.0815256834030151, -34.192649841308594, 38.66436767578125, -14.899555206298828, -3.28957462310791, 3.4976654052734375, -0.5380311608314514, 0.09705273061990738, 0.7622392177581787, 0.06659749150276184, -0.15554441895067972, 0.6049287630007711, -4.66354627534587, 9362.0, 30146.0, 35388.0, 9362.0, 8.390083312988281, -0.06854519993066788, 0.24450141191482544, -0.21145376563072205, 0.008413974195718765, -0.037992604076862335, 0.9995629787445068, -0.08287357538938522, -0.05751800537109375, 1.4912109375, 1.31103515625, 0.0355682373046875, 1.496337890625
53274, -0.8162237405776978, 0.9845198392868042, -1.0826804637908936, -34.25847625732422, 38.734352111816406, -14.910318374633789, -3.2928881645202637, 3.5005195140838623, -0.5383270978927612, 0.09698958694934845, 0.7622890472412109, 0.06679482012987137, -0.09697649773462899, 0.4632191043974103, -4.65810951491691, 9362.0, 30146.0, 35388.0, 9362.0, 8.390083312988281, -0.06854519993066788, 0.24450141191482544, -0.21145376563072205, 0.010323850437998772, -0.038860417902469635, 0.9985546469688416, -0.08287357538938522, -0.05751800537109375, 1.4912109375, 1.31103515625, 0.0355682373046875, 1.496337890625
53294, -0.8154353499412537, 0.9864347577095032, -1.0834050178527832, -34.32436752319336, 38.80438995361328, -14.921089172363281, -3.29620361328125, 3.503373622894287, -0.5387071371078491, 0.09699299931526184, 0.7622880339622498, 0.06678801774978638, -0.09766785177110548, 0.4701721643900214, -4.665273083716192, 9362.0, 30146.0, 35388.0, 9362.0, 8.390083312988281, 0.08903517574071884, -0.040130093693733215, -0.06503453850746155, 0.010715752840042114, -0.036707617342472076, 0.9978962540626526, -0.08287357538938522, -0.05751800537109375, 1.4912109375, 1.31103515625, 0.0355682373046875, 1.49560546875
53334, -0.8174750208854675, 0.9867459535598755, -1.0815904140472412, -34.45634841918945, 38.944637298583984, -14.942652702331543, -3.30283784866333, 3.509080648422241, -0.5391769409179688, 0.09691842645406723, 0.762309730052948, 0.0668141171336174, -0.11351477698865481, 0.5219477235363286, -4.631771165885754, 9362.0, 30146.0, 35388.0, 9362.0, 8.390083312988281, -0.10204664617776871, -0.08828797191381454, -0.07719700783491135, 0.009791601449251175, -0.0366453118622303, 0.9996092319488525, -0.08287357538938522, -0.05751800537109375, 1.4912109375, 1.32275390625, 0.0251312255859375, 1.493408203125
53364, -0.8188993334770203, 0.9826094508171082, -1.0822341442108154, -34.55550765991211, 39.04997253417969, -14.958827018737793, -3.30781888961792, 3.513373851776123, -0.539223849773407, 0.09699182212352753, 0.762286901473999, 0.06679926067590714, -0.09800162710623475, 0.4624318065772286, -4.662089434531085, 9362.0, 30146.0, 35388.0, 9362.0, 8.390083312988281, 0.12407313287258148, -0.016873395070433617, 0.03370705619454384, 0.009521810337901115, -0.03758494555950165, 1.000720500946045, -0.08287357538938522, -0.05751800537109375, 1.4912109375, 1.32275390625, 0.0251312255859375, 1.493408203125
53374, -0.8179047703742981, 0.983109712600708, -1.0807257890701294, -34.588592529296875, 39.085113525390625, -14.964219093322754, -3.3094754219055176, 3.5148069858551025, -0.5392100214958191, 0.09698671847581863, 0.762283205986023, 0.06680164486169815, -0.09881253514998858, 0.4635239672121827, -4.6634465658285835, 9362.0, 30146.0, 35388.0, 9362.0, 8.390083312988281, 0.12407313287258148, -0.016873395070433617, 0.03370705619454384, 0.009521810337901115, -0.03758494555950165, 1.000720500946045, -0.08287357538938522, -0.05751800537109375, 1.4912109375, 1.32275390625, 0.0251312255859375, 1.49267578125
53384, -0.8195891380310059, 0.984062135219574, -1.0812550783157349, -34.62169647216797, 39.120269775390625, -14.969611167907715, -3.311131715774536, 3.5162410736083984, -0.5392060875892639, 0.09702283889055252, 0.7622642517089844, 0.0666002556681633, -0.1576533097483226, 0.6363112965256903, -4.654753607801064, 9362.0, 30146.0, 35388.0, 9362.0, 8.390083312988281, -0.12823142111301422, -0.014480004087090492, 0.22827966511249542, 0.009521810337901115, -0.03758494555950165, 1.000720500946045, -0.08287357538938522, -0.05751800537109375, 1.4912109375, 1.32275390625, 0.0251312255859375, 1.4970703125
53414, -0.8193224668502808, 0.9836451411247253, -1.0812947750091553, -34.72110366821289, 39.2258186340332, -14.985787391662598, -3.3160994052886963, 3.520541191101074, -0.5394184589385986, 0.09703509509563446, 0.7622507810592651, 0.06661971658468246, -0.15732652360101246, 0.628229450115299, -4.650081537843662, 9362.0, 30146.0, 35388.0, 9362.0, 8.390083312988281, 0.10177077353000641, 0.1371150016784668, -0.3299330770969391, 0.009288621135056019, -0.040569670498371124, 0.9965664744377136, -0.08287357538938522, -0.05751800537109375, 1.4912109375, 1.32275390625, 0.0251312255859375, 1.494140625
53424, -0.8186123371124268, 0.9847516417503357, -1.0845496654510498, -34.72110366821289, 39.2258186340332, -14.985787391662598, -3.3160994052886963, 3.520541191101074, -0.5394184589385986, 0.09711489081382751, 0.7622292637825012, 0.06657525897026062, -0.15270997984873966, 0.5721407396202949, -4.682766748676395, 9362.0, 30146.0, 35388.0, 9362.0, 8.390083312988281, 0.11476293206214905, -0.10273449867963791, 0.06826331466436386, 0.009288621135056019, -0.040569670498371124, 0.9965664744377136, -0.08287357538938522, -0.05751800537109375, 1.4912109375, 1.32275390625, 0.0251312255859375, 1.4970703125
53464, -0.8175424933433533, 0.9897583723068237, -1.0822770595550537, -34.887115478515625, 39.40202713012695, -15.012770652770996, -3.3243935108184814, 3.5277016162872314, -0.5398359298706055, 0.0971037894487381, 0.7622185945510864, 0.06654888391494751, -0.1525790230912847, 0.579596315975067, -4.676871918841165, 9362.0, 30146.0, 35388.0, 9362.0, 8.390083312988281, 0.0460655577480793, -0.07627598196268082, -0.00547051290050149, 0.009339557029306889, -0.040871452540159225, 0.9990462064743042, -0.08287357538938522, -0.05751800537109375, 1.4912109375, 1.318359375, 0.028656005859375, 1.497802734375
53484, -0.8174230456352234, 0.9913931488990784, -1.0801740884780884, -34.953636169433594, 39.47261047363281, -15.02357006072998, -3.3277242183685303, 3.530561685562134, -0.5400846600532532, 0.09703456610441208, 0.7622712850570679, 0.06661558151245117, -0.1602034366154036, 0.6315316713825041, -4.651229212678524, 9362.0, 30146.0, 35388.0, 9362.0, 8.390083312988281, -0.21420210599899292, 0.2782452404499054, -0.026513054966926575, 0.009312574751675129, -0.03529508039355278, 0.9995215535163879, -0.08287357538938522, -0.05751800537109375, 1.4912109375, 1.318359375, 0.028656005859375, 1.494140625
53534, -0.8173247575759888, 0.9877328276634216, -1.0817073583602905, -35.12023162841797, 39.64931869506836, -15.050588607788086, -3.3360540866851807, 3.537712574005127, -0.5409038066864014, 0.09691222012042999, 0.7623201012611389, 0.06680627167224884, -0.10898796037375783, 0.5261768590767417, -4.642864730765189, 9362.0, 30146.0, 35388.0, 9362.0, 8.390083312988281, -0.015657909214496613, -0.21915458142757416, -0.4405398368835449, 0.01012916024774313, -0.037115029990673065, 0.9996095895767212, -0.08287357538938522, -0.05751800537109375, 1.4912109375, 1.318359375, 0.028656005859375, 1.491943359375
53544, -0.8177178502082825, 0.9882087707519531, -1.080678939819336, -35.15359878540039, 39.6847038269043, -15.055998802185059, -3.3377156257629395, 3.5391414165496826, -0.5410833954811096, 0.09697920083999634, 0.7622926831245422, 0.06677032262086868, -0.08920045384913312, 0.4699005820868649, -4.657850372168208, 9362.0, 30146.0, 35388.0, 9362.0, 8.390083312988281, -0.029472624883055687, -0.5062135457992554, -0.0331159345805645, 0.01012916024774313, -0.037115029990673065, 0.9996095895767212, -0.08287357538938522, -0.05751800537109375, 1.4912109375, 1.318359375, 0.028656005859375, 1.493408203125
53564, -0.8178067803382874, 0.9896005392074585, -1.0811554193496704, -35.22038650512695, 39.755516052246094, -15.06682300567627, -3.3410396575927734, 3.541999578475952, -0.5414329171180725, 0.09700320661067963, 0.7623006105422974, 0.06678738445043564, -0.09011298491276291, 0.4776472297287455, -4.664950945782859, 9362.0, 30146.0, 35388.0, 9362.0, 8.390083312988281, -0.029472624883055687, -0.5062135457992554, -0.0331159345805645, 0.007778535597026348, -0.03815620765089989, 0.9976223707199097, -0.08287357538938522, -0.05751800537109375, 1.4912109375, 1.318359375, 0.028656005859375, 1.49560546875
53584, -0.8179884552955627, 0.988860547542572, -1.0791053771972656, -35.2872428894043, 39.826385498046875, -15.077656745910645, -3.344367027282715, 3.5448555946350098, -0.5419418215751648, 0.09709097445011139, 0.7622302174568176, 0.06658174097537994, -0.1486637316473869, 0.5798934110938205, -4.676798626359477, 9362.0, 30146.0, 35388.0, 9362.0, 8.390083312988281, -0.12323687970638275, -0.06129060685634613, 0.3359076976776123, 0.008794759400188923, -0.035773683339357376, 0.9985672235488892, -0.08287357538938522, -0.05751800537109375, 1.4912109375, 1.318359375, 0.028656005859375, 1.49560546875
53664, -0.8154569864273071, 0.9915187358856201, -1.0795484781265259, -35.354164123535156, 39.897308349609375, -15.088500022888184, -3.347693920135498, 3.5477137565612793, -0.5423153638839722, 0.09709655493497849, 0.7622369527816772, 0.06660427898168564, -0.14379791517556637, 0.5851429822886018, -4.675957947593622, 9362.0, 30146.0, 35388.0, 9362.0, 8.390083312988281, 0.04318846017122269, 0.041921161115169525, 0.08143327385187149, 0.009513575583696365, -0.0348920114338398, 0.99881911277771, -0.08287357538938522, -0.05751800537109375, 1.4912109375, 1.318359375, 0.028656005859375, 1.494140625
53694, -0.8165775537490845, 0.9912853837013245, -1.0785818099975586, -35.6561279296875, 40.21717834472656, -15.13734245300293, -3.3626790046691895, 3.5605623722076416, -0.5428348183631897, 0.09696148335933685, 0.7623111605644226, 0.06684047728776932, -0.11165929267133759, 0.4675576896298992, -4.665058669527508, 9362.0, 30146.0, 35388.0, 9362.0, 8.390083312988281, 0.05758434534072876, -0.02305617742240429, 0.23288223147392273, 0.009835748001933098, -0.03719409927725792, 0.9990479946136475, -0.08287357538938522, -0.05751800537109375, 1.4912109375, 1.30517578125, 0.0422515869140625, 1.493408203125
53714, -0.8156599998474121, 0.9875959157943726, -1.0761827230453491, -35.72341537475586, 40.28841781616211, -15.148199081420898, -3.3660194873809814, 3.563422203063965, -0.5428895354270935, 0.09698416292667389, 0.76228266954422, 0.06679386645555496, -0.09330031061914414, 0.4682637294492622, -4.665407886517266, 9362.0, 30146.0, 35388.0, 9362.0, 8.390083312988281, 0.05758434534072876, -0.02305617742240429, 0.23288223147392273, 0.00969544518738985, -0.036997731775045395, 1.0004346370697021, -0.08287357538938522, -0.05751800537109375, 1.4912109375, 1.30517578125, 0.0422515869140625, 1.494140625
53724, -0.815662682056427, 0.9883526563644409, -1.0737680196762085, -35.757083892822266, 40.324058532714844, -15.1536283493042, -3.367680788040161, 3.5648481845855713, -0.5430384874343872, 0.09691782295703888, 0.7623214721679688, 0.06682955473661423, -0.10531872075854905, 0.5227920040576066, -4.639907621161617, 9362.0, 30146.0, 35388.0, 9362.0, 8.390083312988281, 0.05758434534072876, -0.02305617742240429, 0.23288223147392273, 0.009424950927495956, -0.03716304153203964, 1.0004782676696777, -0.08287357538938522, -0.05751800537109375, 1.4912109375, 1.30517578125, 0.0422515869140625, 1.494140625
53744, -0.8159679174423218, 0.9859042167663574, -1.0715938806533813, -35.82447052001953, 40.3953857421875, -15.164488792419434, -3.3710122108459473, 3.5677056312561035, -0.5430053472518921, 0.09691791981458664, 0.7623146772384644, 0.06680513918399811, -0.10028348061121033, 0.5221533278767367, -4.636977351394985, 9362.0, 30146.0, 35388.0, 9362.0, 8.390083312988281, 0.05758434534072876, -0.02305617742240429, 0.23288223147392273, 0.0076056732796132565, -0.036029815673828125, 0.9981787204742432, -0.08287357538938522, -0.05751800537109375, 1.4912109375, 1.30517578125, 0.0422515869140625, 1.494140625
53754, -0.8155144453048706, 0.9888144135475159, -1.0725163221359253, -35.82447052001953, 40.3953857421875, -15.164488792419434, -3.3710122108459473, 3.5677056312561035, -0.5430053472518921, 0.09716323018074036, 0.7621991038322449, 0.0665169209241867, -0.12809974756805628, 0.6172459691721315, -4.610906826185214, 9362.0, 30146.0, 35388.0, 9362.0, 8.390083312988281, 0.09241325408220291, 0.3669658303260803, -0.40116599202156067, 0.0076056732796132565, -0.036029815673828125, 0.9981787204742432, -0.08287357538938522, -0.05751800537109375, 1.4912109375, 1.30517578125, 0.0422515869140625, 1.494140625
53764, -0.8150714039802551, 0.987425684928894, -1.075333833694458, -35.82447052001953, 40.3953857421875, -15.164488792419434, -3.3710122108459473, 3.5677056312561035, -0.5430053472518921, 0.09698038548231125, 0.7622948288917542, 0.0668116956949234, -0.0958469218528931, 0.460361399065107, -4.668319010405745, 9362.0, 30146.0, 35388.0, 9362.0, 8.390083312988281, 0.09241325408220291, 0.3669658303260803, -0.40116599202156067, 0.0076056732796132565, -0.036029815673828125, 0.9981787204742432, -0.08287357538938522, -0.05751800537109375, 1.4912109375, 1.30517578125, 0.0422515869140625, 1.494140625
53774, -0.8157119750976562, 0.984769880771637, -1.0747625827789307, -35.92567443847656, 40.502479553222656, -15.180785179138184, -3.376002788543701, 3.571986436843872, -0.5432931780815125, 0.0969158262014389, 0.7623367309570312, 0.06685178726911545, -0.09436043322967969, 0.5245730691475217, -4.630608986190298, 9362.0, 30146.0, 35388.0, 9362.0, 8.390083312988281, 0.0029392000287771225, -0.13105717301368713, 0.1540304571390152, 0.0076056732796132565, -0.036029815673828125, 0.9981787204742432, -0.08287357538938522, -0.05751800537109375, 1.4912109375, 1.30517578125, 0.0422515869140625, 1.4912109375
53834, -0.8152325749397278, 0.980898380279541, -1.076264500617981, -36.128536224365234, 40.71705627441406, -15.21339225769043, -3.3859610557556152, 3.5805447101593018, -0.5435101985931396, 0.09699782729148865, 0.7622888684272766, 0.06679099798202515, -0.09987925343510158, 0.46803836260062326, -4.662292818765108, 9362.0, 30146.0, 35388.0, 9362.0, 8.390083312988281, -0.03732963651418686, -0.17136891186237335, 0.06322628259658813, 0.009505569003522396, -0.03681235387921333, 0.9998520612716675, -0.08287357538938522, -0.05751800537109375, 1.4912109375, 1.30517578125, 0.0422515869140625, 1.493408203125
53864, -0.8156166672706604, 0.983729898929596, -1.0770457983016968, -36.23019027709961, 40.82453918457031, -15.229697227478027, -3.3909220695495605, 3.5848264694213867, -0.543484628200531, 0.09698829799890518, 0.7622824907302856, 0.06680184602737427, -0.10037878722119284, 0.46246560757830935, -4.668450515890942, 9362.0, 30146.0, 35388.0, 9362.0, 8.390083312988281, -0.03732963651418686, -0.17136891186237335, 0.06322628259658813, 0.0078064072877168655, -0.03524963557720184, 0.9985833168029785, -0.08287357538938522, -0.05751800537109375, 1.4912109375, 1.30517578125, 0.0422515869140625, 1.493408203125
53874, -0.8161552548408508, 0.9834935069084167, -1.0759339332580566, -36.23019027709961, 40.82453918457031, -15.229697227478027, -3.3909220695495605, 3.5848264694213867, -0.543484628200531, 0.09701282531023026, 0.7622712850570679, 0.06660386919975281, -0.16289934376124984, 0.643497848006291, -4.656230146775535, 9362.0, 30146.0, 35388.0, 9362.0, 8.390083312988281, -0.03732963651418686, -0.17136891186237335, 0.06322628259658813, 0.0078064072877168655, -0.03524963557720184, 0.9985833168029785, -0.08287357538938522, -0.05751800537109375, 1.4912109375, 1.30517578125, 0.0422515869140625, 1.493408203125
53884, -0.8171288967132568, 0.9799420237541199, -1.0734193325042725, -36.23019027709961, 40.82453918457031, -15.229697227478027, -3.3909220695495605, 3.5848264694213867, -0.543484628200531, 0.09708758443593979, 0.7622226476669312, 0.06658253073692322, -0.14656076922455674, 0.5887507546331676, -4.682997645371451, 9362.0, 30146.0, 35388.0, 9362.0, 8.390083312988281, 0.10476195067167282, -0.11080797761678696, -0.09051195532083511, 0.0078064072877168655, -0.03524963557720184, 0.9985833168029785, -0.08287357538938522, -0.05751800537109375, 1.4912109375, 1.30517578125, 0.0422515869140625, 1.49267578125
53894, -0.8170770406723022, 0.9794799089431763, -1.0742955207824707, -36.23019027709961, 40.82453918457031, -15.229697227478027, -3.3909220695495605, 3.5848264694213867, -0.543484628200531, 0.09702562540769577, 0.7622718214988708, 0.06661724299192429, -0.15948220478342812, 0.6306699869395516, -4.653042173223692, 9362.0, 30146.0, 35388.0, 9362.0, 8.390083312988281, 0.10476195067167282, -0.11080797761678696, -0.09051195532083511, 0.00959277804940939, -0.03858855739235878, 0.9995888471603394, -0.08287357538938522, -0.05751800537109375, 1.4912109375, 1.30517578125, 0.0422515869140625, 1.49267578125
53934, -0.8154863715171814, 0.9810768961906433, -1.0766760110855103, -36.467960357666016, 41.075828552246094, -15.267765045166016, -3.402495861053467, 3.5948238372802734, -0.5440545678138733, 0.09694187343120575, 0.7623083591461182, 0.06680992245674133, -0.0921773387192214, 0.488428806012422, -4.650527452108559, 9362.0, 30146.0, 35388.0, 9362.0, 8.390083312988281, 0.10476195067167282, -0.11080797761678696, -0.09051195532083511, 0.007604208774864674, -0.03979242593050003, 0.9995195269584656, -0.08287357538938522, -0.05751800537109375, 1.4912109375, 1.30517578125, 0.0422515869140625, 1.496337890625
53944, -0.8148365616798401, 0.9822730422019958, -1.0780268907546997, -36.50199508666992, 41.11178207397461, -15.273205757141113, -3.404151439666748, 3.59625244140625, -0.5440096855163574, 0.09698250144720078, 0.7622846364974976, 0.06680159270763397, -0.09242366322645354, 0.465675428739587, -4.6673391921865415, 9362.0, 30146.0, 35388.0, 9362.0, 8.390083312988281, 0.10476195067167282, -0.11080797761678696, -0.09051195532083511, 0.008198989555239677, -0.03692047297954559, 0.9996637105941772, -0.08287357538938522, -0.05751800537109375, 1.4912109375, 1.30517578125, 0.0422515869140625, 1.496337890625
53964, -0.8153325319290161, 0.9810027480125427, -1.0780961513519287, -36.57011032104492, 41.18373489379883, -15.284087181091309, -3.4074578285217285, 3.5991053581237793, -0.5441223382949829, 0.09711117297410965, 0.7622156739234924, 0.06657475233078003, -0.14868988148844894, 0.5742596930365949, -4.683403995680689, 9362.0, 30146.0, 35388.0, 9362.0, 8.390083312988281, 0.10476195067167282, -0.11080797761678696, -0.09051195532083511, 0.00866466760635376, -0.03500604256987572, 0.9999440908432007, -0.08287357538938522, -0.05751800537109375, 1.4912109375, 1.30517578125, 0.0422515869140625, 1.496337890625
53974, -0.8139294385910034, 0.9822243452072144, -1.0792280435562134, -36.57011032104492, 41.18373489379883, -15.284087181091309, -3.4074578285217285, 3.5991053581237793, -0.5441223382949829, 0.09689883142709732, 0.7623187303543091, 0.06684648990631104, -0.10379286663651378, 0.5175837022376868, -4.637732515832525, 9362.0, 30146.0, 35388.0, 9362.0, 8.390083312988281, 0.012449570000171661, 0.1440243273973465, 0.044552870094776154, 0.00866466760635376, -0.03500604256987572, 0.9999440908432007, -0.08287357538938522, -0.05751800537109375, 1.4912109375, 1.30517578125, 0.0422515869140625, 1.496337890625
53984, -0.814257025718689, 0.9818264245986938, -1.0788233280181885, -36.6382942199707, 41.25574493408203, -15.294968605041504, -3.4107677936553955, 3.601958990097046, -0.5440740585327148, 0.09691773355007172, 0.7623132467269897, 0.06684374064207077, -0.10864621899282911, 0.5230885306506536, -4.63863000646149, 9362.0, 30146.0, 35388.0, 9362.0, 8.390083312988281, 0.012449570000171661, 0.1440243273973465, 0.044552870094776154, 0.00866466760635376, -0.03500604256987572, 0.9999440908432007, -0.08287357538938522, -0.05751800537109375, 1.4912109375, 1.30517578125, 0.0422515869140625, 1.49267578125
53994, -0.8150162696838379, 0.9818814992904663, -1.0780913829803467, -36.6382942199707, 41.25574493408203, -15.294968605041504, -3.4107677936553955, 3.601958990097046, -0.5440740585327148, 0.09698434174060822, 0.7622905969619751, 0.06679904460906982, -0.09260878325078274, 0.4659438707088839, -4.661459728410124, 9362.0, 30146.0, 35388.0, 9362.0, 8.390083312988281, 0.01789889857172966, 0.30353042483329773, 0.04678593575954437, 0.00866466760635376, -0.03500604256987572, 0.9999440908432007, -0.08287357538938522, -0.05751800537109375, 1.4912109375, 1.30517578125, 0.0422515869140625, 1.49267578125
54014, -0.8160190582275391, 0.9788705110549927, -1.0765037536621094, -36.740692138671875, 41.363868713378906, -15.311291694641113, -3.415729522705078, 3.6062350273132324, -0.5442293882369995, 0.09700775146484375, 0.762289822101593, 0.06679466366767883, -0.09691295228497612, 0.4699281689639463, -4.675597560510501, 9362.0, 30146.0, 35388.0, 9362.0, 8.390083312988281, -0.025467120110988617, -0.19899709522724152, -0.2268550843000412, 0.00866466760635376, -0.03500604256987572, 0.9999440908432007, -0.08287357538938522, -0.05751800537109375, 1.4912109375, 1.30517578125, 0.0422515869140625, 1.49560546875
54024, -0.8157408833503723, 0.9803181886672974, -1.0770078897476196, -36.77485656738281, 41.39993667602539, -15.31673526763916, -3.41737699508667, 3.607658863067627, -0.5444451570510864, 0.09698957949876785, 0.7622888684272766, 0.06680498272180557, -0.0944027745418373, 0.4736256553863143, -4.665106994631095, 9362.0, 30146.0, 35388.0, 9362.0, 8.390083312988281, 0.025235716253519058, -0.12733249366283417, -0.029334474354982376, 0.00866466760635376, -0.03500604256987572, 0.9999440908432007, -0.08287357538938522, -0.05751800537109375, 1.4912109375, 1.30517578125, 0.0422515869140625, 1.49560546875
54034, -0.8155131936073303, 0.9811041951179504, -1.0768451690673828, -36.77485656738281, 41.39993667602539, -15.31673526763916, -3.41737699508667, 3.607658863067627, -0.5444451570510864, 0.09698205441236496, 0.7622843980789185, 0.06680817902088165, -0.09452749021503835, 0.46520646932930276, -4.660808943336639, 9362.0, 30146.0, 35388.0, 9362.0, 8.390083312988281, -0.22401860356330872, 0.29791688919067383, -0.012586716562509537, 0.007687828503549099, -0.038329724222421646, 1.0006206035614014, -0.08287357538938522, -0.05751800537109375, 1.4912109375, 1.30517578125, 0.0422515869140625, 1.49560546875
54044, -0.8166313767433167, 0.9797279238700867, -1.076193928718567, -36.843238830566406, 41.47211837768555, -15.327628135681152, -3.4206719398498535, 3.6105098724365234, -0.5448316335678101, 0.0969829261302948, 0.7622929215431213, 0.06680597364902496, -0.09549902661006837, 0.4600609097919346, -4.660917941598733, 9362.0, 30146.0, 35388.0, 9362.0, 8.390083312988281, -0.22401860356330872, 0.29791688919067383, -0.012586716562509537, 0.0067620486952364445, -0.03999178856611252, 0.9982052445411682, -0.08287357538938522, -0.05751800537109375, 1.4912109375, 1.30517578125, 0.0422515869140625, 1.49267578125
54074, -0.8177822232246399, 0.9781380891799927, -1.0749924182891846, -36.9459342956543, 41.58049774169922, -15.343975067138672, -3.425624132156372, 3.6147940158843994, -0.5451377034187317, 0.09695693105459213, 0.762305498123169, 0.06682290136814117, -0.10647801347839389, 0.48877301792467165, -4.651964677604625, 9362.0, 30146.0, 35388.0, 9362.0, 8.390083312988281, -0.22401860356330872, 0.29791688919067383, -0.012586716562509537, 0.0093826400116086, -0.03606048971414566, 0.9992592334747314, -0.08287357538938522, -0.05751800537109375, 1.4912109375, 1.30517578125, 0.0422515869140625, 1.49267578125
54134, -0.8168901801109314, 0.9780943393707275, -1.0813795328140259, -37.15176773071289, 41.797645568847656, -15.376709938049316, -3.4354894161224365, 3.623363971710205, -0.5462051033973694, 0.09709823876619339, 0.7622187733650208, 0.06657759100198746, -0.14784797917944284, 0.5861022865202301, -4.671335028925641, 9362.0, 30146.0, 35388.0, 9362.0, 8.390083312988281, -0.07783251255750656, -0.3273245096206665, -0.28308457136154175, 0.008950728923082352, -0.03916735202074051, 0.9978479743003845, -0.08287357538938522, -0.05751800537109375, 1.4912109375, 1.30517578125, 0.0422515869140625, 1.49267578125
54144, -0.8178985714912415, 0.9798809885978699, -1.0825276374816895, -37.18613052368164, 41.833885192871094, -15.382172584533691, -3.4371337890625, 3.624790906906128, -0.5463896989822388, 0.0968947559595108, 0.7623229622840881, 0.06684650480747223, -0.11120466526616622, 0.5206360718918859, -4.637563915146877, 9362.0, 30146.0, 35388.0, 9362.0, 8.390083312988281, 0.15235333144664764, 0.06081995740532875, -0.1321648508310318, 0.009798992425203323, -0.04113372787833214, 0.9993329644203186, -0.08287357538938522, -0.05751800537109375, 1.4912109375, 1.30517578125, 0.0422515869140625, 1.494873046875
54154, -0.8174477815628052, 0.9794512987136841, -1.0828325748443604, -37.18613052368164, 41.833885192871094, -15.382172584533691, -3.4371337890625, 3.624790906906128, -0.5463896989822388, 0.0970090925693512, 0.7622643113136292, 0.06660914421081543, -0.16112736043076523, 0.634739814392276, -4.647252077272149, 9362.0, 30146.0, 35388.0, 9362.0, 8.390083312988281, 0.07605303078889847, 0.06562276929616928, -0.15549452602863312, 0.009798992425203323, -0.04113372787833214, 0.9993329644203186, -0.08287357538938522, -0.05751800537109375, 1.4912109375, 1.30517578125, 0.0422515869140625, 1.493408203125
54184, -0.8144490718841553, 0.9789289236068726, -1.086072325706482, -37.32374572753906, 41.9789924621582, -15.404040336608887, -3.443720817565918, 3.630505084991455, -0.5470618009567261, 0.09698659926652908, 0.7622902393341064, 0.06681074947118759, -0.09948760967645816, 0.4606125433450927, -4.665681466989902, 9362.0, 30146.0, 35388.0, 9362.0, 8.390083312988281, 0.15716661512851715, -0.12154128402471542, -0.35036417841911316, 0.010603202506899834, -0.035425394773483276, 1.0002028942108154, -0.08287357538938522, -0.05751800537109375, 1.4912109375, 1.28759765625, 0.068939208984375, 1.494873046875
54194, -0.8141607642173767, 0.9802660346031189, -1.0854004621505737, -37.358192443847656, 42.01530456542969, -15.40951156616211, -3.4453659057617188, 3.631932497024536, -0.5472226142883301, 0.09701626002788544, 0.7622612118721008, 0.06660857051610947, -0.14986176895051706, 0.6278832476754417, -4.656249222316555, 9362.0, 30146.0, 35388.0, 9362.0, 8.390083312988281, 0.15716661512851715, -0.12154128402471542, -0.35036417841911316, 0.010188743472099304, -0.03465213626623154, 1.0008928775787354, -0.08287357538938522, -0.05751800537109375, 1.4912109375, 1.28759765625, 0.068939208984375, 1.494873046875
54224, -0.8132228255271912, 0.9821792244911194, -1.0843849182128906, -37.46162796020508, 42.124324798583984, -15.425928115844727, -3.4503209590911865, 3.6362075805664062, -0.5472920536994934, 0.09699758887290955, 0.7622922658920288, 0.06680823862552643, -0.0970474785983314, 0.4651965748683722, -4.6699737095556895, 9362.0, 30146.0, 35388.0, 9362.0, 8.390083312988281, 0.029297154396772385, 0.49466922879219055, -0.1993575394153595, 0.008628573268651962, -0.03810930624604225, 0.9988248944282532, -0.08287357538938522, -0.05751800537109375, 1.4912109375, 1.28759765625, 0.068939208984375, 1.494873046875
54234, -0.8133096098899841, 0.9796273112297058, -1.084032654762268, -37.46162796020508, 42.124324798583984, -15.425928115844727, -3.4503209590911865, 3.6362075805664062, -0.5472920536994934, 0.09698742628097534, 0.7622824907302856, 0.06677096337080002, -0.10138788336437225, 0.4582280343723255, -4.665209293596296, 9362.0, 30146.0, 35388.0, 9362.0, 8.390083312988281, 0.029297154396772385, 0.49466922879219055, -0.1993575394153595, 0.007679947651922703, -0.035189438611269, 1.000927448272705, -0.08287357538938522, -0.05751800537109375, 1.4912109375, 1.28759765625, 0.068939208984375, 1.494873046875
54254, -0.8123021125793457, 0.9812847971916199, -1.0840646028518677, -37.56521224975586, 42.23347473144531, -15.442352294921875, -3.4552793502807617, 3.6404778957366943, -0.5474831461906433, 0.09691792726516724, 0.7623237371444702, 0.06682328134775162, -0.10437583273652944, 0.5213721954371522, -4.633425450597598, 9362.0, 30146.0, 35388.0, 9362.0, 8.390083312988281, -0.0067319804802536964, -0.246392160654068, -0.24918606877326965, 0.006748728454113007, -0.03732491657137871, 0.9994350075721741, -0.08287357538938522, -0.05751800537109375, 1.4912109375, 1.28759765625, 0.068939208984375, 1.494140625
54274, -0.8121376633644104, 0.9838025569915771, -1.0843160152435303, -37.63434982299805, 42.306312561035156, -15.453302383422852, -3.458587169647217, 3.6433229446411133, -0.5475639700889587, 0.09699855744838715, 0.7622758746147156, 0.06666338443756104, -0.1803365747032413, 0.6403863802391356, -4.655928491972495, 9362.0, 30146.0, 35388.0, 9362.0, 8.390083312988281, -0.03755863010883331, -0.029991794377565384, 0.02088797837495804, 0.008752225898206234, -0.036780182272195816, 0.9977509379386902, -0.08287357538938522, -0.05751800537109375, 1.4912109375, 1.2919921875, 0.0613250732421875, 1.494140625
54324, -0.8106536269187927, 0.9853771328926086, -1.087767481803894, -37.80748748779297, 42.4886589050293, -15.480694770812988, -3.4668779373168945, 3.6504263877868652, -0.5477766990661621, 0.09697986394166946, 0.7622987031936646, 0.06682844460010529, -0.09579124608694849, 0.46127647864790333, -4.6628434571671855, 9362.0, 30146.0, 35388.0, 9362.0, 8.390083312988281, 0.312000036239624, 0.08412368595600128, -0.01099824532866478, 0.008873939514160156, -0.0390196219086647, 0.9990519285202026, -0.12159007042646408, -0.030637741088867188, 1.493408203125, 1.31396484375, 0.0325469970703125, 1.491943359375
54344, -0.8110983371734619, 0.9860899448394775, -1.0869041681289673, -37.87685775756836, 42.56169509887695, -15.491650581359863, -3.470198631286621, 3.653263807296753, -0.5478575229644775, 0.09690330922603607, 0.762309730052948, 0.06684104353189468, -0.11227366484494172, 0.5239029211271031, -4.640247526152417, 9362.0, 30146.0, 35388.0, 9362.0, 8.390083312988281, 0.312000036239624, 0.08412368595600128, -0.01099824532866478, 0.009859160520136356, -0.038552455604076385, 1.0003312826156616, -0.12159007042646408, -0.030637741088867188, 1.493408203125, 1.31396484375, 0.0325469970703125, 1.491943359375
54354, -0.8111212253570557, 0.9863453507423401, -1.087064266204834, -37.87685775756836, 42.56169509887695, -15.491650581359863, -3.470198631286621, 3.653263807296753, -0.5478575229644775, 0.09696982800960541, 0.7622928023338318, 0.06675145030021667, -0.07660592219563189, 0.5669066015261421, -4.571357446849495, 9362.0, 30146.0, 35388.0, 9362.0, 8.390083312988281, 0.06949828565120697, 0.1783544421195984, -0.14261940121650696, 0.009859160520136356, -0.038552455604076385, 1.0003312826156616, -0.12159007042646408, -0.030637741088867188, 1.493408203125, 1.31396484375, 0.0325469970703125, 1.491943359375
54374, -0.8098565936088562, 0.9816922545433044, -1.0878288745880127, -37.87685775756836, 42.56169509887695, -15.491650581359863, -3.470198631286621, 3.653263807296753, -0.5478575229644775, 0.0970977395772934, 0.7622298002243042, 0.06657830625772476, -0.14375522037316507, 0.5863654624532444, -4.673561208041287, 9362.0, 30146.0, 35388.0, 9362.0, 8.390083312988281, -0.19901925325393677, -0.07665087282657623, 0.07549171894788742, 0.0077912816777825356, -0.03844127804040909, 0.9967314600944519, -0.12159007042646408, -0.030637741088867188, 1.493408203125, 1.31396484375, 0.0325469970703125, 1.491943359375
54434, -0.8075780868530273, 0.9781225323677063, -1.0886999368667603, -38.19333267211914, 42.89472961425781, -15.541525840759277, -3.4852588176727295, 3.6661717891693115, -0.5483887195587158, 0.09699219465255737, 0.7622970938682556, 0.06681510806083679, -0.09836929331541981, 0.4639883293951357, -4.669262774055669, 9362.0, 30146.0, 35388.0, 9362.0, 8.390083312988281, 0.16401325166225433, -0.15582126379013062, -0.3957594037055969, 0.008322135545313358, -0.037533242255449295, 0.9973171949386597, -0.12159007042646408, -0.030637741088867188, 1.493408203125, 1.31396484375, 0.0325469970703125, 1.48828125
54444, -0.8073306083679199, 0.9773749113082886, -1.088384985923767, -38.19333267211914, 42.89472961425781, -15.541525840759277, -3.4852588176727295, 3.6661717891693115, -0.5483887195587158, 0.09688208997249603, 0.762353777885437, 0.06691861152648926, -0.07625876428537762, 0.5255894996483619, -4.608722583929624, 9362.0, 30146.0, 35388.0, 9362.0, 8.390083312988281, 0.16401325166225433, -0.15582126379013062, -0.3957594037055969, 0.009226060472428799, -0.03756687045097351, 0.999420702457428, -0.12159007042646408, -0.030637741088867188, 1.493408203125, 1.31396484375, 0.0325469970703125, 1.48828125
54454, -0.8072417378425598, 0.9761071801185608, -1.088389277458191, -38.19333267211914, 42.89472961425781, -15.541525840759277, -3.4852588176727295, 3.6661717891693115, -0.5483887195587158, 0.09699571877717972, 0.7622910141944885, 0.06681346148252487, -0.09469394337806335, 0.4659875017744639, -4.6653255400008105, 9362.0, 30146.0, 35388.0, 9362.0, 8.390083312988281, 0.16401325166225433, -0.15582126379013062, -0.3957594037055969, 0.01060224324464798, -0.03750966861844063, 1.0015902519226074, -0.12159007042646408, -0.030637741088867188, 1.493408203125, 1.31396484375, 0.0325469970703125, 1.48828125
54464, -0.8080748319625854, 0.976535439491272, -1.0879707336425781, -38.19333267211914, 42.89472961425781, -15.541525840759277, -3.4852588176727295, 3.6661717891693115, -0.5483887195587158, 0.09711367636919022, 0.7622334361076355, 0.06657401472330093, -0.15058252100619282, 0.5763019926524464, -4.688024154391959, 9362.0, 30146.0, 35388.0, 9362.0, 8.390083312988281, -0.03692666441202164, 0.16299736499786377, 0.03912555053830147, 0.01060224324464798, -0.03750966861844063, 1.0015902519226074, -0.12159007042646408, -0.030637741088867188, 1.493408203125, 1.31396484375, 0.0325469970703125, 1.48828125
54474, -0.8081238269805908, 0.9754948019981384, -1.0874364376068115, -38.19333267211914, 42.89472961425781, -15.541525840759277, -3.4852588176727295, 3.6661717891693115, -0.5483887195587158, 0.09698983281850815, 0.7622885704040527, 0.06682539731264114, -0.09221682746497899, 0.459332899327876, -4.6699774197740895, 9362.0, 30146.0, 35388.0, 9362.0, 8.390083312988281, -0.03692666441202164, 0.16299736499786377, 0.03912555053830147, 0.009106805548071861, -0.03608179837465286, 0.9991929531097412, -0.12159007042646408, -0.030637741088867188, 1.493408203125, 1.31396484375, 0.0325469970703125, 1.48828125
54484, -0.8079622983932495, 0.9742278456687927, -1.0857698917388916, -38.19333267211914, 42.89472961425781, -15.541525840759277, -3.4852588176727295, 3.6661717891693115, -0.5483887195587158, 0.09698911756277084, 0.7622804641723633, 0.06680683046579361, -0.09729098419487985, 0.46536478605258935, -4.66278314240148, 9362.0, 30146.0, 35388.0, 9362.0, 8.390083312988281, 0.17003211379051208, 0.18879321217536926, -0.12686003744602203, 0.009106805548071861, -0.03608179837465286, 0.9991929531097412, -0.12159007042646408, -0.030637741088867188, 1.493408203125, 1.31396484375, 0.0325469970703125, 1.48828125
54494, -0.8073433041572571, 0.9728968143463135, -1.086872935295105, -38.19333267211914, 42.89472961425781, -15.541525840759277, -3.4852588176727295, 3.6661717891693115, -0.5483887195587158, 0.09690865129232407, 0.7623316645622253, 0.06682980805635452, -0.1019327376590748, 0.5258042606519382, -4.640054932485087, 9362.0, 30146.0, 35388.0, 9362.0, 8.390083312988281, -0.07899405062198639, 0.4626099765300751, 0.07428908348083496, 0.009106805548071861, -0.03608179837465286, 0.9991929531097412, -0.12159007042646408, -0.030637741088867188, 1.493408203125, 1.31396484375, 0.0325469970703125, 1.48828125
54504, -0.8079854846000671, 0.9707825183868408, -1.0874513387680054, -38.19333267211914, 42.89472961425781, -15.541525840759277, -3.4852588176727295, 3.6661717891693115, -0.5483887195587158, 0.09710509330034256, 0.7622321248054504, 0.06659071147441864, -0.1484693929713263, 0.5787825180235018, -4.677980088740595, 9362.0, 30146.0, 35388.0, 9362.0, 8.390083312988281, 0.08450265973806381, -0.3344744145870209, 0.004918125458061695, 0.009106805548071861, -0.03608179837465286, 0.9991929531097412, -0.12159007042646408, -0.030637741088867188, 1.493408203125, 1.31396484375, 0.0325469970703125, 1.48828125
54574, -0.8049980998039246, 0.9704890251159668, -1.0843157768249512, -38.68288040161133, 43.40938186645508, -15.618345260620117, -3.508236885070801, 3.6859681606292725, -0.5488573312759399, 0.09701937437057495, 0.7622585296630859, 0.06663814932107925, -0.15882201057734202, 0.628497007868134, -4.656327449587602, 9362.0, 30146.0, 35388.0, 9362.0, 8.390083312988281, 0.08450265973806381, -0.3344744145870209, 0.004918125458061695, 0.010853420943021774, -0.03726193308830261, 0.9999114871025085, -0.12159007042646408, -0.030637741088867188, 1.493408203125, 1.31396484375, 0.0325469970703125, 1.493408203125
54584, -0.8048766851425171, 0.9692054986953735, -1.083916425704956, -38.68288040161133, 43.40938186645508, -15.618345260620117, -3.508236885070801, 3.6859681606292725, -0.5488573312759399, 0.09697166830301285, 0.762323796749115, 0.06687100231647491, -0.06848156058060285, 0.47284023015592425, -4.629961578974994, 9362.0, 30146.0, 35388.0, 9362.0, 8.390083312988281, -0.1458083838224411, -0.1010129302740097, -0.1920604109764099, 0.010853420943021774, -0.03726193308830261, 0.9999114871025085, -0.12159007042646408, -0.030637741088867188, 1.493408203125, 1.31396484375, 0.0325469970703125, 1.493408203125
54594, -0.8058169484138489, 0.9697157144546509, -1.083661437034607, -38.68288040161133, 43.40938186645508, -15.618345260620117, -3.508236885070801, 3.6859681606292725, -0.5488573312759399, 0.09702430665493011, 0.7622660398483276, 0.06664460152387619, -0.16117520021770498, 0.627900546740392, -4.657371705718022, 9362.0, 30146.0, 35388.0, 9362.0, 8.390083312988281, -0.1458083838224411, -0.1010129302740097, -0.1920604109764099, 0.010853420943021774, -0.03726193308830261, 0.9999114871025085, -0.12159007042646408, -0.030637741088867188, 1.493408203125, 1.31396484375, 0.0325469970703125, 1.493408203125
54684, -0.8070011138916016, 0.9738897085189819, -1.0853314399719238, -39.06977462768555, 43.81568908691406, -15.678771018981934, -3.5262441635131836, 3.701474905014038, -0.5498387217521667, 0.0969974622130394, 0.7623016834259033, 0.06669997423887253, -0.13820457183152512, 0.6409466724593358, -4.6288912873307675, 9362.0, 30146.0, 35388.0, 9362.0, 8.390083312988281, -0.011732029728591442, -0.14309298992156982, -0.06893838942050934, 0.007991201244294643, -0.03716721013188362, 0.999944806098938, -0.08740073442459106, -0.05751800537109375, 1.4912109375, 1.31396484375, 0.0325469970703125, 1.49267578125
54694, -0.8060256838798523, 0.9764299988746643, -1.0862352848052979, -39.105045318603516, 43.85271072387695, -15.684269905090332, -3.5278842449188232, 3.702885627746582, -0.5499191284179688, 0.0969872772693634, 0.7623060345649719, 0.06680357456207275, -0.09448334464416554, 0.4663576888193859, -4.675341118558919, 9362.0, 30146.0, 35388.0, 9362.0, 8.390083312988281, -0.011732029728591442, -0.14309298992156982, -0.06893838942050934, 0.007482472341507673, -0.03423239290714264, 0.998881459236145, -0.08740073442459106, -0.05751800537109375, 1.4912109375, 1.31396484375, 0.0325469970703125, 1.49267578125
54704, -0.805587649345398, 0.976507842540741, -1.0862220525741577, -39.14033126831055, 43.889747619628906, -15.689769744873047, -3.529524803161621, 3.704298734664917, -0.5499737858772278, 0.09699289500713348, 0.7622913122177124, 0.06682253628969193, -0.09222156570599262, 0.4685977285823526, -4.671782931518123, 9362.0, 30146.0, 35388.0, 9362.0, 8.390083312988281, -0.011732029728591442, -0.14309298992156982, -0.06893838942050934, 0.009306470863521099, -0.03473179414868355, 0.9997460246086121, -0.08740073442459106, -0.05751800537109375, 1.4912109375, 1.31396484375, 0.0325469970703125, 1.49267578125
54714, -0.8058518171310425, 0.974552571773529, -1.0857473611831665, -39.175636291503906, 43.926795959472656, -15.695269584655762, -3.5311686992645264, 3.705709218978882, -0.5500833988189697, 0.09697158634662628, 0.7623112797737122, 0.06687313318252563, -0.06972027101237978, 0.4723240444488397, -4.639407704339905, 9362.0, 30146.0, 35388.0, 9362.0, 8.390083312988281, 0.03769959881901741, -0.0787690058350563, 0.006366238463670015, 0.010117756202816963, -0.03645135834813118, 0.9991440176963806, -0.08740073442459106, -0.05751800537109375, 1.4912109375, 1.31396484375, 0.0325469970703125, 1.49267578125
54724, -0.8056023120880127, 0.9741500020027161, -1.0856108665466309, -39.21095657348633, 43.96385955810547, -15.700770378112793, -3.53281307220459, 3.7071189880371094, -0.5501397848129272, 0.09698349237442017, 0.7623018026351929, 0.06679046899080276, -0.09278178795678257, 0.468377912802282, -4.664400977617787, 9362.0, 30146.0, 35388.0, 9362.0, 8.390083312988281, 0.23150476813316345, 0.44359469413757324, 0.22513549029827118, 0.010381590574979782, -0.0375177338719368, 1.0014073848724365, -0.08740073442459106, -0.05751800537109375, 1.4912109375, 1.310302734375, 0.036285400390625, 1.49267578125
54734, -0.8044242858886719, 0.9698297381401062, -1.0844366550445557, -39.24629211425781, 44.000938415527344, -15.70627212524414, -3.534454107284546, 3.708529233932495, -0.5502084493637085, 0.09692269563674927, 0.7623303532600403, 0.06685064733028412, -0.10055348208836333, 0.5257696338629785, -4.641997347341835, 9362.0, 30146.0, 35388.0, 9362.0, 8.390083312988281, -0.07290293276309967, 0.42282596230506897, 0.12923027575016022, 0.009806997142732143, -0.03668256476521492, 1.0008013248443604, -0.0834958478808403, -0.03959846496582031, 1.49267578125, 1.3271484375, 0.022308349609375, 1.49267578125
54744, -0.8050698041915894, 0.9663342833518982, -1.0835084915161133, -39.281646728515625, 44.03803253173828, -15.711773872375488, -3.5360963344573975, 3.7099409103393555, -0.5501681566238403, 0.09691300988197327, 0.762338399887085, 0.06682202965021133, -0.10471870510710006, 0.5216540408704873, -4.646116287422429, 9362.0, 30146.0, 35388.0, 9362.0, 8.370248794555664, 0.13885416090488434, -0.02711579203605652, -0.5055611729621887, 0.010446196421980858, -0.036878474056720734, 0.9993381500244141, -0.0834958478808403, -0.03959846496582031, 1.49267578125, 1.314697265625, 0.0319061279296875, 1.49267578125
54754, -0.8042351603507996, 0.9667151570320129, -1.0868165493011475, -39.3170166015625, 44.075138092041016, -15.71727466583252, -3.537731885910034, 3.711350679397583, -0.5500844120979309, 0.09701981395483017, 0.7622968554496765, 0.06681526452302933, -0.09308488855649372, 0.4668927021151319, -4.674008536080607, 9362.0, 30146.0, 35388.0, 9362.0, 8.370248794555664, 0.19149383902549744, 0.19825801253318787, -0.1284516453742981, 0.009340452961623669, -0.03617341071367264, 0.9966011643409729, -0.0834958478808403, -0.03959846496582031, 1.49267578125, 1.316162109375, 0.030517578125, 1.49267578125
54764, -0.8037378191947937, 0.9654970169067383, -1.0871715545654297, -39.35240173339844, 44.11225891113281, -15.72277545928955, -3.5393598079681396, 3.7127602100372314, -0.5501197576522827, 0.09700728207826614, 0.7623329162597656, 0.0667833685874939, -0.0813813314031138, 0.48169636186264597, -4.676704890638187, 9362.0, 30146.0, 35388.0, 9362.0, 8.370248794555664, 0.11387412250041962, 0.1393728256225586, -0.19377662241458893, 0.008435371331870556, -0.03722503408789635, 0.9968345761299133, -0.0834958478808403, -0.03959846496582031, 1.49267578125, 1.316162109375, 0.030517578125, 1.49560546875
54774, -0.8028004765510559, 0.9650728106498718, -1.088430643081665, -39.38780212402344, 44.14939498901367, -15.728278160095215, -3.5409834384918213, 3.7141642570495605, -0.5504499673843384, 0.09691592305898666, 0.7623726725578308, 0.06684765964746475, -0.0854774402286565, 0.5336418644890273, -4.658845470748399, 9362.0, 30146.0, 35388.0, 9362.0, 8.390083312988281, -0.18788783252239227, -0.4016513526439667, -0.3133334815502167, 0.008034829050302505, -0.03630119562149048, 1.0006014108657837, -0.0834958478808403, -0.03959846496582031, 1.49267578125, 1.316162109375, 0.030517578125, 1.49560546875
54824, -0.8014097809791565, 0.9708115458488464, -1.0963680744171143, -39.56505584716797, 44.33527755737305, -15.755816459655762, -3.5491278171539307, 3.7211902141571045, -0.5507990717887878, 0.09700646996498108, 0.7623226642608643, 0.06682650744915009, -0.0838749973681896, 0.46760535173592643, -4.673417480636191, 9362.0, 30146.0, 35388.0, 9362.0, 8.390083312988281, -0.01816822774708271, -0.08490622043609619, -0.015571366995573044, 0.00907684676349163, -0.0369393415749073, 1.000961422920227, -0.07940760254859924, -0.08439826965332031, 1.489013671875, 1.317626953125, 0.0291900634765625, 1.493408203125
54834, -0.801378607749939, 0.9686841368675232, -1.0964081287384033, -39.56505584716797, 44.33527755737305, -15.755816459655762, -3.5491278171539307, 3.7211902141571045, -0.5507990717887878, 0.0970369428396225, 0.762279212474823, 0.06659500300884247, -0.14939313880577165, 0.632270950244731, -4.651338805629481, 9362.0, 30146.0, 35388.0, 9362.0, 8.390083312988281, 0.05131714418530464, -0.21674513816833496, -0.12447161972522736, 0.00907684676349163, -0.0369393415749073, 1.000961422920227, -0.07940760254859924, -0.08439826965332031, 1.489013671875, 1.317626953125, 0.0291900634765625, 1.493408203125
54844, -0.80035400390625, 0.9711205363273621, -1.0977792739868164, -39.56505584716797, 44.33527755737305, -15.755816459655762, -3.5491278171539307, 3.7211902141571045, -0.5507990717887878, 0.09698966145515442, 0.7623040676116943, 0.06681035459041595, -0.08872001084526397, 0.4662160004706948, -4.667469007216782, 9362.0, 30146.0, 35388.0, 9362.0, 8.390083312988281, 0.10991921275854111, -0.2513503432273865, -0.12753131985664368, 0.00907684676349163, -0.0369393415749073, 1.000961422920227, -0.07940760254859924, -0.08439826965332031, 1.489013671875, 1.317626953125, 0.0291900634765625, 1.493408203125
54854, -0.8001108765602112, 0.9742655158042908, -1.1004691123962402, -39.56505584716797, 44.33527755737305, -15.755816459655762, -3.5491278171539307, 3.7211902141571045, -0.5507990717887878, 0.09699353575706482, 0.762310802936554, 0.06681935489177704, -0.09072506817160123, 0.4663703539741846, -4.6721302045287345, 9362.0, 30146.0, 35388.0, 9362.0, 8.390083312988281, 0.10991921275854111, -0.2513503432273865, -0.12753131985664368, 0.007682141847908497, -0.03737476468086243, 1.0001442432403564, -0.07940760254859924, -0.08439826965332031, 1.489013671875, 1.317626953125, 0.0291900634765625, 1.493408203125
54864, -0.8002728223800659, 0.9760927557945251, -1.1022905111312866, -39.7071533203125, 44.48423767089844, -15.777847290039062, -3.5556674003601074, 3.7268028259277344, -0.5508898496627808, 0.09701058268547058, 0.7622924447059631, 0.0668191984295845, -0.09697831431238407, 0.466870612935395, -4.667409897297383, 9362.0, 30146.0, 35388.0, 9362.0, 8.390083312988281, 0.10641847550868988, 0.21595442295074463, 0.0485202930867672, 0.007682141847908497, -0.03737476468086243, 1.0001442432403564, -0.07940760254859924, -0.08439826965332031, 1.489013671875, 1.317626953125, 0.0291900634765625, 1.494140625
54884, -0.7988833785057068, 0.9750152230262756, -1.1020411252975464, -39.778297424316406, 44.558799743652344, -15.78886604309082, -3.5589523315429688, 3.7296066284179688, -0.5509626865386963, 0.0969209372997284, 0.7623345851898193, 0.06681640446186066, -0.09818300092356319, 0.5250946720854301, -4.63670541776679, 9362.0, 30146.0, 35388.0, 9362.0, 8.370248794555664, 0.031487543135881424, -0.23737335205078125, -0.07717690616846085, 0.008624671958386898, -0.03784443438053131, 0.998299241065979, -0.07940760254859924, -0.08439826965332031, 1.489013671875, 1.317626953125, 0.0291900634765625, 1.494140625
54894, -0.8003114461898804, 0.9769548773765564, -1.1021406650543213, -39.81389617919922, 44.59610366821289, -15.794376373291016, -3.5605924129486084, 3.7310056686401367, -0.5510717630386353, 0.09698623418807983, 0.7623111009597778, 0.06676994264125824, -0.08371452551598899, 0.5638402928580888, -4.576753758716138, 9362.0, 30146.0, 35388.0, 9362.0, 8.390083312988281, 0.031487543135881424, -0.23737335205078125, -0.07717690616846085, 0.009536844678223133, -0.037228625267744064, 0.9994701743125916, -0.07940760254859924, -0.08439826965332031, 1.489013671875, 1.317626953125, 0.0291900634765625, 1.494140625
54924, -0.8003138899803162, 0.9805375337600708, -1.1041146516799927, -39.9207878112793, 44.70809555053711, -15.810914039611816, -3.565523147583008, 3.7352097034454346, -0.55125492811203, 0.09698508679866791, 0.7623017430305481, 0.06681595742702484, -0.09526891862446851, 0.46552055782939306, -4.663889135958696, 9362.0, 30146.0, 35388.0, 9362.0, 8.390083312988281, 0.16617785394191742, -0.3398517370223999, -0.29754120111465454, 0.009902038611471653, -0.038895830512046814, 0.9991313815116882, -0.07940760254859924, -0.08439826965332031, 1.489013671875, 1.317626953125, 0.0291900634765625, 1.4912109375
54944, -0.8009721040725708, 0.9815919399261475, -1.1054517030715942, -39.956451416015625, 44.745452880859375, -15.816426277160645, -3.567169666290283, 3.7366154193878174, -0.5511344075202942, 0.09697746485471725, 0.7622944116592407, 0.0667690634727478, -0.0850106513909588, 0.5563016681022646, -4.577307815912842, 9362.0, 30146.0, 35388.0, 9362.0, 8.370248794555664, 0.2584179639816284, 0.14902636408805847, 0.18741285800933838, 0.008799374103546143, -0.035720959305763245, 0.99956214427948, -0.07940760254859924, -0.08439826965332031, 1.489013671875, 1.317626953125, 0.0291900634765625, 1.4912109375
54964, -0.800542950630188, 0.9815633296966553, -1.1068270206451416, -40.027828216552734, 44.820213317871094, -15.827449798583984, -3.57047438621521, 3.73941969871521, -0.5512794852256775, 0.09699264168739319, 0.7623132467269897, 0.06668548285961151, -0.12811383055463407, 0.6446920280502866, -4.628515134455609, 9362.0, 30146.0, 35388.0, 9362.0, 8.390083312988281, 0.07073988020420074, 0.16047729551792145, 0.04605426639318466, 0.008799374103546143, -0.035720959305763245, 0.99956214427948, -0.07940760254859924, -0.08439826965332031, 1.489013671875, 1.317626953125, 0.0291900634765625, 1.49560546875
55014, -0.8000978231430054, 0.9812262058258057, -1.1069493293762207, -40.24235534667969, 45.04483413696289, -15.860554695129395, -3.580378293991089, 3.7478220462799072, -0.551965594291687, 0.09691046923398972, 0.7623302936553955, 0.06686560809612274, -0.10465568780840719, 0.5220849084931558, -4.6502876310775, 9362.0, 30146.0, 35388.0, 9362.0, 8.390083312988281, -0.14874067902565002, 0.08703087270259857, 0.17937877774238586, 0.00857857521623373, -0.038652367889881134, 1.0004621744155884, -0.07940760254859924, -0.08439826965332031, 1.489013671875, 1.291259765625, 0.0625457763671875, 1.49267578125
55024, -0.7996997237205505, 0.9816409349441528, -1.1076356172561646, -40.278167724609375, 45.08232116699219, -15.866074562072754, -3.582028865814209, 3.7492241859436035, -0.5519721508026123, 0.09698190540075302, 0.7623287439346313, 0.06688271462917328, -0.06598025933710228, 0.46990418657242117, -4.633166119244828, 9362.0, 30146.0, 35388.0, 9362.0, 8.370248794555664, -0.14874067902565002, 0.08703087270259857, 0.17937877774238586, 0.00918414443731308, -0.03808118402957916, 0.99969881772995, -0.07940760254859924, -0.08439826965332031, 1.489013671875, 1.291259765625, 0.0625457763671875, 1.49267578125
55034, -0.7996633648872375, 0.982724666595459, -1.1075129508972168, -40.313995361328125, 45.11981964111328, -15.871594429016113, -3.5836825370788574, 3.750626802444458, -0.5519407391548157, 0.09699739515781403, 0.762312650680542, 0.06686418503522873, -0.1090755586297741, 0.48253339315508015, -4.674018981390786, 9362.0, 30146.0, 35388.0, 9362.0, 8.390083312988281, -0.14874067902565002, 0.08703087270259857, 0.17937877774238586, 0.008811699226498604, -0.0387321338057518, 0.9987877011299133, -0.07940760254859924, -0.08439826965332031, 1.489013671875, 1.291259765625, 0.0625457763671875, 1.49267578125
55074, -0.8000025153160095, 0.9789371490478516, -1.1092671155929565, -40.42158126831055, 45.23240280151367, -15.88815689086914, -3.588643789291382, 3.7548298835754395, -0.5523014664649963, 0.09698570519685745, 0.7623029947280884, 0.06680654734373093, -0.09356543634479712, 0.4696033946565876, -4.666730137925082, 9362.0, 30146.0, 35388.0, 9362.0, 8.390083312988281, 0.07932329177856445, -0.19054172933101654, 0.14615680277347565, 0.007806794252246618, -0.0356549471616745, 0.9994147419929504, -0.07940760254859924, -0.08439826965332031, 1.489013671875, 1.291259765625, 0.0625457763671875, 1.49267578125
55084, -0.8003278970718384, 0.9794051051139832, -1.1065216064453125, -40.42158126831055, 45.23240280151367, -15.88815689086914, -3.588643789291382, 3.7548298835754395, -0.5523014664649963, 0.09705942869186401, 0.7622691988945007, 0.06674575805664062, -0.07961207707485107, 0.5106468712818071, -4.5971995062130855, 9362.0, 30146.0, 35388.0, 9362.0, 8.390083312988281, -0.14883732795715332, 0.12951819598674774, 0.034482620656490326, 0.007806794252246618, -0.0356549471616745, 0.9994147419929504, -0.07940760254859924, -0.08439826965332031, 1.489013671875, 1.291259765625, 0.0625457763671875, 1.49267578125
55094, -0.8006821870803833, 0.9782189726829529, -1.1068527698516846, -40.42158126831055, 45.23240280151367, -15.88815689086914, -3.588643789291382, 3.7548298835754395, -0.5523014664649963, 0.09689013659954071, 0.7623686790466309, 0.06691373139619827, -0.08094190276538397, 0.5185255927040373, -4.607398282229224, 9362.0, 30146.0, 35388.0, 9362.0, 8.390083312988281, 0.14488069713115692, 0.16621369123458862, 0.02920832857489586, 0.007806794252246618, -0.0356549471616745, 0.9994147419929504, -0.07940760254859924, -0.08439826965332031, 1.489013671875, 1.291259765625, 0.0625457763671875, 1.49267578125
55114, -0.7997023463249207, 0.9752682447433472, -1.108088493347168, -40.60122299194336, 45.42032241821289, -15.915788650512695, -3.5968899726867676, 3.761836051940918, -0.5529159903526306, 0.09691730886697769, 0.7623158097267151, 0.06684678047895432, -0.10614030445538636, 0.5248430741538641, -4.6346330710780155, 9362.0, 30146.0, 35388.0, 9362.0, 8.390083312988281, 0.04013300687074661, -0.2771413028240204, 0.25065696239471436, 0.009321616031229496, -0.03804155811667442, 0.9976609349250793, -0.07940760254859924, -0.08439826965332031, 1.489013671875, 1.291259765625, 0.0625457763671875, 1.494873046875
55134, -0.8002557754516602, 0.973444402217865, -1.1058980226516724, -40.67319107055664, 45.49558639526367, -15.926851272583008, -3.600170373916626, 3.764631986618042, -0.5533543825149536, 0.09695150703191757, 0.762320876121521, 0.0668267011642456, -0.09854991120181969, 0.4949656304526968, -4.649305528281563, 9362.0, 30146.0, 35388.0, 9362.0, 8.370248794555664, -0.006494778674095869, 0.417392760515213, -0.15838465094566345, 0.008795620873570442, -0.04000619798898697, 0.9991836547851562, -0.07940760254859924, -0.08439826965332031, 1.489013671875, 1.291259765625, 0.0625457763671875, 1.494873046875
55154, -0.8002273440361023, 0.9740414023399353, -1.1071085929870605, -40.7452278137207, 45.57090759277344, -15.937919616699219, -3.60345458984375, 3.76743483543396, -0.5534716248512268, 0.09703008830547333, 0.7622770071029663, 0.06663109362125397, -0.15425261432065945, 0.6346681024606937, -4.646639518913834, 9362.0, 30146.0, 35388.0, 9362.0, 8.390083312988281, -0.006494778674095869, 0.417392760515213, -0.15838465094566345, 0.009176144376397133, -0.041526734828948975, 1.000373363494873, -0.07940760254859924, -0.08439826965332031, 1.489013671875, 1.291259765625, 0.0625457763671875, 1.494873046875
55194, -0.797950267791748, 0.9696257710456848, -1.1093723773956299, -40.81732940673828, 45.64628601074219, -15.948990821838379, -3.6067326068878174, 3.7702393531799316, -0.5535476207733154, 0.09721449762582779, 0.7622908353805542, 0.06659124791622162, 0.03774636363299942, 0.5172643514753759, -4.457320750255231, 9362.0, 30146.0, 35388.0, 9362.0, 8.390083312988281, -0.11030157655477524, -0.11367946863174438, -0.2657187879085541, 0.008036566898226738, -0.036039870232343674, 0.9970535039901733, -0.07940760254859924, -0.08439826965332031, 1.489013671875, 1.32421875, 0.024139404296875, 1.494873046875
55204, -0.7974919080734253, 0.9709779024124146, -1.1124897003173828, -40.81732940673828, 45.64628601074219, -15.948990821838379, -3.6067326068878174, 3.7702393531799316, -0.5535476207733154, 0.09673956036567688, 0.7624511122703552, 0.06704078614711761, -0.13611562950359166, 0.44642683389523086, -4.671410654338346, 9362.0, 30146.0, 35388.0, 9362.0, 8.390083312988281, -0.11030157655477524, -0.11367946863174438, -0.2657187879085541, 0.008707897737622261, -0.03736106678843498, 1.000964879989624, -0.07940760254859924, -0.08439826965332031, 1.489013671875, 1.32421875, 0.024139404296875, 1.494873046875
55214, -0.7966089248657227, 0.9704809188842773, -1.1139938831329346, -40.81732940673828, 45.64628601074219, -15.948990821838379, -3.6067326068878174, 3.7702393531799316, -0.5535476207733154, 0.09687694907188416, 0.7624611854553223, 0.06686902046203613, -0.27874685254143955, 0.4814221896340314, -4.700875874318744, 9362.0, 30146.0, 35388.0, 9362.0, 8.390083312988281, -0.09135731309652328, -0.01913497969508171, 0.060811806470155716, 0.008707897737622261, -0.03736106678843498, 1.000964879989624, -0.07940760254859924, -0.08439826965332031, 1.489013671875, 1.32421875, 0.024139404296875, 1.493408203125
55274, -0.7963305115699768, 0.9653147459030151, -1.1186141967773438, -41.17881774902344, 46.024009704589844, -16.004413604736328, -3.6230485439300537, 3.784191846847534, -0.5546032786369324, 0.09879016131162643, 0.7623036503791809, 0.06643971055746078, -0.32682255273354055, -0.387441071449814, -4.4312672256602825, 9362.0, 30146.0, 35388.0, 9362.0, 8.390083312988281, -0.06382004171609879, 0.16768740117549896, -0.2031632661819458, 0.007424288894981146, -0.03834020718932152, 0.9998162984848022, -0.07940760254859924, -0.08439826965332031, 1.489013671875, 1.32421875, 0.024139404296875, 1.489013671875
55284, -0.7951741814613342, 0.9650871157646179, -1.119140863418579, -41.215057373046875, 46.061859130859375, -16.009958267211914, -3.624676465988159, 3.7855892181396484, -0.5544887781143188, 0.09875749051570892, 0.7624546885490417, 0.06642799824476242, -0.2791260211140078, -0.27500645625281095, -4.580340094943401, 9362.0, 30146.0, 35388.0, 9362.0, 8.390083312988281, -0.06382004171609879, 0.16768740117549896, -0.2031632661819458, 0.007426589261740446, -0.037358660250902176, 0.9979037046432495, -0.07940760254859924, -0.08439826965332031, 1.489013671875, 1.308837890625, 0.0379486083984375, 1.489013671875
55294, -0.7951380610466003, 0.9624839425086975, -1.1207884550094604, -41.251312255859375, 46.09972381591797, -16.0155029296875, -3.6263022422790527, 3.78698468208313, -0.5545141696929932, 0.09854914993047714, 0.7625317573547363, 0.06623674929141998, -0.3521663108509919, 0.06928921802278865, -4.671567370207472, 9362.0, 30146.0, 35388.0, 9362.0, 8.390083312988281, 0.00641688983887434, -0.030347781255841255, -0.10739519447088242, 0.009227471426129341, -0.03657174110412598, 0.999077558517456, -0.07940760254859924, -0.08439826965332031, 1.489013671875, 1.308837890625, 0.0379486083984375, 1.489013671875
55304, -0.7957103848457336, 0.9632434844970703, -1.1211283206939697, -41.28758239746094, 46.13759994506836, -16.02104949951172, -3.627924680709839, 3.7883753776550293, -0.5547276735305786, 0.09819585829973221, 0.7626603245735168, 0.06642837077379227, -0.3413587355739995, 0.042917781129801824, -4.654532032824115, 9362.0, 30146.0, 35388.0, 9362.0, 8.390083312988281, 0.00641688983887434, -0.030347781255841255, -0.10739519447088242, 0.008291049860417843, -0.03597421199083328, 0.9987407922744751, -0.07940760254859924, -0.08439826965332031, 1.489013671875, 1.308837890625, 0.0379486083984375, 1.489013671875
55334, -0.796353280544281, 0.9636456966400146, -1.1211674213409424, -41.3964958190918, 46.251312255859375, -16.03769874572754, -3.632786750793457, 3.7925543785095215, -0.5550869107246399, 0.09790690988302231, 0.7638978958129883, 0.07013409584760666, 0.39552555476574314, -0.36283207727353783, -5.024807889147948, 9362.0, 30146.0, 35388.0, 9362.0, 8.390083312988281, 0.00641688983887434, -0.030347781255841255, -0.10739519447088242, 0.009960789233446121, -0.03961825743317604, 0.9995434880256653, -0.07940760254859924, -0.08439826965332031, 1.489013671875, 1.308837890625, 0.0379486083984375, 1.49560546875
55344, -0.7956876754760742, 0.962668776512146, -1.1213926076889038, -41.432830810546875, 46.28924560546875, -16.043249130249023, -3.634413480758667, 3.7939517498016357, -0.5549365878105164, 0.09677723050117493, 0.7660933136940002, 0.07433496415615082, 1.7966162534693881, -1.3205339878010136, -5.197065423353752, 9362.0, 30146.0, 35388.0, 9362.0, 8.390083312988281, 0.00641688983887434, -0.030347781255841255, -0.10739519447088242, 0.008504948578774929, -0.03735993802547455, 1.0003955364227295, -0.07940760254859924, -0.08439826965332031, 1.489013671875, 1.308837890625, 0.0379486083984375, 1.49560546875
55354, -0.7970031499862671, 0.9636743068695068, -1.1218998432159424, -41.432830810546875, 46.28924560546875, -16.043249130249023, -3.634413480758667, 3.7939517498016357, -0.5549365878105164, 0.09688899666070938, 0.7648059129714966, 0.07697413116693497, 1.806482935051753, -1.2692449530547378, -4.269339589619087, 9362.0, 30146.0, 35388.0, 9362.0, 8.390083312988281, 0.00641688983887434, -0.030347781255841255, -0.10739519447088242, 0.008504948578774929, -0.03735993802547455, 1.0003955364227295, -0.07940760254859924, -0.08439826965332031, 1.489013671875, 1.308837890625, 0.0379486083984375, 1.49560546875
55364, -0.7962011098861694, 0.9651209115982056, -1.1231122016906738, -41.50555419921875, 46.365150451660156, -16.054349899291992, -3.637657642364502, 3.7967417240142822, -0.5549799203872681, 0.09635111689567566, 0.7709921002388, 0.08383256942033768, 5.584541566542766, -2.7516678782136808, -2.787874662102057, 9362.0, 30146.0, 35388.0, 9362.0, 8.370248794555664, -0.1958719789981842, -0.1208302453160286, 0.45812228322029114, 0.008504948578774929, -0.03735993802547455, 1.0003955364227295, -0.07940760254859924, -0.08439826965332031, 1.489013671875, 1.308837890625, 0.0379486083984375, 1.49560546875
55394, -0.7985097169876099, 0.9635863900184631, -1.1201502084732056, -41.6147575378418, 46.4791145324707, -16.071008682250977, -3.642519235610962, 3.8009212017059326, -0.5556818842887878, 0.0975852981209755, 0.7728226780891418, 0.10442890226840973, 8.6367633064393, -2.733639225495409, -2.5730433010246223, 9362.0, 30146.0, 35388.0, 9362.0, 8.390083312988281, 0.05312307924032211, 0.36443519592285156, 0.23271054029464722, 0.009830587543547153, -0.03908159211277962, 0.9999504685401917, -0.07940760254859924, -0.08439826965332031, 1.489013671875, 1.294189453125, 0.0578155517578125, 1.49560546875
55404, -0.7989310622215271, 0.9616084098815918, -1.117397665977478, -41.65119171142578, 46.51713180541992, -16.076566696166992, -3.64414381980896, 3.802318811416626, -0.5558413863182068, 0.09881366044282913, 0.7772305607795715, 0.11652302742004395, 10.864310456607493, -2.3519653740466993, -8.554806045436766, 9362.0, 30146.0, 35388.0, 9362.0, 8.390083312988281, 0.054371293634176254, 0.09563557803630829, -0.20233355462551117, 0.00852979812771082, -0.03906617313623428, 1.0007386207580566, -0.07940760254859924, -0.08439826965332031, 1.489013671875, 1.294189453125, 0.0578155517578125, 1.49560546875
55434, -0.7960340976715088, 0.958385705947876, -1.1196835041046143, -41.72410583496094, 46.593204498291016, -16.087682723999023, -3.647386074066162, 3.8051183223724365, -0.555854082107544, 0.1038823202252388, 0.7786186337471008, 0.14113588631153107, 15.973667054627406, -0.22537563758791634, -7.0363551392019374, 9362.0, 30146.0, 35388.0, 9362.0, 8.390083312988281, -0.05143175646662712, 0.27470192313194275, 0.07515076547861099, 0.009160390123724937, -0.034692492336034775, 1.0000053644180298, -0.07940760254859924, -0.08439826965332031, 1.489013671875, 1.294189453125, 0.0578155517578125, 1.49560546875
55444, -0.7950670123100281, 0.9582592844963074, -1.1211084127426147, -41.72410583496094, 46.593204498291016, -16.087682723999023, -3.647386074066162, 3.8051183223724365, -0.555854082107544, 0.10613968223333359, 0.7764535546302795, 0.1474160999059677, 14.91232497007314, 0.5535661357745028, -4.497285137803274, 9362.0, 30146.0, 35388.0, 9362.0, 8.390083312988281, -0.05143175646662712, 0.27470192313194275, 0.07515076547861099, 0.009160390123724937, -0.034692492336034775, 1.0000053644180298, -0.07940760254859924, -0.08439826965332031, 1.489013671875, 1.294189453125, 0.0578155517578125, 1.49560546875
55464, 0.0, 0.0, 0.0, -41.72410583496094, 46.593204498291016, -16.087682723999023, -3.647386074066162, 3.8051183223724365, -0.555854082107544, 0.1077369675040245, 0.7731373310089111, 0.15186983346939087, 13.08739189435788, 2.856038872140573, -3.793878418176702, 9362.0, 30146.0, 35388.0, 9362.0, 8.390083312988281, -0.05143175646662712, 0.27470192313194275, 0.07515076547861099, 0.009160390123724937, -0.034692492336034775, 1.0000053644180298, -0.07940760254859924, -0.08439826965332031, 1.489013671875, 1.294189453125, 0.0578155517578125, 1.49560546875
55474, -0.00018696959887165576, -0.0010139402002096176, -0.000147892496897839, -41.72410583496094, 46.593204498291016, -16.087682723999023, -3.647386074066162, 3.8051183223724365, -0.555854082107544, 0.10934393107891083, 0.7769181728363037, 0.16298124194145203, 16.403659811560036, 2.2049795293595764, -5.316784329398666, 9362.0, 30146.0, 35388.0, 9362.0, 8.390083312988281, -0.05143175646662712, 0.27470192313194275, 0.07515076547861099, 0.00707068620249629, -0.03483599051833153, 1.0007591247558594, -0.07940760254859924, -0.08439826965332031, 1.489013671875, 1.294189453125, 0.0578155517578125, 1.48974609375
55484, 0.0005425031413324177, -0.0020954706706106663, -0.00035121041582897305, -41.72410583496094, 46.593204498291016, -16.087682723999023, -3.647386074066162, 3.8051183223724365, -0.555854082107544, 0.11340320110321045, 0.7755077481269836, 0.17656585574150085, 14.11585651982564, 1.255924367126255, -5.246573037151569, 53067.0, 39508.0, 65535.0, 51371.0, 8.390083312988281, -0.11402861773967743, 1.0138038396835327, -3.740633487701416, 0.03134383633732796, -0.060070689767599106, 0.9953499436378479, -0.07940760254859924, -0.08439826965332031, 1.489013671875, 1.294189453125, 0.0578155517578125, 1.48974609375
55534, 0.06746118515729904, 0.8665054440498352, -0.3233339488506317, 0.09700775891542435, 0.7622939944267273, 0.06676753610372543, -0.0005158011335879564, -0.00013138730719219893, 0.011618733406066895, 0.11481091380119324, 0.7620747089385986, 0.2149992138147354, 18.909707634634156, 2.1660536575517995, -0.9406556780553741, 53067.0, 39508.0, 65535.0, 51371.0, 8.271075248718262, 4.001622200012207, -3.2276713848114014, 106.8431625366211, 0.7077471613883972, -0.2259920984506607, 0.8161703944206238, -0.07940760254859924, -0.08439826965332031, 1.489013671875, 1.294189453125, 0.0578155517578125, 1.625244140625
55544, 0.02422184869647026, 0.9258160591125488, -1.568524718284607, 0.09700775891542435, 0.7622939944267273, 0.06676753610372543, -0.0005158011335879564, -0.00013138730719219893, 0.011618733406066895, 0.1150938868522644, 0.7595452070236206, 0.22354324162006378, 20.778737872553823, 1.865293302989869, -2.128783132664867, 53136.0, 28771.0, 57405.0, 41646.0, 8.33057975769043, 4.001622200012207, -3.2276713848114014, 106.8431625366211, 0.7077471613883972, -0.2259920984506607, 0.8161703944206238, -0.07940760254859924, -0.08439826965332031, 1.489013671875, 1.294189453125, 0.0578155517578125, 1.625244140625
55554, 0.047224011272192, 0.5924815535545349, -1.9984065294265747, 0.09700775891542435, 0.7622939944267273, 0.06676753610372543, -0.0005158011335879564, -0.00013138730719219893, 0.011618733406066895, 0.116785928606987, 0.7552536725997925, 0.2313195765018463, 14.072189560478662, -0.2269018043645019, -5.590849079847246, 53136.0, 28771.0, 57405.0, 41646.0, 8.350414276123047, 4.001622200012207, -3.2276713848114014, 106.8431625366211, 0.7077471613883972, -0.2259920984506607, 0.8161703944206238, -0.07940760254859924, -0.08439826965332031, 1.489013671875, 1.254638671875, 0.1486053466796875, 1.625244140625
55564, -0.26110053062438965, -0.13160914182662964, -1.2223924398422241, 0.09700775891542435, 0.7622939944267273, 0.06676753610372543, -0.0005158011335879564, -0.00013138730719219893, 0.011618733406066895, 0.11491867154836655, 0.7485406398773193, 0.2417813390493393, 21.699062242547903, 0.7238473518603712, -6.484522074866467, 56172.0, 33654.0, 52220.0, 38050.0, 8.33057975769043, 4.001622200012207, -3.2276713848114014, 106.8431625366211, 0.7077471613883972, -0.2259920984506607, 0.8161703944206238, -0.07940760254859924, -0.08439826965332031, 1.489013671875, 1.254638671875, 0.1486053466796875, 1.625244140625
55574, -0.43754565715789795, -0.5746278166770935, 1.390763521194458, 0.09700775891542435, 0.7622939944267273, 0.06676753610372543, -0.0005158011335879564, -0.00013138730719219893, 0.011618733406066895, 0.11483747512102127, 0.7430704236030579, 0.2496182918548584, 20.1422092403865, 0.49046261979282235, -4.649034922839449, 56172.0, 33654.0, 52220.0, 38050.0, 8.33057975769043, 49.15035629272461, 21.42454719543457, 164.27743530273438, 0.7077471613883972, -0.2259920984506607, 0.8161703944206238, -0.07940760254859924, -0.08439826965332031, 1.489013671875, 1.254638671875, 0.1486053466796875, 1.5615234375
55584, 0.06392427533864975, -0.7306743264198303, 2.7896499633789062, 0.09700775891542435, 0.7622939944267273, 0.06676753610372543, -0.0005158011335879564, -0.00013138730719219893, 0.011618733406066895, 0.11485374718904495, 0.7362419962882996, 0.25464171171188354, 17.931032201979754, 2.083755277477337, -3.046144966602452, 56172.0, 33654.0, 52220.0, 38050.0, 8.33057975769043, 49.15035629272461, 21.42454719543457, 164.27743530273438, -0.9227883219718933, -0.7214964628219604, 0.9795491695404053, -0.07940760254859924, -0.08439826965332031, 1.489013671875, 1.254638671875, 0.1486053466796875, 1.272216796875
55594, 0.39426568150520325, -0.7870988845825195, 2.7651257514953613, 0.09700775891542435, 0.7622939944267273, 0.06676753610372543, -0.0005158011335879564, -0.00013138730719219893, 0.011618733406066895, 0.1152590811252594, 0.7364729642868042, 0.2593645453453064, 11.892019949935165, 1.4664339180866648, -3.9184511279274923, 52596.0, 33094.0, 42480.0, 43461.0, 8.33057975769043, -32.111358642578125, 13.102399826049805, -66.38431549072266, -0.9227883219718933, -0.7214964628219604, 0.9795491695404053, -0.07940760254859924, -0.08439826965332031, 1.489013671875, 1.254638671875, 0.1486053466796875, 1.272216796875
55634, -0.2809861898422241, -0.6890102028846741, -1.21851646900177, 0.09736336767673492, 0.7623727917671204, 0.06624425202608109, 0.0020406318362802267, 0.00012366018199827522, -0.0035103128757327795, 0.11381138861179352, 0.7140181660652161, 0.2925141453742981, 18.62099947450873, 0.30781824989929873, -7.675036215021377, 52596.0, 33094.0, 42480.0, 43461.0, 8.33057975769043, -32.111358642578125, 13.102399826049805, -66.38431549072266, -0.006821349263191223, -0.23301762342453003, 1.0247384309768677, -0.07940760254859924, -0.08439826965332031, 1.489013671875, 1.254638671875, 0.1486053466796875, 1.640625
55684, -0.1507648527622223, -0.4512890875339508, -3.231029510498047, 0.09787777066230774, 0.762444019317627, 0.06603576242923737, 0.00800963956862688, 0.0026721537578850985, -0.003701869398355484, 0.11325616389513016, 0.6857118606567383, 0.3257662355899811, 21.223549208426594, 1.4115709877054883, -3.599624556839627, 51980.0, 29782.0, 38085.0, 43774.0, 8.112398147583008, 27.305599212646484, -12.145566940307617, 16.721872329711914, 0.283864289522171, 0.1780894696712494, 1.0501594543457031, -0.07940760254859924, -0.08439826965332031, 1.489013671875, 1.254638671875, 0.1486053466796875, 1.640625
55694, 0.3207431137561798, -0.45177409052848816, -1.4115546941757202, 0.09787777066230774, 0.762444019317627, 0.06603576242923737, 0.00800963956862688, 0.0026721537578850985, -0.003701869398355484, 0.11290943622589111, 0.6809079647064209, 0.3331841826438904, 15.51399679396812, 0.8250403871951733, -5.240047225490546, 51526.0, 30214.0, 39051.0, 44134.0, 7.715703010559082, 27.305599212646484, -12.145566940307617, 16.721872329711914, 0.283864289522171, 0.1780894696712494, 1.0501594543457031, -0.07940760254859924, -0.08439826965332031, 1.489013671875, 1.254638671875, 0.1486053466796875, 1.640625
55704, 0.8167083859443665, -0.8231191635131836, -0.8537147045135498, 0.09787777066230774, 0.762444019317627, 0.06603576242923737, 0.00800963956862688, 0.0026721537578850985, -0.003701869398355484, 0.11382042616605759, 0.6732876300811768, 0.34131044149398804, 12.70103103482441, 0.8771452866877496, -5.783099541303569, 51014.0, 31154.0, 38997.0, 44165.0, 7.83471155166626, 27.305599212646484, -12.145566940307617, 16.721872329711914, 0.5754235982894897, -0.3764879107475281, 1.875451683998108, -0.07940760254859924, -0.08439826965332031, 1.489013671875, 1.254638671875, 0.1486053466796875, 1.640625
55744, 4.125596523284912, -2.1573171615600586, 2.886930465698242, 0.0985695943236351, 0.762753963470459, 0.07653331011533737, 0.01785450056195259, -0.004584935028105974, 0.2049666941165924, 0.11294631659984589, 0.6426898241043091, 0.3756897449493408, 12.861576279356187, 0.8117672027194658, -3.595779638580301, 50008.0, 32856.0, 38757.0, 44238.0, 7.9537200927734375, 27.305599212646484, -12.145566940307617, 16.721872329711914, 0.6152868270874023, 4.368521213531494, 0.4742376506328583, -0.07940760254859924, -0.08439826965332031, 1.489013671875, 1.254638671875, 0.1486053466796875, 1.6259765625
55784, 7.106287002563477, -1.1738922595977783, -0.37910598516464233, 0.09957011789083481, 0.7619377374649048, 0.08987335115671158, 0.04360918700695038, -0.047206051647663116, 0.5400782823562622, 0.1123662069439888, 0.5999578833580017, 0.4231300354003906, 7.729494254281477, 0.5208356399977276, -0.9577635898510408, 43269.0, 32081.0, 31899.0, 44232.0, 7.973554611206055, 281.7326354980469, -14.14050579071045, -211.57977294921875, -0.7377457618713379, 2.615583658218384, -0.009282841347157955, -0.07940760254859924, -0.08439826965332031, 1.489013671875, 0.944091796875, 4.4333648681640625, 1.6259765625
55794, 8.496353149414062, -0.27161312103271484, 2.106245279312134, 0.09957011789083481, 0.7619377374649048, 0.08987335115671158, 0.04360918700695038, -0.047206051647663116, 0.5400782823562622, 0.11087240278720856, 0.5916474461555481, 0.438808411359787, 12.50133332127169, 0.34045229321060333, -3.2691625404625504, 43269.0, 32081.0, 31899.0, 44232.0, 7.973554611206055, 265.7748718261719, -69.04492950439453, -617.0704956054688, -0.7377457618713379, 2.615583658218384, -0.009282841347157955, -0.07940760254859924, -0.08439826965332031, 1.489013671875, 0.7294921875, 14.741058349609375, 1.6259765625
55804, 10.810471534729004, -1.0478131771087646, -5.20735502243042, 0.09957011789083481, 0.7619377374649048, 0.08987335115671158, 0.04360918700695038, -0.047206051647663116, 0.5400782823562622, 0.11074760556221008, 0.5811776518821716, 0.451889306306839, 9.55934507527717, -0.8133478199990236, -6.919199832448778, 43067.0, 28581.0, 32072.0, 42969.0, 7.9537200927734375, 164.92823791503906, -34.487998962402344, 469.0949401855469, -0.7377457618713379, 2.615583658218384, -0.009282841347157955, -0.07940760254859924, -0.08439826965332031, 1.489013671875, 0.7294921875, 14.741058349609375, 1.6259765625
55814, 12.316276550292969, 0.16465532779693604, -0.8061928153038025, 0.10036902874708176, 0.7618240118026733, 0.10966087877750397, 0.049677539616823196, -0.10444819927215576, 0.6222463250160217, 0.11081837862730026, 0.5705123543739319, 0.46576812863349915, 10.217526796128682, -0.7984773765952298, -6.894006646991592, 43067.0, 28581.0, 32072.0, 42969.0, 7.8942155838012695, 73.58497619628906, -77.19218444824219, -372.29217529296875, -0.7377457618713379, 2.615583658218384, -0.009282841347157955, -0.07940760254859924, -0.08439826965332031, 1.489013671875, 0.7294921875, 14.741058349609375, 1.6259765625
55824, 13.251921653747559, 0.29087749123573303, -4.6760478019714355, 0.10036902874708176, 0.7618240118026733, 0.10966087877750397, 0.049677539616823196, -0.10444819927215576, 0.6222463250160217, 0.11038313060998917, 0.5636473894119263, 0.4758463203907013, 10.213579297683864, -0.09664198677771196, -3.804652327112242, 43067.0, 28581.0, 32072.0, 42969.0, 7.8942155838012695, 249.86328125, -9.821394920349121, 727.0562133789062, -0.7377457618713379, 2.615583658218384, -0.009282841347157955, -0.07940760254859924, -0.08439826965332031, 1.489013671875, 0.7294921875, 14.741058349609375, 1.5234375
55874, 16.669158935546875, 3.7037734985351562, -0.7345194220542908, 0.10237808525562286, 0.7576907277107239, 0.14984916150569916, 0.027828963473439217, -0.23026800155639648, 0.705025315284729, 0.11134506016969681, 0.5153174996376038, 0.5420190095901489, 7.7753238598436, -0.31634488975390695, -2.556001224335877, 40132.0, 29307.0, 38884.0, 43119.0, 7.973554611206055, 108.55387115478516, 3.7049977779388428, 1000.2914428710938, -1.7159676551818848, -4.818531036376953, 0.3605457842350006, -0.07940760254859924, -0.08439826965332031, 1.489013671875, 0.7294921875, 14.741058349609375, 1.43408203125
55914, 16.085285186767578, 4.6884846687316895, 4.711811065673828, 0.10564348846673965, 0.7583639621734619, 0.17194688320159912, 0.020634979009628296, -0.28441351652145386, 0.7504732608795166, 0.11355729401111603, 0.4890696406364441, 0.5824509859085083, 6.016228002625719, -1.07376279467735, -7.729692876005197, 41021.0, 31268.0, 36669.0, 41074.0, 8.05289363861084, -51.96674346923828, -17.558931350708008, 405.94189453125, 0.3495020866394043, -0.16153378784656525, 1.4555319547653198, -0.07940760254859924, -0.08439826965332031, 1.489013671875, 0.7294921875, 14.741058349609375, 1.43408203125
55924, 18.054872512817383, 2.764991521835327, -1.5846261978149414, 0.10564348846673965, 0.7583639621734619, 0.17194688320159912, 0.020634979009628296, -0.28441351652145386, 0.7504732608795166, 0.11427069455385208, 0.48391255736351013, 0.5921927690505981, 3.6218894632015894, -0.26419504473977895, -8.436225872668537, 41098.0, 31355.0, 34671.0, 41158.0, 8.05289363861084, -18.66141128540039, 12.355391502380371, 130.1638641357422, 0.3495020866394043, -0.16153378784656525, 1.4555319547653198, -0.07940760254859924, -0.08439826965332031, 1.489013671875, 0.7294921875, 14.741058349609375, 1.43408203125
55934, 17.74850082397461, 3.60079026222229, 1.1809474229812622, 0.10564348846673965, 0.7583639621734619, 0.17194688320159912, 0.020634979009628296, -0.28441351652145386, 0.7504732608795166, 0.11610117554664612, 0.4768492877483368, 0.6021144390106201, 5.78334903433474, 0.7358656480901686, -3.5153771833253984, 40518.0, 31794.0, 34740.0, 41992.0, 7.9537200927734375, -18.66141128540039, 12.355391502380371, 130.1638641357422, 0.3495020866394043, -0.16153378784656525, 1.4555319547653198, -0.07940760254859924, -0.08439826965332031, 1.489013671875, 0.7294921875, 14.741058349609375, 1.43408203125
56094, 10.18459415435791, 1.9715301990509033, -1.0101860761642456, 0.11033601313829422, 0.6729182600975037, 0.3227635324001312, -0.03840288892388344, -0.7620434761047363, 0.770571768283844, 0.1316136121749878, 0.3859272599220276, 0.7944939732551575, -0.6425094566159235, 1.4365910631210568, -8.01345808055852, 40564.0, 31016.0, 36549.0, 41602.0, 8.033059120178223, -379.00860595703125, -15.549604415893555, -366.2967834472656, -0.3438511788845062, -2.685631513595581, 2.0846424102783203, -0.07940760254859924, -0.08439826965332031, 1.489013671875, 1.83984375, 1.1274566650390625, 1.5556640625
56154, 7.571148872375488, 1.1145079135894775, -0.8268142342567444, 0.11000976711511612, 0.6452996134757996, 0.35705655813217163, -0.04986787214875221, -0.8494341373443604, 0.8748179078102112, 0.13418501615524292, 0.3691914975643158, 0.848385751247406, 3.0304667830263816, 1.1162890964326948, -2.6242852953531592, 39911.0, 31171.0, 36882.0, 41182.0, 8.033059120178223, -13.95304012298584, 19.302719116210938, 623.9197998046875, -0.3229152262210846, 3.4876725673675537, 0.8821682333946228, -0.07940760254859924, -0.08439826965332031, 1.489013671875, 2.178955078125, 4.915863037109375, 1.5556640625
56164, 7.472607135772705, 1.5619937181472778, 4.197763919830322, 0.11000976711511612, 0.6452996134757996, 0.35705655813217163, -0.04986787214875221, -0.8494341373443604, 0.8748179078102112, 0.1356632560491562, 0.36501550674438477, 0.8577699661254883, 2.9461168142669267, 1.1778839251003035, -6.493415569538982, 41585.0, 30997.0, 36525.0, 39594.0, 8.033059120178223, 33.576866149902344, 4.462838649749756, -1163.957763671875, -0.3229152262210846, 3.4876725673675537, 0.8821682333946228, -0.07940760254859924, -0.08439826965332031, 1.489013671875, 2.178955078125, 4.915863037109375, 1.5556640625
56174, 8.4069185256958, 0.14766359329223633, -3.474170684814453, 0.11000976711511612, 0.6452996134757996, 0.35705655813217163, -0.04986787214875221, -0.8494341373443604, 0.8748179078102112, 0.13781344890594482, 0.36009958386421204, 0.8648950457572937, 1.6863916087279334, 1.240781836688626, -8.024601788825295, 41328.0, 31180.0, 35450.0, 40075.0, 8.033059120178223, -17.300535202026367, 42.28255081176758, 606.1122436523438, -0.3229152262210846, 3.4876725673675537, 0.8821682333946228, -0.07940760254859924, -0.08439826965332031, 1.489013671875, 2.178955078125, 4.915863037109375, 1.5556640625
56234, 5.578970909118652, -0.23073570430278778, -1.9768412113189697, 0.10727886855602264, 0.5599309802055359, 0.4483453631401062, -0.05179159343242645, -0.9739481210708618, 0.8430922627449036, 0.14278921484947205, 0.34347647428512573, 0.9321300387382507, 3.392299587688625, 1.8269698799830962, -7.339812391622357, 40264.0, 31679.0, 35933.0, 41276.0, 8.013224601745605, 78.43486785888672, -13.022782325744629, 47.23086166381836, 0.5518171191215515, 2.119560480117798, 2.7530786991119385, -0.07940760254859924, -0.08439826965332031, 1.489013671875, 2.178955078125, 4.915863037109375, 1.63330078125
56254, 5.505379676818848, -0.5012321472167969, 0.30868351459503174, 0.1062331423163414, 0.540277898311615, 0.4647059738636017, -0.051385700702667236, -1.0026826858520508, 0.8916870355606079, 0.14476995170116425, 0.3386233448982239, 0.9471513032913208, 4.030475824306492, 1.829379090302183, -8.530485280932686, 40264.0, 31679.0, 35933.0, 41276.0, 8.05289363861084, 78.43486785888672, -13.022782325744629, 47.23086166381836, 0.2078091949224472, -2.6861369609832764, 0.4265424311161041, -0.07940760254859924, -0.08439826965332031, 1.489013671875, 2.178955078125, 4.915863037109375, 1.63330078125
56274, 4.9512858390808105, -0.3635812997817993, 0.8995825052261353, 0.1062331423163414, 0.540277898311615, 0.4647059738636017, -0.051385700702667236, -1.0026826858520508, 0.8916870355606079, 0.14678412675857544, 0.33180397748947144, 0.9653419852256775, 3.042381446108254, 1.9266360099369706, -2.163876835160534, 38903.0, 31470.0, 34823.0, 42004.0, 8.092562675476074, -368.6623229980469, -66.81459045410156, -7.640094757080078, -0.08329161256551743, 2.957655429840088, 0.5825784206390381, -0.07940760254859924, -0.08439826965332031, 1.489013671875, 2.178955078125, 4.915863037109375, 1.63330078125
56294, 3.3919551372528076, -0.06246963515877724, 1.6447675228118896, 0.1062331423163414, 0.540277898311615, 0.4647059738636017, -0.051385700702667236, -1.0026826858520508, 0.8916870355606079, 0.14729642868041992, 0.3291234076023102, 0.9861548542976379, 3.4186509595920587, 2.6224962318427174, -2.177605334758864, 41342.0, 30897.0, 33371.0, 39701.0, 8.033059120178223, 132.96389770507812, 20.069692611694336, 587.6351928710938, -0.40949955582618713, -2.4250638484954834, 0.16251178085803986, -0.07940760254859924, -0.08439826965332031, 1.489013671875, 2.178955078125, 4.915863037109375, 1.56005859375
56414, -0.9283340573310852, 0.27935829758644104, 4.049479007720947, 0.10722135752439499, 0.4050237834453583, 0.6183639764785767, -0.022459890693426132, -1.0041157007217407, 0.7846365571022034, 0.15321160852909088, 0.30728447437286377, 1.0961761474609375, 6.56008168055417, 2.1752934390089536, -7.801386326634634, 39552.0, 31297.0, 34720.0, 41409.0, 8.05289363861084, 73.85435485839844, 8.042189598083496, -576.5304565429688, 0.1386503428220749, 0.4460301101207733, 1.759649395942688, -0.07940760254859924, -0.08439826965332031, 1.489013671875, 0.977783203125, 3.5120391845703125, 1.58056640625
56494, -0.07463674992322922, -0.3927019238471985, -0.4333062171936035, 0.11437144875526428, 0.3589523136615753, 0.7043919563293457, 0.0009670606232248247, -0.9159169793128967, 0.8100684881210327, 0.1564086526632309, 0.2898727357387543, 1.1676219701766968, 10.067760981559891, 0.5089762045212751, -7.688009887507781, 41415.0, 30960.0, 33217.0, 39868.0, 8.033059120178223, 78.16039276123047, -11.899243354797363, -301.37884521484375, -0.25703001022338867, 0.2235582023859024, 1.2425353527069092, -0.07940760254859924, -0.08439826965332031, 1.489013671875, 0.977783203125, 3.5120391845703125, 1.581298828125
56524, -0.08135945349931717, 0.03143501654267311, -0.9214677214622498, 0.11439960449934006, 0.3406746983528137, 0.7217743992805481, 0.0022805065382272005, -0.9127612113952637, 0.9367226362228394, 0.1556023508310318, 0.28131040930747986, 1.2065885066986084, 9.208012346185637, 1.9041389718936728, -4.685078273791185, 39482.0, 31857.0, 35142.0, 41367.0, 8.013224601745605, 40.96379470825195, 16.738176345825195, -64.4100341796875, -0.07916799187660217, 3.309953451156616, 1.6247718334197998, 1.352943778038025, 1.1610355377197266, 1.5908203125, 0.977783203125, 3.5120391845703125, 1.590087890625
56534, -2.782933235168457, 0.21798919141292572, 1.0429495573043823, 0.11439960449934006, 0.3406746983528137, 0.7217743992805481, 0.0022805065382272005, -0.9127612113952637, 0.9367226362228394, 0.15603360533714294, 0.278111070394516, 1.2204177379608154, 7.5559855743185755, 1.3194450643353832, -8.960446060965499, 39773.0, 31269.0, 35831.0, 40655.0, 8.013224601745605, 107.03510284423828, 4.259936809539795, 452.9449462890625, -0.07916799187660217, 3.309953451156616, 1.6247718334197998, 1.352943778038025, 1.1610355377197266, 1.5908203125, 0.977783203125, 3.5120391845703125, 1.55712890625
56614, -1.3603575229644775, 0.7920022010803223, -2.0317203998565674, 0.1245393455028534, 0.29316186904907227, 0.8312076330184937, 0.025246862322092056, -0.787139356136322, 0.915799081325531, 0.1560882180929184, 0.2558692395687103, 1.2866958379745483, 8.077727469268673, 2.210192639739745, -6.969026413650511, 39724.0, 31475.0, 34947.0, 40849.0, 7.973554611206055, 94.61299133300781, -12.03680419921875, -977.5371704101562, 0.3041350841522217, 1.4781749248504639, 2.938060998916626, 1.352943778038025, 1.1610355377197266, 1.5908203125, 0.977783203125, 3.5120391845703125, 1.57763671875
56624, -1.2409814596176147, 0.39921078085899353, -0.5527299046516418, 0.1247931569814682, 0.2852858006954193, 0.8397697806358337, 0.026674684137105942, -0.7890739440917969, 0.796948254108429, 0.15609128773212433, 0.2529413402080536, 1.294899582862854, 8.183998659671282, 2.4709471213737118, -5.110556158021628, 39724.0, 31475.0, 34947.0, 40849.0, 7.973554611206055, -35.650875091552734, -69.57723236083984, -120.09956359863281, 0.3041350841522217, 1.4781749248504639, 2.938060998916626, 1.352943778038025, 1.1610355377197266, 1.5908203125, 0.977783203125, 3.5120391845703125, 1.57763671875
56654, -0.8770780563354492, 1.0483115911483765, -0.5904905796051025, 0.12999023497104645, 0.28277555108070374, 0.8792844414710999, 0.036386068910360336, -0.7247834801673889, 0.8473268151283264, 0.15701857209205627, 0.23866873979568481, 1.319356918334961, 8.073675260219698, 2.6935304223055425, -2.0917774529009234, 38662.0, 31168.0, 36438.0, 41379.0, 8.05289363861084, 13.370192527770996, -6.7594404220581055, -147.12167358398438, -0.1395820528268814, 2.6782913208007812, 1.9813541173934937, 1.352943778038025, 1.1610355377197266, 1.5908203125, 0.977783203125, 3.5120391845703125, 1.540283203125
56664, -2.885103225708008, 1.2387593984603882, 0.9243278503417969, 0.13034690916538239, 0.275529146194458, 0.8876698613166809, 0.03499748185276985, -0.7247968316078186, 0.8298235535621643, 0.15650349855422974, 0.23212511837482452, 1.3263517618179321, 7.007896677471478, 2.8305138500035127, -4.1846612546433555, 38662.0, 31168.0, 36438.0, 41379.0, 8.05289363861084, 158.79759216308594, 2.9066362380981445, 458.9474182128906, -0.1395820528268814, 2.6782913208007812, 1.9813541173934937, 1.352943778038025, 1.1610355377197266, 1.5908203125, 0.977783203125, 3.5120391845703125, 1.521240234375
56674, -1.9832499027252197, 1.1739978790283203, 0.4318203330039978, 0.1306813657283783, 0.26829442381858826, 0.896332859992981, 0.03198415786027908, -0.7203077673912048, 0.9031403660774231, 0.15595552325248718, 0.23030462861061096, 1.3353478908538818, 8.737808766587218, 2.7168971815626435, -5.675596537050339, 38662.0, 31168.0, 36438.0, 41379.0, 7.9537200927734375, 158.79759216308594, 2.9066362380981445, 458.9474182128906, 0.6260478496551514, 0.8413190841674805, 1.4599392414093018, 1.352943778038025, 1.1610355377197266, 1.5908203125, 0.977783203125, 3.5120391845703125, 1.560791015625
56684, -0.598475456237793, 0.805512547492981, -0.9578487873077393, 0.13487927615642548, 0.2809445858001709, 0.9177075028419495, 0.04243572801351547, -0.6620551943778992, 0.8517276644706726, 0.15580502152442932, 0.22380076348781586, 1.3466668128967285, 7.86673442607266, 3.2974349650537533, -4.319300935525061, 40257.0, 31036.0, 35832.0, 40140.0, 8.05289363861084, -169.9978790283203, -40.072486877441406, -201.92294311523438, -0.44975244998931885, 0.6161444783210754, 1.9332726001739502, 1.352943778038025, 1.1610355377197266, 1.5908203125, 0.977783203125, 3.5120391845703125, 1.5732421875
56724, -2.279458999633789, 1.4056528806686401, 1.0069386959075928, 0.13641834259033203, 0.25467613339424133, 0.9534223079681396, 0.03590889647603035, -0.653634250164032, 0.8416429162025452, 0.15555167198181152, 0.20679371058940887, 1.3594082593917847, 7.8958826247207945, 3.771936557643272, -2.1306438170624533, 39677.0, 31212.0, 37319.0, 40298.0, 8.072728157043457, -169.9978790283203, -40.072486877441406, -201.92294311523438, 0.15938465297222137, 2.8918745517730713, 1.3485232591629028, 1.352943778038025, 1.1610355377197266, 1.5908203125, 1.6494140625, 0.5372772216796875, 1.550537109375
56734, -1.909631371498108, 1.2737231254577637, 3.019700288772583, 0.14006361365318298, 0.2676790654659271, 0.9750093817710876, 0.042794182896614075, -0.5990400314331055, 0.9108025431632996, 0.15528157353401184, 0.20124360918998718, 1.3608542680740356, 6.727886062582653, 4.141242659929446, -2.0627188244121024, 39677.0, 31212.0, 37319.0, 40298.0, 8.05289363861084, -169.9978790283203, -40.072486877441406, -201.92294311523438, -0.2291613519191742, 0.037436868995428085, -0.27295616269111633, 1.352943778038025, 1.1610355377197266, 1.5908203125, 1.6494140625, 0.5372772216796875, 1.550537109375
56754, -0.743495523929596, 1.13424813747406, -1.3116375207901, 0.14087507128715515, 0.2557675242424011, 0.9929643869400024, 0.040811385959386826, -0.5949801206588745, 0.8282096982002258, 0.1547839343547821, 0.19864077866077423, 1.3647427558898926, 7.7040938755200905, 3.948982080455721, -4.793401289158558, 39677.0, 31212.0, 37319.0, 40298.0, 8.05289363861084, 131.0887451171875, 32.51944351196289, 91.72509002685547, -0.1651386320590973, 1.2385882139205933, 3.4720096588134766, 1.352943778038025, 1.1610355377197266, 1.5908203125, 1.6494140625, 0.5372772216796875, 1.54541015625
56784, -0.7492576241493225, 1.311847448348999, 0.6230518221855164, 0.14195570349693298, 0.2380063384771347, 1.0205854177474976, 0.034520331770181656, -0.590144157409668, 0.8614673018455505, 0.15404528379440308, 0.19149482250213623, 1.3672024011611938, 7.435950656342854, 3.6762801005832557, -5.390353835202987, 37874.0, 31584.0, 36797.0, 40215.0, 7.99338960647583, -194.76547241210938, 4.709288597106934, -86.69422149658203, 0.5646498799324036, 3.413973331451416, 1.1720476150512695, 1.352943778038025, 1.1610355377197266, 1.5908203125, 1.6494140625, 0.5372772216796875, 1.623046875
56804, -0.1542133241891861, 1.3131990432739258, -1.6372933387756348, 0.14534960687160492, 0.2456735372543335, 1.0516762733459473, 0.036126598715782166, -0.5373734831809998, 0.9698631763458252, 0.15267951786518097, 0.1852473020553589, 1.3678390979766846, 8.272265949775589, 4.047667678477836, -3.680021852060623, 37874.0, 31584.0, 36797.0, 40215.0, 7.99338960647583, 179.1820526123047, 67.51721954345703, 146.1837615966797, -0.12561051547527313, -0.8596291542053223, -0.7920868396759033, 1.352943778038025, 1.1610355377197266, 1.5908203125, 1.100830078125, 1.2566680908203125, 1.52783203125
56834, 1.4788440465927124, 1.241894006729126, -0.9075127840042114, 0.14639778435230255, 0.22955197095870972, 1.0789625644683838, 0.03140580654144287, -0.5392431020736694, 0.964542031288147, 0.15158501267433167, 0.17014627158641815, 1.364993691444397, 6.122064043856607, 4.61589673608438, -1.287599060804063, 34773.0, 31653.0, 36900.0, 37092.0, 8.092562675476074, 179.1820526123047, 67.51721954345703, 146.1837615966797, -0.217243954539299, 2.1847991943359375, 0.9505041241645813, 1.352943778038025, 1.1610355377197266, 1.5908203125, 1.100830078125, 1.2566680908203125, 1.530029296875
56884, 1.4035391807556152, 0.9882563948631287, -0.7437770366668701, 0.14936652779579163, 0.23353534936904907, 1.1165926456451416, 0.03381233289837837, -0.49044889211654663, 0.8746538162231445, 0.14829683303833008, 0.1612410992383957, 1.3584177494049072, 7.174718123583065, 4.291358922205575, -4.4855984611859, 32912.0, 31436.0, 36604.0, 34417.0, 8.152067184448242, -117.00286102294922, -58.25033187866211, -441.04205322265625, 0.6173868775367737, 1.0703010559082031, 2.2447450160980225, 1.352943778038025, 1.1610355377197266, 1.5908203125, 1.100830078125, 1.2566680908203125, 1.530029296875
56924, 1.6438122987747192, 1.4972422122955322, 1.5125229358673096, 0.15263620018959045, 0.22200438380241394, 1.177991509437561, 0.028565023094415665, -0.45380789041519165, 0.7842267155647278, 0.14622098207473755, 0.14816729724407196, 1.3503847122192383, 6.8279699984699835, 4.568908453773844, -1.8297421206671207, 31182.0, 31372.0, 37609.0, 33314.0, 8.191736221313477, -138.60218811035156, 12.39560604095459, -104.89136505126953, -0.27965793013572693, 1.0053257942199707, 0.3677850067615509, 0.818681538105011, 0.023120880126953125, 1.497802734375, 1.100830078125, 1.2566680908203125, 1.530029296875
56994, 2.844829797744751, 1.616798996925354, 1.2335368394851685, 0.1549084335565567, 0.2107677161693573, 1.2320799827575684, 0.020369334146380424, -0.4279409646987915, 0.6675426959991455, 0.14070244133472443, 0.1355409324169159, 1.3329030275344849, 7.227968906639732, 4.670342961499472, -4.287727784445085, 31182.0, 31372.0, 37609.0, 33314.0, 8.191736221313477, -84.62364959716797, -25.732486724853516, 111.7216567993164, 0.02348245494067669, 0.1919703334569931, 1.2043969631195068, 0.818681538105011, 0.023120880126953125, 1.497802734375, 1.100830078125, 1.2566680908203125, 1.524169921875
57004, 2.1106815338134766, 1.8449740409851074, 1.2448594570159912, 0.1549084335565567, 0.2107677161693573, 1.2320799827575684, 0.020369334146380424, -0.4279409646987915, 0.6675426959991455, 0.13983066380023956, 0.13074372708797455, 1.3298156261444092, 7.084553148041564, 4.603766832465425, -3.387733854061273, 29330.0, 31053.0, 34851.0, 31632.0, 8.191736221313477, -84.62364959716797, -25.732486724853516, 111.7216567993164, 0.02348245494067669, 0.1919703334569931, 1.2043969631195068, 0.818681538105011, 0.023120880126953125, 1.497802734375, 1.100830078125, 1.2566680908203125, 1.524169921875
57014, 1.250429391860962, 1.877081036567688, 1.7305666208267212, 0.1549084335565567, 0.2107677161693573, 1.2320799827575684, 0.020369334146380424, -0.4279409646987915, 0.6675426959991455, 0.1389131098985672, 0.12966753542423248, 1.326846957206726, 7.587776234072394, 4.558969386965941, -3.3251008973128364, 29912.0, 30862.0, 34208.0, 30696.0, 8.191736221313477, -115.51728820800781, -16.17340660095215, -328.7770690917969, 0.02348245494067669, 0.1919703334569931, 1.2043969631195068, 0.818681538105011, 0.023120880126953125, 1.497802734375, 1.100830078125, 1.2566680908203125, 1.524169921875
57024, 0.7496210932731628, 1.9564316272735596, -0.289955198764801, 0.1549084335565567, 0.2107677161693573, 1.2320799827575684, 0.020369334146380424, -0.4279409646987915, 0.6675426959991455, 0.13864471018314362, 0.12387439608573914, 1.32110595703125, 6.748734942975717, 4.495578758579143, -2.7051329536379183, 30820.0, 30812.0, 33651.0, 29519.0, 8.191736221313477, 92.66755676269531, 10.60688591003418, 370.5899353027344, 0.02348245494067669, 0.1919703334569931, 1.2043969631195068, 0.818681538105011, 0.023120880126953125, 1.497802734375, 1.100830078125, 1.2566680908203125, 1.524169921875
57084, 2.4554617404937744, 2.250088930130005, 0.6250709891319275, 0.15645146369934082, 0.19387729465961456, 1.3010934591293335, 0.003183012129738927, -0.3833950459957123, 0.30619338154792786, 0.1310010403394699, 0.10945025086402893, 1.2976077795028687, 7.08764880266789, 4.392825067261498, -4.117788239396103, 29318.0, 30714.0, 34521.0, 30604.0, 8.191736221313477, -53.64066696166992, -37.04118347167969, -297.90380859375, -0.2293001413345337, -0.1312621831893921, 0.16679193079471588, 0.818681538105011, 0.023120880126953125, 1.497802734375, 1.100830078125, 1.2566680908203125, 1.5205078125
57094, 1.7707511186599731, 2.5167951583862305, 1.4305510520935059, 0.15645146369934082, 0.19387729465961456, 1.3010934591293335, 0.003183012129738927, -0.3833950459957123, 0.30619338154792786, 0.13012757897377014, 0.10542549937963486, 1.2923768758773804, 6.6164258774124205, 4.566623996579494, -3.543371641735239, 28997.0, 30631.0, 34153.0, 30864.0, 8.191736221313477, -53.64066696166992, -37.04118347167969, -297.90380859375, -0.2293001413345337, -0.1312621831893921, 0.16679193079471588, 0.818681538105011, 0.023120880126953125, 1.497802734375, 1.100830078125, 1.2566680908203125, 1.5205078125
57114, -0.11822724342346191, 2.703786611557007, 0.6072719693183899, 0.1562267243862152, 0.19170893728733063, 1.3189975023269653, -0.0028340471908450127, -0.3664471507072449, 0.1850273758172989, 0.12849056720733643, 0.0957128182053566, 1.2842741012573242, 5.393603943831101, 4.623004719952149, -3.267535547755555, 29553.0, 30486.0, 33836.0, 30494.0, 8.211570739746094, 24.740346908569336, 3.5666654109954834, 212.01919555664062, -0.38482916355133057, 1.1581544876098633, 1.0017846822738647, 0.818681538105011, 0.023120880126953125, 1.497802734375, 1.100830078125, 1.2566680908203125, 1.5205078125
57124, 0.03162074089050293, 2.715472936630249, 2.5662331581115723, 0.15617847442626953, 0.18803605437278748, 1.320794701576233, -0.006852441467344761, -0.36839812994003296, 0.17448513209819794, 0.1260012984275818, 0.09267245978116989, 1.2778189182281494, 5.536808139275257, 4.321085584845463, -5.1313107623057475, 29553.0, 30486.0, 33836.0, 30494.0, 8.191736221313477, 24.740346908569336, 3.5666654109954834, 212.01919555664062, -0.22326551377773285, 0.8087924718856812, 0.3316762447357178, 0.818681538105011, 0.023120880126953125, 1.497802734375, 1.100830078125, 1.2566680908203125, 1.52197265625
57154, 0.5005454421043396, 2.8338098526000977, -1.618270993232727, 0.15573066473007202, 0.18275941908359528, 1.333114504814148, -0.016831114888191223, -0.35518041253089905, 0.10372192412614822, 0.11979479342699051, 0.08940999954938889, 1.2643752098083496, 7.1397425943050346, 3.6407269990696136, -4.474819566762253, 30764.0, 30597.0, 33147.0, 30537.0, 8.17190170288086, 45.675331115722656, -5.072696685791016, 200.35107421875, 0.5109098553657532, -0.4578033685684204, 0.0565161295235157, 0.818681538105011, 0.023120880126953125, 1.497802734375, 1.100830078125, 1.2566680908203125, 1.508056640625
57254, -0.5397520661354065, 3.1868226528167725, -0.0018746621208265424, 0.15260961651802063, 0.1567360758781433, 1.337659478187561, -0.0473453588783741, -0.34511855244636536, -0.1844429075717926, 0.10617636144161224, 0.061022255569696426, 1.2246075868606567, 6.263120904114631, 1.4525158055848237, -3.18605712421631, 32200.0, 30504.0, 33803.0, 32699.0, 8.17190170288086, 80.50131225585938, 11.133244514465332, 397.3310546875, 0.1181679517030716, 0.6227667331695557, 0.8723768591880798, 0.818681538105011, 0.023120880126953125, 1.497802734375, 2.279296875, 7.7943572998046875, 1.521240234375
57274, 0.26117876172065735, 3.120466470718384, 1.6417979001998901, 0.15081413090229034, 0.1505146473646164, 1.3396192789077759, -0.06139667332172394, -0.33267542719841003, -0.21265296638011932, 0.10251257568597794, 0.05503981560468674, 1.2166719436645508, 4.189081795778016, 1.8874456932651071, -4.705957529822804, 32040.0, 30334.0, 33847.0, 33237.0, 8.132232666015625, -68.79439544677734, -20.597402572631836, 150.26412963867188, 0.13187913596630096, -0.4659121334552765, 0.877406120300293, 0.818681538105011, 0.023120880126953125, 1.497802734375, 2.279296875, 7.7943572998046875, 1.505126953125
57284, -0.5813109874725342, 3.265122175216675, 2.395632028579712, 0.15017680823802948, 0.14718832075595856, 1.3374313116073608, -0.06606729328632355, -0.3325413167476654, -0.2249470055103302, 0.09906305372714996, 0.056400805711746216, 1.2123557329177856, 7.3718857018110855, 1.425492746622325, -5.407121903159686, 32040.0, 30334.0, 33847.0, 33237.0, 8.132232666015625, -68.79439544677734, -20.597402572631836, 150.26412963867188, 0.20213696360588074, 1.3448525667190552, 0.3731188178062439, 0.818681538105011, 0.023120880126953125, 1.497802734375, 2.279296875, 7.7943572998046875, 1.600341796875
57304, -1.9044514894485474, 3.422395706176758, 1.7446271181106567, 0.1488003134727478, 0.1405269354581833, 1.331994652748108, -0.07148844003677368, -0.33421847224235535, -0.3193388879299164, 0.09663946181535721, 0.0496782623231411, 1.2063555717468262, 7.072398348954736, 1.2549566480014676, -3.5573273621382184, 32040.0, 30334.0, 33847.0, 33237.0, 8.132232666015625, -9.638452529907227, -4.250119686126709, 173.45986938476562, 0.29496321082115173, 1.4646450281143188, -0.09187695384025574, 0.818681538105011, 0.023120880126953125, 1.497802734375, 2.279296875, 7.7943572998046875, 1.60986328125
57314, -1.7156870365142822, 3.3779053688049316, 0.06552430987358093, 0.14768192172050476, 0.14095214009284973, 1.3347679376602173, -0.08140716701745987, -0.320717453956604, -0.2537781298160553, 0.09512613713741302, 0.04419631138443947, 1.2024720907211304, 6.055908207602806, 1.0749157518522168, -3.096619738806857, 32040.0, 30334.0, 33847.0, 33237.0, 8.152067184448242, -9.638452529907227, -4.250119686126709, 173.45986938476562, 0.050999999046325684, 0.45712709426879883, 1.2895381450653076, 0.818681538105011, 0.023120880126953125, 1.497802734375, 2.279296875, 7.7943572998046875, 1.51904296875
57324, -1.2604548931121826, 3.3386831283569336, 0.11585836857557297, 0.1468648612499237, 0.13774651288986206, 1.3317886590957642, -0.082112155854702, -0.3202408254146576, -0.3420742154121399, 0.09402783215045929, 0.040613602846860886, 1.1988779306411743, 9.96571877072353, 0.4177175385462135, -4.449397706721132, 32040.0, 30334.0, 33847.0, 33237.0, 8.092562675476074, -9.638452529907227, -4.250119686126709, 173.45986938476562, 0.42732784152030945, -0.5290325284004211, 0.9371120929718018, 0.818681538105011, 0.023120880126953125, 1.497802734375, 2.279296875, 7.7943572998046875, 1.51904296875
57334, -0.5193982124328613, 3.295943021774292, 0.14516030251979828, 0.14600947499275208, 0.1345614790916443, 1.3284575939178467, -0.08895441889762878, -0.316928505897522, -0.3241174817085266, 0.09366881847381592, 0.04141996055841446, 1.1948529481887817, 2.4940269241747597, 0.2446633926371362, -4.79421097139764, 32040.0, 30334.0, 33847.0, 33237.0, 8.17190170288086, -34.154579162597656, 2.162329912185669, -11.245333671569824, -0.2061416506767273, -0.2591787576675415, 0.9722355604171753, 0.818681538105011, 0.023120880126953125, 1.497802734375, 2.279296875, 7.7943572998046875, 1.51904296875
57364, -0.36944106221199036, 3.2347545623779297, 0.3171806037425995, 0.14410652220249176, 0.1282614916563034, 1.3221431970596313, -0.10086929798126221, -0.3138262927532196, -0.3146548867225647, 0.0879012793302536, 0.03673284873366356, 1.1891876459121704, 7.854309200020951, 0.33687001154979157, -4.330018618396594, 33889.0, 30120.0, 33459.0, 35084.0, 8.092562675476074, -79.11078643798828, -14.9008207321167, 365.0411376953125, -0.15700110793113708, 0.6100276708602905, 0.5702076554298401, 0.818681538105011, 0.023120880126953125, 1.497802734375, 2.279296875, 7.7943572998046875, 1.51904296875
57374, -1.6466914415359497, 3.337235689163208, 2.005251169204712, 0.14410652220249176, 0.1282614916563034, 1.3221431970596313, -0.10086929798126221, -0.3138262927532196, -0.3146548867225647, 0.08713015168905258, 0.03388097882270813, 1.1842765808105469, 3.211511492845442, 1.3062971638467502, -2.8852498419118455, 34517.0, 29944.0, 33286.0, 34811.0, 8.17190170288086, -79.11078643798828, -14.9008207321167, 365.0411376953125, -0.15700110793113708, 0.6100276708602905, 0.5702076554298401, 0.818681538105011, 0.023120880126953125, 1.497802734375, 2.279296875, 7.7943572998046875, 1.51904296875
57384, -1.901634931564331, 3.3235511779785156, 1.6178336143493652, 0.14063508808612823, 0.12132047861814499, 1.315110445022583, -0.11309973895549774, -0.3080809712409973, -0.40307319164276123, 0.08806709200143814, 0.029181573539972305, 1.182030439376831, 4.135801350031339, -0.10511867710326328, -2.6629948099715386, 34517.0, 29944.0, 33286.0, 34811.0, 8.17190170288086, -77.83403778076172, -3.4778101444244385, -211.6082763671875, -0.15700110793113708, 0.6100276708602905, 0.5702076554298401, 0.818681538105011, 0.023120880126953125, 1.497802734375, 2.279296875, 7.7943572998046875, 1.544677734375
57394, -2.2571749687194824, 3.338538646697998, -0.5916167497634888, 0.14063508808612823, 0.12132047861814499, 1.315110445022583, -0.11309973895549774, -0.3080809712409973, -0.40307319164276123, 0.08641467243432999, 0.029006358236074448, 1.1818106174468994, 6.443286131676588, 0.25640442244426254, -3.4222212077070435, 34517.0, 29944.0, 33286.0, 34811.0, 8.17190170288086, 93.37156677246094, -0.9990750551223755, 264.1997375488281, -0.15700110793113708, 0.6100276708602905, 0.5702076554298401, 0.818681538105011, 0.023120880126953125, 1.497802734375, 2.279296875, 7.7943572998046875, 1.524169921875
57414, -1.0248149633407593, 3.144261598587036, -0.46329399943351746, 0.13697010278701782, 0.11220869421958923, 1.3032149076461792, -0.12857769429683685, -0.3003263771533966, -0.43596771359443665, 0.08484184741973877, 0.026179097592830658, 1.1797505617141724, 7.439073051686794, 0.32008857478359687, -3.94421830601103, 34517.0, 29944.0, 33286.0, 34811.0, 8.092562675476074, 38.924766540527344, -0.6895871758460999, -203.8955535888672, -0.049999579787254333, -0.6548174619674683, 1.7151105403900146, 0.818681538105011, 0.023120880126953125, 1.497802734375, 2.279296875, 7.7943572998046875, 1.52490234375
57454, -2.3209400177001953, 2.9910824298858643, 1.0861798524856567, 0.13156722486019135, 0.10186588764190674, 1.2903658151626587, -0.14905424416065216, -0.2900748550891876, -0.4430975317955017, 0.08183282613754272, 0.02480432391166687, 1.1734591722488403, 8.528186676409774, -0.09604636356743868, -5.840166048231707, 36525.0, 29817.0, 33591.0, 36127.0, 8.132232666015625, 38.924766540527344, -0.6895871758460999, -203.8955535888672, -0.22299587726593018, -0.47766223549842834, 1.725755214691162, 0.818681538105011, 0.023120880126953125, 1.497802734375, 2.279296875, 7.7943572998046875, 1.58935546875
57464, -2.3289942741394043, 2.989500045776367, 0.985403835773468, 0.13004375994205475, 0.09897924214601517, 1.286062240600586, -0.15578129887580872, -0.2870323956012726, -0.4177546501159668, 0.08122064918279648, 0.016719460487365723, 1.171499490737915, 6.0912735385916825, 0.19729786662733773, -3.538286930609328, 36525.0, 29817.0, 33591.0, 36127.0, 8.05289363861084, -124.15557098388672, 28.73676109313965, -415.6453552246094, -0.22299587726593018, -0.47766223549842834, 1.725755214691162, 0.818681538105011, 0.023120880126953125, 1.497802734375, 2.279296875, 7.7943572998046875, 1.58935546875
57474, -2.7142114639282227, 2.835953712463379, -0.7474685311317444, 0.12870876491069794, 0.09825821220874786, 1.2843745946884155, -0.16347455978393555, -0.27547746896743774, -0.35315844416618347, 0.08155105262994766, 0.013865837827324867, 1.1675101518630981, 3.0188033556804306, -0.0632068509028727, -3.204722924186895, 36525.0, 29817.0, 33591.0, 36127.0, 8.05289363861084, 96.29757690429688, 6.431114196777344, 318.2309265136719, -0.22299587726593018, -0.47766223549842834, 1.725755214691162, 0.818681538105011, 0.023120880126953125, 1.497802734375, 2.279296875, 7.7943572998046875, 1.58935546875
57484, -2.179518699645996, 2.606480836868286, 0.7119609713554382, 0.12870876491069794, 0.09825821220874786, 1.2843745946884155, -0.16347455978393555, -0.27547746896743774, -0.35315844416618347, 0.07908670604228973, 0.01164727471768856, 1.1668089628219604, 8.274768412550142, 0.1479448302843025, -4.1967870171432775, 37547.0, 29854.0, 34045.0, 36109.0, 8.05289363861084, 96.29757690429688, 6.431114196777344, 318.2309265136719, 0.4196755886077881, -1.2665513753890991, 0.7631409168243408, 0.818681538105011, 0.023120880126953125, 1.497802734375, 2.279296875, 7.7943572998046875, 1.58935546875
57494, -0.6199637055397034, 2.244626522064209, -0.8728431463241577, 0.12870876491069794, 0.09825821220874786, 1.2843745946884155, -0.16347455978393555, -0.27547746896743774, -0.35315844416618347, 0.08039655536413193, 0.011293369345366955, 1.16441810131073, 2.2487742251670997, -1.1410045337922838, -4.041129752028016, 37547.0, 29854.0, 34045.0, 36109.0, 8.092562675476074, 96.29757690429688, 6.431114196777344, 318.2309265136719, 0.4196755886077881, -1.2665513753890991, 0.7631409168243408, 0.818681538105011, 0.023120880126953125, 1.497802734375, 2.279296875, 7.7943572998046875, 1.4970703125
57504, -0.9287841320037842, 2.284879446029663, 0.4438369572162628, 0.1236548125743866, 0.09010903537273407, 1.2722928524017334, -0.1754263937473297, -0.2662578821182251, -0.40699508786201477, 0.07809378206729889, 0.00777073111385107, 1.1630383729934692, 4.754409592926555, 0.19238060205677243, -4.672960054083756, 37547.0, 29854.0, 34045.0, 36109.0, 8.132232666015625, 96.29757690429688, 6.431114196777344, 318.2309265136719, -0.08757137507200241, -1.3010196685791016, -0.07047303020954132, 0.818681538105011, 0.023120880126953125, 1.497802734375, 2.279296875, 7.7943572998046875, 1.5087890625
57534, -1.8098280429840088, 1.9707890748977661, 1.9450552463531494, 0.11880694329738617, 0.0833318829536438, 1.2610808610916138, -0.185883566737175, -0.2583547830581665, -0.3961193263530731, 0.07560201734304428, -0.0026999572291970253, 1.1577579975128174, 10.964722211672806, -0.5919010618459879, -3.9349036579906627, 37547.0, 29854.0, 34045.0, 36109.0, 8.112398147583008, 3.6506409645080566, 49.91352844238281, 402.24273681640625, -0.013530543074011803, 3.143054723739624, 0.5930110216140747, 0.818681538105011, 0.023120880126953125, 1.497802734375, 2.279296875, 7.7943572998046875, 1.53076171875
57574, -0.1676306575536728, 1.0009626150131226, 0.7125449776649475, 0.11101353913545609, 0.0732911005616188, 1.247109293937683, -0.20126065611839294, -0.24536336958408356, -0.3759782314300537, 0.0744619145989418, -0.004480935167521238, 1.1550525426864624, 5.84587436626983, -0.2760930376080921, -5.308917517989622, 37547.0, 29854.0, 34045.0, 36109.0, 8.013224601745605, 106.9216537475586, 20.533802032470703, -603.9848022460938, 0.24933253228664398, -0.5295650362968445, -0.35263296961784363, 0.818681538105011, 0.023120880126953125, 1.497802734375, 2.279296875, 7.7943572998046875, 1.5732421875
57584, -0.9044362306594849, 0.6128846406936646, 1.271513819694519, 0.10973557084798813, 0.07068488746881485, 1.2430775165557861, -0.20298872888088226, -0.24471130967140198, -0.28973424434661865, 0.07344244420528412, -0.002372147049754858, 1.1542648077011108, 9.416693348722555, -0.6185107481648231, -5.489322272745531, 37547.0, 29854.0, 34045.0, 36109.0, 8.05289363861084, 106.9216537475586, 20.533802032470703, -603.9848022460938, -0.27337339520454407, -0.8017808198928833, 1.409084677696228, 0.818681538105011, 0.023120880126953125, 1.497802734375, 2.279296875, 7.7943572998046875, 1.5732421875
57594, -1.5385377407073975, 0.782298743724823, -0.7144150137901306, 0.10973557084798813, 0.07068488746881485, 1.2430775165557861, -0.20298872888088226, -0.24471130967140198, -0.28973424434661865, 0.07383481413125992, -0.007674125954508781, 1.1534603834152222, 11.01148956779063, -1.0821003393600108, -3.9768846415275805, 37547.0, 29854.0, 34045.0, 36109.0, 8.05289363861084, 106.9216537475586, 20.533802032470703, -603.9848022460938, 0.25549235939979553, 0.5518952012062073, 1.9983203411102295, 0.818681538105011, 0.023120880126953125, 1.497802734375, 1.146240234375, 0.7736968994140625, 1.5732421875
57604, -0.7608163356781006, 0.587735116481781, 1.9107201099395752, 0.10973557084798813, 0.07068488746881485, 1.2430775165557861, -0.20298872888088226, -0.24471130967140198, -0.28973424434661865, 0.07363352179527283, -0.00966587569564581, 1.151660680770874, 2.876790756341678, 0.12607773433040848, -2.616253627208855, 38094.0, 30620.0, 34709.0, 38104.0, 8.092562675476074, 106.9216537475586, 20.533802032470703, -603.9848022460938, 0.25549235939979553, 0.5518952012062073, 1.9983203411102295, 0.818681538105011, 0.023120880126953125, 1.497802734375, 1.146240234375, 0.7736968994140625, 1.5732421875
57614, -1.8476860523223877, 0.4867713749408722, -1.6854475736618042, 0.10359667241573334, 0.06337829679250717, 1.2329342365264893, -0.2077653408050537, -0.2400011122226715, -0.2578256130218506, 0.07341146469116211, -0.0102362846955657, 1.1506633758544922, 0.1728728856761601, 0.6191577632457097, -2.5985383334904446, 38094.0, 30620.0, 34709.0, 38104.0, 8.092562675476074, -18.709394454956055, 11.732532501220703, 438.1810607910156, 0.25549235939979553, 0.5518952012062073, 1.9983203411102295, 0.818681538105011, 0.023120880126953125, 1.497802734375, 1.146240234375, 0.7736968994140625, 1.529296875
57634, -0.07870415598154068, -0.005286877509206533, -2.261002779006958, 0.100798100233078, 0.05944422259926796, 1.2266120910644531, -0.20660537481307983, -0.2354283332824707, -0.29169920086860657, 0.07235491275787354, -0.013662941753864288, 1.1516176462173462, 6.119865170680625, 0.12240511792481357, -4.075575496153709, 38833.0, 30405.0, 34898.0, 37677.0, 8.092562675476074, 146.42706298828125, 80.38094329833984, 552.2596435546875, 0.25549235939979553, 0.5518952012062073, 1.9983203411102295, 0.818681538105011, 0.023120880126953125, 1.497802734375, 1.146240234375, 0.7736968994140625, 1.521240234375
57694, -1.7851026058197021, -0.7464508414268494, 1.7146371603012085, 0.08991307020187378, 0.046332862228155136, 1.2082592248916626, -0.2008673995733261, -0.22880397737026215, -0.23222114145755768, 0.071078360080719, -0.03040250390768051, 1.151329755783081, 5.201906113396262, 0.5785491009313546, -5.248723441261769, 38833.0, 30405.0, 34898.0, 37677.0, 8.05289363861084, -58.35060501098633, 25.014074325561523, 224.35739135742188, -0.2540622353553772, -1.710874080657959, 0.3097735345363617, 0.818681538105011, 0.023120880126953125, 1.497802734375, 1.71240234375, 0.70159912109375, 1.531494140625
57724, -1.2507659196853638, -1.0695064067840576, 1.0894118547439575, 0.08391819149255753, 0.03956865519285202, 1.2008659839630127, -0.19770413637161255, -0.2242642045021057, -0.21546171605587006, 0.0701616182923317, -0.035799432545900345, 1.1508921384811401, 1.8071204188737873, 1.122847944834433, -1.6398519574711135, 37896.0, 30980.0, 35593.0, 39712.0, 7.973554611206055, -41.24363327026367, -20.305437088012695, -107.73770904541016, 0.7648733258247375, 0.5190318822860718, -0.11539566516876221, 0.818681538105011, 0.023120880126953125, 1.497802734375, 1.71240234375, 0.70159912109375, 1.531494140625
57734, -1.0541462898254395, -0.9160195589065552, 0.762639045715332, 0.08391819149255753, 0.03956865519285202, 1.2008659839630127, -0.19770413637161255, -0.2242642045021057, -0.21546171605587006, 0.0690513402223587, -0.04143413156270981, 1.1545466184616089, 12.960007197369727, 0.1762111858537594, -2.257072150725271, 39108.0, 30782.0, 35058.0, 38766.0, 8.05289363861084, 97.2517318725586, 16.732524871826172, -56.0562858581543, 0.29747629165649414, 2.9739885330200195, 0.10390209406614304, 0.818681538105011, 0.023120880126953125, 1.497802734375, 1.71240234375, 0.70159912109375, 1.531494140625
57744, -0.8446120023727417, -1.1704738140106201, -0.5529859662055969, 0.08203387260437012, 0.03527909889817238, 1.1941710710525513, -0.18837305903434753, -0.22177624702453613, -0.17551672458648682, 0.0697280690073967, -0.04533983767032623, 1.1558946371078491, 5.522535876284445, 0.7547155754229493, -4.526978592695471, 38983.0, 30425.0, 34747.0, 39149.0, 8.013224601745605, -140.5995635986328, -12.418607711791992, 234.13729858398438, -0.18228104710578918, 3.1062965393066406, 1.462104082107544, 0.818681538105011, 0.023120880126953125, 1.497802734375, 1.71240234375, 0.70159912109375, 1.531494140625
57754, -2.3080873489379883, -1.0730559825897217, 0.520586371421814, 0.08203387260437012, 0.03527909889817238, 1.1941710710525513, -0.18837305903434753, -0.22177624702453613, -0.17551672458648682, 0.06962115317583084, -0.04420620948076248, 1.156577706336975, 6.863149817175768, 0.596464672545352, -5.603621376537047, 39380.0, 30579.0, 34836.0, 38854.0, 8.033059120178223, -140.5995635986328, -12.418607711791992, 234.13729858398438, -0.20991043746471405, -2.9312829971313477, 0.6414747834205627, 0.818681538105011, 0.023120880126953125, 1.497802734375, 1.71240234375, 0.70159912109375, 1.531494140625
57764, -1.8841124773025513, -1.27986741065979, 1.3311429023742676, 0.08203387260437012, 0.03527909889817238, 1.1941710710525513, -0.18837305903434753, -0.22177624702453613, -0.17551672458648682, 0.06862743198871613, -0.04741336405277252, 1.1590118408203125, 9.316400824424482, 0.7411800644735251, -2.860615652830102, 40045.0, 30676.0, 34650.0, 38169.0, 8.05289363861084, 247.3111572265625, -20.091039657592773, -531.7194213867188, -0.13621166348457336, -1.3486857414245605, 0.5959499478340149, 0.818681538105011, 0.023120880126953125, 1.497802734375, 1.71240234375, 0.70159912109375, 1.531494140625
57834, -1.516334891319275, -1.6196486949920654, 0.713236927986145, 0.07020900398492813, 0.017530523240566254, 1.1753323078155518, -0.16711246967315674, -0.20884759724140167, -0.20555081963539124, 0.06796696037054062, -0.07152756303548813, 1.167503833770752, 1.9648717307354067, 2.674988738061728, -0.7517672801293658, 40601.0, 30728.0, 34276.0, 38818.0, 8.033059120178223, 257.6536865234375, 29.700963973999023, -69.6617202758789, 0.4352969825267792, -2.6740496158599854, -0.07329293340444565, 0.818681538105011, 0.023120880126953125, 1.497802734375, 0.4921875, 39.50929260253906, 1.53662109375
57844, 0.44234344363212585, -1.9907985925674438, 0.5625829100608826, 0.07020900398492813, 0.017530523240566254, 1.1753323078155518, -0.16711246967315674, -0.20884759724140167, -0.20555081963539124, 0.06725291907787323, -0.0731777548789978, 1.1712696552276611, 5.841145244070351, 2.382549489364038, -1.96025086937558, 38877.0, 30694.0, 34209.0, 40565.0, 8.072728157043457, 257.6536865234375, 29.700963973999023, -69.6617202758789, 0.4352969825267792, -2.6740496158599854, -0.07329293340444565, 0.818681538105011, 0.023120880126953125, 1.497802734375, 0.4921875, 39.50929260253906, 1.53662109375
57854, -1.663851261138916, -1.5825355052947998, -1.0215612649917603, 0.07020900398492813, 0.017530523240566254, 1.1753323078155518, -0.16711246967315674, -0.20884759724140167, -0.20555081963539124, 0.06588812172412872, -0.07470761984586716, 1.172701358795166, 6.946366430757158, 2.238693729984675, -2.8965742156120173, 38302.0, 31008.0, 34291.0, 41419.0, 7.99338960647583, 257.6536865234375, 29.700963973999023, -69.6617202758789, 0.4352969825267792, -2.6740496158599854, -0.07329293340444565, 0.818681538105011, 0.023120880126953125, 1.497802734375, 0.4921875, 39.50929260253906, 1.53662109375
57874, -1.0358307361602783, -1.5310561656951904, -1.5044955015182495, 0.06566306203603745, 0.007648930884897709, 1.1635100841522217, -0.14327660202980042, -0.19214044511318207, -0.14981096982955933, 0.06483375281095505, -0.07805139571428299, 1.1780261993408203, 7.107444592177519, 2.532766224539216, -3.3433509954855616, 38302.0, 31008.0, 34291.0, 41419.0, 7.973554611206055, 142.84815979003906, -105.66840362548828, -597.1593017578125, 0.3751421868801117, 4.58123779296875, 1.5274288654327393, 0.818681538105011, 0.023120880126953125, 1.497802734375, 0.4921875, 39.50929260253906, 1.5498046875
57884, -2.2002482414245605, -1.8349868059158325, 1.6356620788574219, 0.06424450874328613, 0.005743798334151506, 1.1619892120361328, -0.1407271772623062, -0.18960356712341309, -0.1543773114681244, 0.06467970460653305, -0.08626691997051239, 1.1807105541229248, 5.129073102825253, 3.0163614544704274, -1.0236525502108227, 40147.0, 30848.0, 34145.0, 40417.0, 8.033059120178223, -152.51022338867188, -35.9421272277832, -121.1490249633789, 0.3751421868801117, 4.58123779296875, 1.5274288654327393, 0.818681538105011, 0.023120880126953125, 1.497802734375, 0.4921875, 39.50929260253906, 1.5498046875
57894, -2.840484857559204, -1.7281562089920044, 1.2767199277877808, 0.06606397032737732, 0.0037573084700852633, 1.1602154970169067, -0.12901294231414795, -0.18742261826992035, -0.13144472241401672, 0.06381117552518845, -0.0937977135181427, 1.1847058534622192, 9.758679771320805, 1.8481518496483034, -4.870043580550356, 40999.0, 30792.0, 33949.0, 39351.0, 8.013224601745605, 286.1086730957031, -7.368205547332764, -65.89588165283203, -0.050226762890815735, -2.470860004425049, 0.22478537261486053, 0.818681538105011, 0.023120880126953125, 1.497802734375, 0.4921875, 39.50929260253906, 1.5498046875
57924, -1.8012751340866089, -1.605664610862732, 2.4461779594421387, 0.06227777153253555, -0.0017517732921987772, 1.154585838317871, -0.12193484604358673, -0.1805652678012848, -0.1914970576763153, 0.059476107358932495, -0.09436104446649551, 1.192384123802185, 7.945243437877497, 2.8196166303756343, 0.251226804600162, 40237.0, 30813.0, 33559.0, 39884.0, 7.99338960647583, -287.2642517089844, -72.75430297851562, 169.59066772460938, -1.1463278532028198, -4.817871570587158, 2.186685085296631, 0.818681538105011, 0.023120880126953125, 1.497802734375, 1.93212890625, 1.6175994873046875, 1.5498046875
57974, 1.7525029182434082, -1.652937650680542, 0.07432974129915237, 0.062221184372901917, -0.007366270758211613, 1.1511485576629639, -0.10392526537179947, -0.17558914422988892, -0.11162596940994263, 0.05816028267145157, -0.11023245006799698, 1.2023584842681885, 3.5695994305096215, 3.2809568307737607, -5.064886371949162, 38659.0, 30997.0, 33298.0, 41542.0, 8.033059120178223, -287.2642517089844, -72.75430297851562, 169.59066772460938, 0.07949256151914597, -1.8982912302017212, 0.6775104999542236, 0.818681538105011, 0.023120880126953125, 1.497802734375, 1.93212890625, 1.6175994873046875, 1.5498046875
57994, -0.3243858218193054, -1.3446141481399536, 3.5617597103118896, 0.05822884663939476, -0.014268924482166767, 1.1450631618499756, -0.09489896148443222, -0.1721181869506836, -0.153115376830101, 0.05375592038035393, -0.10633817315101624, 1.206433653831482, 7.971464272442941, 3.6023244936043, 0.5167262536688394, 38013.0, 31088.0, 33820.0, 42394.0, 8.033059120178223, 98.08712768554688, -44.655948638916016, -645.4767456054688, -0.1705365628004074, -2.4939634799957275, 2.123380661010742, 0.818681538105011, 0.023120880126953125, 1.497802734375, 1.93212890625, 1.6175994873046875, 1.55126953125
58004, 0.3793853223323822, -1.3319541215896606, -1.316900372505188, 0.05822884663939476, -0.014268924482166767, 1.1450631618499756, -0.09489896148443222, -0.1721181869506836, -0.153115376830101, 0.05329761654138565, -0.11282695084810257, 1.2091929912567139, 5.885493951776875, 4.024672002390872, 0.6465584229072756, 38013.0, 31088.0, 33820.0, 42394.0, 8.033059120178223, -53.531925201416016, 27.86805534362793, 563.0060424804688, -0.1705365628004074, -2.4939634799957275, 2.123380661010742, 0.818681538105011, 0.023120880126953125, 1.497802734375, 1.93212890625, 1.6175994873046875, 1.557861328125
58074, 0.4305174648761749, -1.2313735485076904, 1.2142094373703003, 0.059248749166727066, -0.029581818729639053, 1.1421027183532715, -0.05627935752272606, -0.18196988105773926, 0.005867794621735811, 0.045122262090444565, -0.1196669191122055, 1.2208211421966553, 8.353503019115301, 3.9182007439875974, 1.5371251349489137, 38787.0, 30660.0, 33248.0, 41700.0, 8.033059120178223, 19.750497817993164, 55.78458786010742, -189.46133422851562, -0.49224817752838135, 0.4125124216079712, 1.310870885848999, 0.818681538105011, 0.023120880126953125, 1.497802734375, 1.93212890625, 1.6175994873046875, 1.546875
58094, 0.7241366505622864, -0.8048847317695618, 0.974177896976471, 0.058690864592790604, -0.03140470013022423, 1.141999363899231, -0.055514704436063766, -0.18268901109695435, -0.02652926743030548, 0.044981785118579865, -0.1301298886537552, 1.223982572555542, 5.432799356780945, 3.446080437903845, -4.677076572436879, 38787.0, 30660.0, 33248.0, 41700.0, 7.973554611206055, 225.80870056152344, 35.92897415161133, 169.0239715576172, 0.2496790885925293, -2.779444932937622, -0.211591437458992, 0.818681538105011, 0.023120880126953125, 1.497802734375, 1.370361328125, 0.0194549560546875, 1.5966796875
58114, 0.01371920108795166, -0.5274729132652283, 1.8149383068084717, 0.060116104781627655, -0.03794221952557564, 1.1436612606048584, -0.04265235364437103, -0.18529781699180603, -0.05391177162528038, 0.040725015103816986, -0.13482965528964996, 1.2288084030151367, 4.2125477737338874, 3.860338608966771, -3.9898245498692186, 37858.0, 30563.0, 32142.0, 41642.0, 8.033059120178223, -107.4802017211914, 5.366331100463867, 214.62481689453125, 0.6040234565734863, 2.9480984210968018, 0.6570262908935547, 0.818681538105011, 0.023120880126953125, 1.497802734375, 1.370361328125, 0.0194549560546875, 1.5966796875
58214, -3.439702033996582, 0.4561893343925476, 3.4295365810394287, 0.05976920947432518, -0.05434189736843109, 1.1467121839523315, -0.03148210793733597, -0.18939922749996185, -0.0463787280023098, 0.022750625386834145, -0.14544394612312317, 1.244382381439209, 5.105144608983895, 3.2007087324091117, 0.6018705675493544, 39744.0, 30119.0, 30013.0, 38710.0, 7.99338960647583, -206.59481811523438, 23.06911849975586, 576.9625244140625, 0.26907652616500854, 1.1671007871627808, 1.446866750717163, 0.818681538105011, 0.023120880126953125, 1.497802734375, 1.370361328125, 0.0194549560546875, 1.5234375
58254, -2.9913933277130127, 0.7265798449516296, 2.9926323890686035, 0.06006331369280815, -0.06768254935741425, 1.151923418045044, -0.030553145334124565, -0.17666345834732056, -0.022410355508327484, 0.01683788374066353, -0.1551314890384674, 1.2484444379806519, 4.039457653273687, 2.8768328156580765, -7.1105074386427995, 37996.0, 30231.0, 29355.0, 39796.0, 8.013224601745605, -104.94342041015625, -0.48922619223594666, 396.9385681152344, -0.03921845182776451, 0.8979862928390503, 0.6186144351959229, 0.818681538105011, 0.023120880126953125, 1.497802734375, 1.370361328125, 0.0194549560546875, 1.53369140625
58284, -3.9972612857818604, 0.9022486209869385, 4.0993804931640625, 0.06078452616930008, -0.07565958797931671, 1.1593388319015503, -0.03105529583990574, -0.16752491891384125, 0.06827251613140106, 0.010925525799393654, -0.15763138234615326, 1.2536547183990479, 3.2679350345979765, 2.586405737292182, -0.873119098627429, 39447.0, 30124.0, 30396.0, 37994.0, 7.99338960647583, -89.19734191894531, -5.042035102844238, -203.95199584960938, 0.16688060760498047, -2.1967411041259766, 0.19637909531593323, 0.818681538105011, 0.023120880126953125, 1.497802734375, 1.10009765625, 1.2657470703125, 1.54248046875
58314, -3.1063754558563232, 1.1383850574493408, 5.390294551849365, 0.0606415830552578, -0.08411016315221786, 1.1664930582046509, -0.03297094255685806, -0.16538085043430328, 0.030365774407982826, 0.006619345862418413, -0.1653381884098053, 1.2557471990585327, 1.9026197298881582, 2.007975475078382, -3.4163819661620725, 37079.0, 29830.0, 29144.0, 39584.0, 8.033059120178223, 39.200321197509766, -5.323362350463867, -402.42340087890625, -0.24441058933734894, -0.3853866457939148, 1.653882384300232, 0.818681538105011, 0.023120880126953125, 1.497802734375, 1.10009765625, 1.2657470703125, 1.5673828125
58324, -2.4371187686920166, 1.5718486309051514, 2.3560919761657715, 0.06030755862593651, -0.08575794845819473, 1.166605830192566, -0.03350403159856796, -0.1657157987356186, -0.007868189364671707, 0.00336129660718143, -0.16407333314418793, 1.258377194404602, 3.844885277648024, 2.131927568233664, -7.0693346695266, 37079.0, 29830.0, 29144.0, 39584.0, 7.99338960647583, 39.200321197509766, -5.323362350463867, -402.42340087890625, -0.24441058933734894, -0.3853866457939148, 1.653882384300232, 0.818681538105011, 0.023120880126953125, 1.497802734375, 1.10009765625, 1.2657470703125, 1.5673828125
58334, -2.0259525775909424, 1.141291856765747, 0.48835450410842896, 0.06030755862593651, -0.08575794845819473, 1.166605830192566, -0.03350403159856796, -0.1657157987356186, -0.007868189364671707, 0.003148201620206237, -0.16732560098171234, 1.2588149309158325, 6.533867075367284, 1.4569238720270903, -6.850835290999215, 37854.0, 29285.0, 28058.0, 38887.0, 7.99338960647583, -123.05247497558594, -66.61250305175781, 119.99642944335938, -0.24441058933734894, -0.3853866457939148, 1.653882384300232, 0.818681538105011, 0.023120880126953125, 1.497802734375, 1.10009765625, 1.2657470703125, 1.5673828125
58384, -2.4459705352783203, 1.7798824310302734, 5.41386604309082, 0.05768990144133568, -0.0983261838555336, 1.17523992061615, -0.05011008679866791, -0.149990051984787, 0.014420786872506142, -0.0032320795580744743, -0.16409261524677277, 1.2625244855880737, 3.477216741572846, 1.57932874615409, -0.060868916911909154, 35902.0, 29800.0, 27934.0, 39895.0, 8.013224601745605, -189.20790100097656, -4.099764347076416, 588.780029296875, 0.12288042902946472, -3.0590622425079346, 2.3784124851226807, 0.818681538105011, 0.023120880126953125, 1.497802734375, 1.06201171875, 1.8035430908203125, 1.4970703125
58394, -1.3258424997329712, 2.1474409103393555, 1.8751717805862427, 0.05718223378062248, -0.09982260316610336, 1.1751104593276978, -0.05131213366985321, -0.15106070041656494, -0.040364716202020645, -0.005006810650229454, -0.16355687379837036, 1.2624701261520386, 5.08006849804342, 0.9862355405808216, 0.20385399364831927, 35902.0, 29800.0, 27934.0, 39895.0, 8.013224601745605, -189.20790100097656, -4.099764347076416, 588.780029296875, 0.09965112805366516, 4.21038818359375, 0.14584046602249146, 0.818681538105011, 0.023120880126953125, 1.497802734375, 1.06201171875, 1.8035430908203125, 1.500732421875
58444, -0.910350501537323, 2.1802399158477783, 2.832104206085205, 0.05350422114133835, -0.10924594849348068, 1.1833134889602661, -0.0694270208477974, -0.14152570068836212, -0.07216135412454605, -0.011638830415904522, -0.17100907862186432, 1.2665685415267944, 1.6827188077445685, 1.1686505091807362, -0.8282348828947572, 35783.0, 29606.0, 27607.0, 39822.0, 7.99338960647583, 196.9754180908203, 8.094184875488281, -113.25342559814453, -0.8531726002693176, -0.49459347128868103, 0.16698618233203888, 0.818681538105011, 0.023120880126953125, 1.497802734375, 1.06201171875, 1.8035430908203125, 1.500732421875
58474, -1.6386709213256836, 1.8696988821029663, 0.4874771237373352, 0.049978405237197876, -0.1155656948685646, 1.1918199062347412, -0.08719213306903839, -0.14212661981582642, 0.05884958803653717, -0.015295320190489292, -0.1725018322467804, 1.2667326927185059, 1.5878898396051588, 1.0154034399391492, -1.9673411591808152, 37109.0, 29452.0, 27721.0, 38547.0, 8.072728157043457, -158.68392944335938, -50.70829391479492, 388.284423828125, 0.27593958377838135, -1.5614832639694214, 2.4898734092712402, 0.818681538105011, 0.023120880126953125, 1.497802734375, 1.06201171875, 1.8035430908203125, 1.500732421875
58494, -1.9621073007583618, 1.967305302619934, 4.5849175453186035, 0.048193685710430145, -0.11839357018470764, 1.1921056509017944, -0.09322528541088104, -0.13899411261081696, 0.016703808680176735, -0.019581511616706848, -0.17320466041564941, 1.2685461044311523, 4.67299438529413, 0.7336043659610709, -4.777475132095239, 37701.0, 29674.0, 28544.0, 37716.0, 8.05289363861084, -158.68392944335938, -50.70829391479492, 388.284423828125, -0.03904176503419876, -1.1122061014175415, 1.1706657409667969, 0.818681538105011, 0.023120880126953125, 1.497802734375, 1.18798828125, 0.455841064453125, 1.500732421875
58534, -1.6454142332077026, 1.4105920791625977, 2.518533945083618, 0.042655739933252335, -0.12679429352283478, 1.1997276544570923, -0.10639872401952744, -0.13909125328063965, -0.06524647027254105, -0.02426782250404358, -0.16810175776481628, 1.2685680389404297, 5.563298649035611, -0.10190845585174202, -0.5126057485907133, 37701.0, 29674.0, 28544.0, 37716.0, 8.033059120178223, 125.82955932617188, 10.171682357788086, 53.371150970458984, -0.16552159190177917, 3.3385541439056396, 0.16330470144748688, 0.818681538105011, 0.023120880126953125, 1.497802734375, 1.18798828125, 0.455841064453125, 1.482421875
58574, -1.577444314956665, 0.4383482038974762, 4.157246112823486, 0.03929314389824867, -0.1307540386915207, 1.199323058128357, -0.11636140197515488, -0.1267942190170288, -0.01252380758523941, -0.02562570385634899, -0.17599286139011383, 1.2679494619369507, 2.48833985479059, -0.08491687816248827, -2.8742991481765445, 36268.0, 29810.0, 28344.0, 37688.0, 8.033059120178223, -122.74625396728516, -62.258907318115234, -304.0540771484375, 0.0774548351764679, -1.278972864151001, 1.1926987171173096, 0.818681538105011, 0.023120880126953125, 1.497802734375, 1.18798828125, 0.455841064453125, 1.51025390625
58584, -2.7749695777893066, 0.7784389853477478, 3.3091790676116943, 0.03929314389824867, -0.1307540386915207, 1.199323058128357, -0.11636140197515488, -0.1267942190170288, -0.01252380758523941, -0.028564581647515297, -0.17054428160190582, 1.2679296731948853, 4.678611672335085, -0.3688567379653023, -0.8452078664623826, 35763.0, 30053.0, 27889.0, 38349.0, 8.05289363861084, -85.06954956054688, -0.5654059648513794, 139.52017211914062, 0.0774548351764679, -1.278972864151001, 1.1926987171173096, 0.818681538105011, 0.023120880126953125, 1.497802734375, 1.18798828125, 0.455841064453125, 1.51025390625
58594, -3.624664545059204, 0.8440779447555542, 1.7354998588562012, 0.03929314389824867, -0.1307540386915207, 1.199323058128357, -0.11636140197515488, -0.1267942190170288, -0.01252380758523941, -0.02973814308643341, -0.1683744639158249, 1.2668429613113403, 6.202876505138067, -0.5279223271498665, -0.4719780968567333, 36722.0, 29753.0, 27527.0, 37622.0, 8.05289363861084, 113.54510498046875, 25.455509185791016, -24.633159637451172, 0.0774548351764679, -1.278972864151001, 1.1926987171173096, 0.818681538105011, 0.023120880126953125, 1.497802734375, 1.18798828125, 0.455841064453125, 1.51025390625
58634, -3.7730624675750732, 0.2476360946893692, 3.883103609085083, 0.026229536160826683, -0.14511160552501678, 1.2160588502883911, -0.13817712664604187, -0.11001547425985336, 0.003441028529778123, -0.0300028957426548, -0.17504170536994934, 1.2655831575393677, 3.4114916311678165, -0.6112026770620105, -3.7192423748932395, 37176.0, 29576.0, 28244.0, 37215.0, 8.033059120178223, -115.96145629882812, -47.996826171875, 295.2091064453125, 0.03395501524209976, -1.0311622619628906, 0.8603298664093018, 0.818681538105011, 0.023120880126953125, 1.497802734375, 1.18798828125, 0.455841064453125, 1.524169921875
58644, -2.434988021850586, -0.43791627883911133, 3.83482027053833, 0.024846427142620087, -0.14620283246040344, 1.2157087326049805, -0.13880865275859833, -0.10682040452957153, -0.07339752465486526, -0.029527021571993828, -0.17543169856071472, 1.2646498680114746, 3.2888400182274684, 0.10878930621387894, -1.5648166278462523, 37176.0, 29576.0, 28244.0, 37215.0, 8.092562675476074, -91.61459350585938, -46.62435531616211, -242.48269653320312, 0.03395501524209976, -1.0311622619628906, 0.8603298664093018, 0.818681538105011, 0.023120880126953125, 1.497802734375, 1.18798828125, 0.455841064453125, 1.524169921875
58654, -3.5514748096466064, 0.026584262028336525, 2.572965383529663, 0.023454837501049042, -0.1472448855638504, 1.2148834466934204, -0.1397480070590973, -0.10118692368268967, -0.09156018495559692, -0.03166116401553154, -0.17071989178657532, 1.2643543481826782, 5.202582671348359, -0.38374373294607267, 0.11814655155366725, 37176.0, 29576.0, 28244.0, 37215.0, 8.033059120178223, -91.61459350585938, -46.62435531616211, -242.48269653320312, -0.45156511664390564, -0.947035551071167, 0.38696444034576416, 0.818681538105011, 0.023120880126953125, 1.497802734375, 1.18798828125, 0.455841064453125, 1.524169921875
58674, -3.2511305809020996, -0.11287617683410645, 1.8725370168685913, 0.020666537806391716, -0.1491592824459076, 1.2133660316467285, -0.13954806327819824, -0.09206091612577438, -0.10013038665056229, -0.031252242624759674, -0.1734117567539215, 1.261829137802124, 4.546169961726312, -0.22978921989184187, -0.8307353346601095, 36206.0, 29534.0, 28282.0, 37088.0, 8.033059120178223, -94.3116683959961, 70.70948028564453, -257.6094970703125, 0.3311634063720703, 3.290595531463623, -0.07668545097112656, 0.818681538105011, 0.023120880126953125, 1.497802734375, 1.18798828125, 0.455841064453125, 1.524169921875
58684, -4.04942512512207, -0.32850542664527893, 0.12417179346084595, 0.01643391326069832, -0.1522209197282791, 1.2231701612472534, -0.1472741812467575, -0.08445018529891968, 0.03202793002128601, -0.03173987567424774, -0.17338347434997559, 1.2611010074615479, 5.607602456122748, -0.22651573129849112, -5.864102651465693, 36346.0, 29852.0, 29278.0, 36948.0, 8.072728157043457, -114.92839813232422, -34.39924621582031, 251.3127899169922, 0.09115991741418839, 1.287907361984253, 1.5422827005386353, 0.818681538105011, 0.023120880126953125, 1.497802734375, 1.18798828125, 0.455841064453125, 1.524169921875
58694, -5.242841720581055, -0.2739430069923401, 2.4159088134765625, 0.014961143024265766, -0.15306268632411957, 1.2230485677719116, -0.14773672819137573, -0.08523256331682205, -0.05631854757666588, -0.03078395314514637, -0.17403849959373474, 1.2591465711593628, 3.901539532818721, -0.2813501572271093, -2.0952684582399397, 36883.0, 30162.0, 30256.0, 36201.0, 8.05289363861084, 50.46582794189453, 15.252779960632324, 372.18316650390625, 0.4284760057926178, -1.8113688230514526, 0.029542043805122375, 0.818681538105011, 0.023120880126953125, 1.497802734375, 0.72216796875, 15.261199951171875, 1.4970703125
58704, -4.312569618225098, -0.5416172742843628, 4.0379638671875, 0.013487334363162518, -0.1538698524236679, 1.222632646560669, -0.14758020639419556, -0.07566186785697937, -0.0271424762904644, -0.03263033553957939, -0.1699080914258957, 1.259279727935791, 5.934964524546648, -0.3691638107553672, -0.7771525036113857, 37162.0, 30031.0, 30110.0, 35557.0, 8.05289363861084, 177.0800323486328, 23.333465576171875, -247.013427734375, 0.4284760057926178, -1.8113688230514526, 0.029542043805122375, 0.818681538105011, 0.023120880126953125, 1.497802734375, 0.72216796875, 15.261199951171875, 1.4970703125
58724, -3.298112154006958, -0.7626727819442749, 1.9119796752929688, 0.010531563311815262, -0.15532159805297852, 1.2207129001617432, -0.1484363079071045, -0.06738859415054321, -0.15316912531852722, -0.03142654895782471, -0.17213767766952515, 1.2547932863235474, 2.4170640618900903, 0.12316632321929433, -2.4029527096283294, 34754.0, 30140.0, 29108.0, 37708.0, 8.072728157043457, 177.0800323486328, 23.333465576171875, -247.013427734375, -0.1283697485923767, -0.5976482033729553, 0.25924983620643616, 0.818681538105011, 0.023120880126953125, 1.497802734375, 0.72216796875, 15.261199951171875, 1.4970703125
58774, -4.6338043212890625, -1.2137813568115234, 4.6620635986328125, 0.0010315836407244205, -0.16062107682228088, 1.2265503406524658, -0.14732199907302856, -0.04085952416062355, -0.0655321553349495, -0.03214001655578613, -0.16934767365455627, 1.2506976127624512, 7.230723319373918, -0.6578794032986934, -0.7007083241061139, 37104.0, 29984.0, 30336.0, 35377.0, 8.092562675476074, -3.5409576892852783, 101.64962768554688, 126.3106460571289, -0.44337883591651917, -1.2314140796661377, 0.21785172820091248, 0.818681538105011, 0.023120880126953125, 1.497802734375, 0.72216796875, 15.261199951171875, 1.51025390625
58794, -2.4888787269592285, -1.6498134136199951, 2.7380189895629883, -0.0035956434439867735, -0.16373534500598907, 1.2340623140335083, -0.15194429457187653, -0.03830568119883537, -0.16938987374305725, -0.030211523175239563, -0.17578192055225372, 1.2480344772338867, 5.105416236187075, -0.16646831227546954, -2.7413753790753295, 36122.0, 29971.0, 29507.0, 36187.0, 8.05289363861084, -182.24102783203125, -56.1069450378418, -81.45747375488281, 0.04493393003940582, -0.35417237877845764, 1.8049184083938599, 0.818681538105011, 0.023120880126953125, 1.497802734375, 0.72216796875, 15.261199951171875, 1.51025390625
58824, -2.626765727996826, -1.8707557916641235, 1.9745755195617676, -0.006574932485818863, -0.16438069939613342, 1.231235384941101, -0.14705009758472443, -0.030101703479886055, -0.16706013679504395, -0.02864295244216919, -0.17419245839118958, 1.245383381843567, 1.4865195537661484, -0.4112139602507341, -3.475052224312196, 35802.0, 29835.0, 29327.0, 36910.0, 8.072728157043457, -129.8130340576172, -34.279205322265625, -65.33851623535156, 0.01723513752222061, 2.3605616092681885, 0.2582135796546936, 0.818681538105011, 0.023120880126953125, 1.497802734375, 0.72216796875, 15.261199951171875, 1.487548828125
58854, -2.450674295425415, -1.9901198148727417, 3.8318593502044678, -0.013679848052561283, -0.16644148528575897, 1.2363059520721436, -0.14033815264701843, -0.007017064373940229, -0.10160846263170242, -0.029818888753652573, -0.1712532639503479, 1.2446285486221313, 6.597184735055127, -0.0019307590304435962, -0.7741099964874399, 36863.0, 30331.0, 29707.0, 35754.0, 8.112398147583008, 161.9395294189453, 86.96662902832031, 50.588096618652344, -0.2830640971660614, -0.9527460336685181, 0.9309211373329163, 1.0595248937606812, 2.119752883911133, 1.669189453125, 0.72216796875, 15.261199951171875, 1.48681640625
58944, -1.6843434572219849, -2.2330808639526367, 1.8125970363616943, -0.024922266602516174, -0.1669222116470337, 1.2325483560562134, -0.11923791468143463, 0.02182137966156006, -0.23385882377624512, -0.02681104838848114, -0.17247113585472107, 1.2370318174362183, 6.554564968853908, 0.4222455534910523, -2.0034948074089267, 34892.0, 30163.0, 27999.0, 37615.0, 8.072728157043457, -31.059600830078125, 30.156902313232422, 351.8934020996094, -0.1794406771659851, 1.7459521293640137, 1.2441260814666748, 1.0595248937606812, 2.119752883911133, 1.669189453125, 0.72216796875, 15.261199951171875, 1.547607421875
58954, -2.2680118083953857, -2.295691728591919, 1.5554261207580566, -0.024922266602516174, -0.1669222116470337, 1.2325483560562134, -0.11923791468143463, 0.02182137966156006, -0.23385882377624512, -0.025548141449689865, -0.17669202387332916, 1.235062837600708, 5.4437429270537, 0.4981404273400756, -2.386882068120719, 35892.0, 29886.0, 28953.0, 37458.0, 8.072728157043457, -31.059600830078125, 30.156902313232422, 351.8934020996094, -0.11127088218927383, -0.8469505310058594, 2.4816765785217285, 1.0595248937606812, 2.119752883911133, 1.669189453125, 0.72216796875, 15.261199951171875, 1.547607421875
58964, -1.0679482221603394, -2.3084442615509033, 1.1496469974517822, -0.028090715408325195, -0.16805097460746765, 1.2356882095336914, -0.10719697922468185, 0.02394709549844265, -0.22758789360523224, -0.024428969249129295, -0.17771874368190765, 1.2319341897964478, 5.246809479803899, 0.4966007452595136, -4.239738489817154, 36405.0, 29844.0, 29734.0, 37149.0, 8.072728157043457, -93.58238220214844, 36.44242858886719, -211.0471954345703, -0.11127088218927383, -0.8469505310058594, 2.4816765785217285, 1.0595248937606812, 2.119752883911133, 1.669189453125, 0.72216796875, 15.261199951171875, 1.547607421875
58974, -1.7962408065795898, -2.402672052383423, 0.5175297260284424, -0.028090715408325195, -0.16805097460746765, 1.2356882095336914, -0.10719697922468185, 0.02394709549844265, -0.22758789360523224, -0.025159018114209175, -0.1776214838027954, 1.23197340965271, 5.695897221397705, 0.7853563825229628, -6.272211864539289, 35982.0, 30228.0, 30289.0, 37520.0, 8.072728157043457, -112.5233383178711, -53.933658599853516, 169.0476531982422, -0.11127088218927383, -0.8469505310058594, 2.4816765785217285, 1.0595248937606812, 2.119752883911133, 1.669189453125, 0.72216796875, 15.261199951171875, 1.547607421875
59044, -1.103803277015686, -2.6120028495788574, 1.654396653175354, -0.03472771495580673, -0.16698618233203888, 1.2302922010421753, -0.07258516550064087, 0.04156092554330826, -0.14109385013580322, -0.021955421194434166, -0.17883367836475372, 1.2239890098571777, 5.159989267101684, 1.2781452211982298, -2.7123566394640095, 34602.0, 30298.0, 29239.0, 38357.0, 8.05289363861084, -112.5233383178711, -53.933658599853516, 169.0476531982422, 0.20268560945987701, 2.9598817825317383, 0.09778163582086563, 1.0595248937606812, 2.119752883911133, 1.669189453125, 1.83251953125, 1.09716796875, 1.5029296875
59054, -2.2057266235351562, -2.2572765350341797, 2.142653226852417, -0.03472771495580673, -0.16698618233203888, 1.2302922010421753, -0.07258516550064087, 0.04156092554330826, -0.14109385013580322, -0.02265208214521408, -0.17913025617599487, 1.2244114875793457, 5.795325558459342, 2.0196771541115766, -5.178284704412866, 36564.0, 30452.0, 29781.0, 36789.0, 8.072728157043457, -23.893962860107422, 31.065181732177734, 457.53045654296875, 0.20268560945987701, 2.9598817825317383, 0.09778163582086563, 1.0595248937606812, 2.119752883911133, 1.669189453125, 1.83251953125, 1.09716796875, 1.5029296875
59074, -0.11521121114492416, -2.731004476547241, 3.4791762828826904, -0.03472771495580673, -0.16698618233203888, 1.2302922010421753, -0.07258516550064087, 0.04156092554330826, -0.14109385013580322, -0.021191300824284554, -0.17719915509223938, 1.2216832637786865, 5.391258950053402, 1.5577395972919703, -3.2359294883565983, 36082.0, 30245.0, 28806.0, 37056.0, 8.112398147583008, 40.215091705322266, 13.744504928588867, -0.283771812915802, -0.050668865442276, -1.3118388652801514, 0.11929085105657578, 1.0595248937606812, 2.119752883911133, 1.669189453125, 1.83251953125, 1.09716796875, 1.5029296875
59084, -0.1572830229997635, -2.6841986179351807, 2.918809175491333, -0.03472771495580673, -0.16698618233203888, 1.2302922010421753, -0.07258516550064087, 0.04156092554330826, -0.14109385013580322, -0.021644098684191704, -0.17487965524196625, 1.2211358547210693, 6.569789950285086, 1.5547142405217755, -1.9409273935384956, 34907.0, 30581.0, 28274.0, 38251.0, 8.033059120178223, -93.34210968017578, 24.718521118164062, 314.2650451660156, -0.050668865442276, -1.3118388652801514, 0.11929085105657578, 1.0595248937606812, 2.119752883911133, 1.669189453125, 1.83251953125, 1.09716796875, 1.5029296875
59094, -1.0119677782058716, -2.552288770675659, 3.994617462158203, -0.03695312887430191, -0.16584520041942596, 1.2288713455200195, -0.05257749930024147, 0.0487697534263134, -0.18893639743328094, -0.02157623879611492, -0.1775035858154297, 1.2204509973526, 6.133256610958703, 1.6981577154953413, -1.924799706144972, 34907.0, 30581.0, 28274.0, 38251.0, 8.033059120178223, -76.56250762939453, -42.72987747192383, -622.1240234375, -0.050668865442276, -1.3118388652801514, 0.11929085105657578, 1.0595248937606812, 2.119752883911133, 1.669189453125, 1.83251953125, 1.09716796875, 1.5087890625
59154, 0.2288050353527069, -2.5677528381347656, 1.4330501556396484, -0.03740847855806351, -0.16513723134994507, 1.2278811931610107, -0.027567163109779358, 0.05431782826781273, -0.16874870657920837, -0.019518699496984482, -0.18141625821590424, 1.2143296003341675, 4.300540253441179, 1.98484775915216, -4.841585239077615, 35008.0, 30601.0, 30731.0, 38276.0, 8.05289363861084, 143.64730834960938, 28.608182907104492, 443.7761535644531, -0.10969796776771545, -0.7045218348503113, 2.2264187335968018, 1.0595248937606812, 2.119752883911133, 1.669189453125, 1.83251953125, 1.09716796875, 1.562255859375
59164, -0.6016147136688232, -2.412226915359497, 3.3386926651000977, -0.03740847855806351, -0.16513723134994507, 1.2278811931610107, -0.027567163109779358, 0.05431782826781273, -0.16874870657920837, -0.020864130929112434, -0.1773795634508133, 1.2135738134384155, 6.275108429480863, 1.9271883663672327, -2.4447065247681414, 35277.0, 30457.0, 30891.0, 38242.0, 8.033059120178223, 143.64730834960938, 28.608182907104492, 443.7761535644531, 0.13192933797836304, -1.0272343158721924, 1.2049100399017334, 1.0595248937606812, 2.119752883911133, 1.669189453125, 1.83251953125, 1.09716796875, 1.562255859375
59174, -1.3974272012710571, -2.09731125831604, -0.2629075050354004, -0.03740847855806351, -0.16513723134994507, 1.2278811931610107, -0.027567163109779358, 0.05431782826781273, -0.16874870657920837, -0.021543994545936584, -0.1770821064710617, 1.2139265537261963, 6.672760552551858, 2.2945000959768436, -1.6259846272342742, 36366.0, 30161.0, 30594.0, 37444.0, 8.072728157043457, 143.64730834960938, 28.608182907104492, 443.7761535644531, 0.19027623534202576, 0.4444005489349365, 1.918803095817566, 1.0595248937606812, 2.119752883911133, 1.669189453125, 1.83251953125, 1.09716796875, 1.562255859375
59184, -0.20998437702655792, -2.2672317028045654, 2.658679962158203, -0.03740847855806351, -0.16513723134994507, 1.2278811931610107, -0.027567163109779358, 0.05431782826781273, -0.16874870657920837, -0.020602557808160782, -0.18170130252838135, 1.2121902704238892, 5.73104318829828, 2.3179516841614713, -2.202000698367582, 36366.0, 30161.0, 30594.0, 37444.0, 8.072728157043457, -169.20460510253906, -0.31656429171562195, -408.92803955078125, 0.19027623534202576, 0.4444005489349365, 1.918803095817566, 1.0595248937606812, 2.119752883911133, 1.669189453125, 1.83251953125, 1.09716796875, 1.50146484375
59194, -1.5002233982086182, -2.1414413452148438, 0.47989317774772644, -0.03647921606898308, -0.16518014669418335, 1.2249271869659424, -0.001562930061481893, 0.054514769464731216, -0.11932101845741272, -0.020403485745191574, -0.18363864719867706, 1.209403395652771, 5.284487044832571, 2.524192000018985, -3.803569929319032, 36366.0, 30161.0, 30594.0, 37444.0, 8.072728157043457, -54.29338455200195, -42.47444534301758, 321.36181640625, 0.19027623534202576, 0.4444005489349365, 1.918803095817566, 1.0595248937606812, 2.119752883911133, 1.669189453125, 1.83251953125, 1.09716796875, 1.503662109375
59254, -0.3768083155155182, -1.9870465993881226, 2.8519179821014404, -0.03433020040392876, -0.1645485907793045, 1.2212077379226685, 0.021965332329273224, 0.05156116932630539, -0.20274002850055695, -0.02174120768904686, -0.18534918129444122, 1.2038692235946655, 5.275139338465972, 2.955907268752213, -3.1836664438476423, 35886.0, 30442.0, 28517.0, 37547.0, 8.072728157043457, -136.91921997070312, 7.502185344696045, -312.168212890625, 0.26687300205230713, 0.696280837059021, 2.5484566688537598, 1.0595248937606812, 2.119752883911133, 1.669189453125, 1.587158203125, 0.3869171142578125, 1.5615234375
59264, -1.5359328985214233, -1.9332648515701294, 0.5516026020050049, -0.03433020040392876, -0.1645485907793045, 1.2212077379226685, 0.021965332329273224, 0.05156116932630539, -0.20274002850055695, -0.021877828985452652, -0.18751896917819977, 1.2021961212158203, 4.239513265776212, 2.8544266300219476, -5.829624017599746, 36523.0, 30299.0, 29007.0, 37060.0, 8.05289363861084, -51.48661804199219, -49.114559173583984, 78.38587188720703, 0.21534109115600586, 1.5729869604110718, 0.9910850524902344, 1.0595248937606812, 2.119752883911133, 1.669189453125, 1.587158203125, 0.3869171142578125, 1.5615234375
59274, -1.8561958074569702, -1.6674631834030151, 2.5868213176727295, -0.03433020040392876, -0.1645485907793045, 1.2212077379226685, 0.021965332329273224, 0.05156116932630539, -0.20274002850055695, -0.021556595340371132, -0.18784557282924652, 1.1999506950378418, 2.7668291088731274, 2.6693177956798024, -5.115880680281753, 36997.0, 30531.0, 29844.0, 36464.0, 8.013224601745605, -51.48661804199219, -49.114559173583984, 78.38587188720703, -0.2505621314048767, -2.075451374053955, 0.42154741287231445, 1.0595248937606812, 2.119752883911133, 1.669189453125, 1.587158203125, 0.3869171142578125, 1.5615234375
59294, 0.5384653210639954, -2.0587353706359863, 2.0815176963806152, -0.03180696442723274, -0.1645289659500122, 1.2214148044586182, 0.038239818066358566, 0.05344633013010025, -0.18551847338676453, -0.02412700094282627, -0.18205010890960693, 1.1991122961044312, 5.941859956659082, 2.7312957004531313, -3.4495289362523813, 36679.0, 30518.0, 29691.0, 36535.0, 8.112398147583008, -51.48661804199219, -49.114559173583984, 78.38587188720703, 0.3286075294017792, -1.0194123983383179, 1.1942983865737915, 1.0595248937606812, 2.119752883911133, 1.669189453125, 1.587158203125, 0.3869171142578125, 1.5556640625
59324, -0.7404910326004028, -1.4506332874298096, 0.896583080291748, -0.029396576806902885, -0.16584926843643188, 1.220771312713623, 0.04967967048287392, 0.04584416002035141, -0.21430207788944244, -0.025358449667692184, -0.19019442796707153, 1.1960052251815796, 4.176084528461294, 2.7878423649440833, -6.1681065971845115, 36612.0, 29977.0, 30691.0, 37080.0, 8.072728157043457, -51.48661804199219, -49.114559173583984, 78.38587188720703, -0.19864119589328766, 1.7599122524261475, 0.4509967565536499, 1.0595248937606812, 2.119752883911133, 1.669189453125, 1.587158203125, 0.3869171142578125, 1.5380859375
59334, -1.3132630586624146, -1.3369653224945068, 0.4190540015697479, -0.029396576806902885, -0.16584926843643188, 1.220771312713623, 0.04967967048287392, 0.04584416002035141, -0.21430207788944244, -0.025802571326494217, -0.189608633518219, 1.1958152055740356, 4.015068946893369, 2.7811592200409905, -6.788811639170088, 36612.0, 29977.0, 30691.0, 37080.0, 8.072728157043457, -53.65478515625, -37.586612701416016, -17.071075439453125, -0.19864119589328766, 1.7599122524261475, 0.4509967565536499, 1.0595248937606812, 2.119752883911133, 1.669189453125, 1.587158203125, 0.3869171142578125, 1.581298828125
59364, 0.8283361792564392, -1.2321128845214844, 2.721019983291626, -0.027147583663463593, -0.16382993757724762, 1.2152515649795532, 0.05997266247868538, 0.05477907881140709, -0.16136501729488373, -0.026449071243405342, -0.1861540675163269, 1.192177653312683, -0.13712746058431863, 3.0524949739256044, -6.053151673073592, 36612.0, 29977.0, 30691.0, 37080.0, 8.072728157043457, 212.37921142578125, 14.922993659973145, -273.4580383300781, -0.3697391450405121, 0.5834395289421082, 1.5916509628295898, 1.0595248937606812, 2.119752883911133, 1.669189453125, 1.587158203125, 0.3869171142578125, 1.517578125
59394, -0.645990252494812, -0.7384212017059326, 1.4305751323699951, -0.02463419921696186, -0.16605886816978455, 1.214749813079834, 0.06594345718622208, 0.04461434856057167, -0.21303701400756836, -0.028858184814453125, -0.18362896144390106, 1.1926791667938232, 5.396020140627666, 2.511796199798823, -3.7614552488838013, 36334.0, 29899.0, 30037.0, 37372.0, 8.033059120178223, -63.58078384399414, -36.33123016357422, -307.96197509765625, -0.24028106033802032, 0.31175464391708374, 1.0937273502349854, 1.0595248937606812, 2.119752883911133, 1.669189453125, 1.587158203125, 0.3869171142578125, 1.517578125
59404, -0.5614120364189148, -0.6514416933059692, 2.781369924545288, -0.02463419921696186, -0.16605886816978455, 1.214749813079834, 0.06594345718622208, 0.04461434856057167, -0.21303701400756836, -0.029801128432154655, -0.18381638824939728, 1.193183183670044, 5.68341053091915, 2.462785117175372, -3.25658217142797, 36541.0, 29944.0, 29966.0, 37350.0, 8.05289363861084, -63.58078384399414, -36.33123016357422, -307.96197509765625, -0.2646953761577606, 3.05194354057312, 0.6640480756759644, 1.0595248937606812, 2.119752883911133, 1.669189453125, 1.587158203125, 0.3869171142578125, 1.517578125
59434, 0.5027680397033691, -0.8147911429405212, 2.7266108989715576, -0.02463419921696186, -0.16605886816978455, 1.214749813079834, 0.06594345718622208, 0.04461434856057167, -0.21303701400756836, -0.0301413182169199, -0.1878863424062729, 1.1911640167236328, 5.0198308384020445, 2.3341820905633597, -4.397692908669972, 36150.0, 30208.0, 29280.0, 37494.0, 8.05289363861084, -18.076932907104492, -6.839773178100586, 20.372560501098633, 0.0514380969107151, -1.2827603816986084, 0.2822599411010742, 1.0927252769470215, 1.0624771118164062, 1.582763671875, 1.587158203125, 0.3869171142578125, 1.54248046875
59444, 0.2098674327135086, -0.6174620985984802, 3.24031400680542, -0.02463419921696186, -0.16605886816978455, 1.214749813079834, 0.06594345718622208, 0.04461434856057167, -0.21303701400756836, -0.030352573841810226, -0.1895534098148346, 1.1892541646957397, 4.489539278698066, 2.5931757883627995, -5.777324733332891, 35039.0, 30507.0, 28885.0, 38562.0, 8.05289363861084, -0.1578567773103714, 30.00423240661621, 372.8793029785156, 0.0514380969107151, -1.2827603816986084, 0.2822599411010742, 1.0927252769470215, 1.0624771118164062, 1.582763671875, 1.587158203125, 0.3869171142578125, 1.54248046875
59454, -0.30619266629219055, -0.5096479058265686, 3.6599819660186768, -0.02053707093000412, -0.16615790128707886, 1.210352897644043, 0.0744323581457138, 0.043700288981199265, -0.07654053717851639, -0.030226971954107285, -0.1911001354455948, 1.1882134675979614, 3.262626815097146, 1.8855601441783278, -7.292018008573674, 35039.0, 30507.0, 28885.0, 38562.0, 8.05289363861084, -91.63822937011719, -25.93977928161621, -407.2686462402344, 0.0514380969107151, -1.2827603816986084, 0.2822599411010742, 1.0927252769470215, 1.0624771118164062, 1.582763671875, 1.587158203125, 0.3869171142578125, 1.53369140625
59494, -1.5309871435165405, -0.14347438514232635, 3.382542848587036, -0.018107609823346138, -0.16730652749538422, 1.2091727256774902, 0.07513799518346786, 0.03883464261889458, -0.09668584913015366, -0.03509107232093811, -0.18467862904071808, 1.1865404844284058, 5.502164459104358, 2.008417818596712, -3.392097395556081, 37079.0, 30212.0, 30682.0, 36537.0, 8.033059120178223, -91.63822937011719, -25.93977928161621, -407.2686462402344, -0.11863972991704941, -1.3110450506210327, 0.30878955125808716, 1.0927252769470215, 1.0624771118164062, 1.582763671875, 1.587158203125, 0.3869171142578125, 1.52490234375
59504, -0.33643272519111633, -0.050375744700431824, 0.7404996752738953, -0.01735491305589676, -0.16690441966056824, 1.2081414461135864, 0.0753977969288826, 0.04176457226276398, -0.10957864671945572, -0.03518877923488617, -0.18763843178749084, 1.185947060585022, 4.757702671738336, 2.036809684886805, -3.7862572590981594, 37079.0, 30212.0, 30682.0, 36537.0, 8.05289363861084, -91.63822937011719, -25.93977928161621, -407.2686462402344, -0.18811467289924622, -0.24032151699066162, 2.3040225505828857, 1.0927252769470215, 1.0624771118164062, 1.582763671875, 1.587158203125, 0.3869171142578125, 1.52490234375
59524, -0.12721538543701172, -0.08675087988376617, 4.357440948486328, -0.016816390678286552, -0.1699482500553131, 1.2079287767410278, 0.07319604605436325, 0.034067507833242416, -0.07661748677492142, -0.035630788654088974, -0.19222959876060486, 1.1818872690200806, 3.1647158446281636, 1.999371235728404, -5.7151117444561255, 35111.0, 30314.0, 30871.0, 38251.0, 8.05289363861084, 0.9387609958648682, 14.121932029724121, 515.0796508789062, 0.20489853620529175, -0.924699604511261, 1.1151021718978882, 1.0927252769470215, 1.0624771118164062, 1.582763671875, 1.587158203125, 0.3869171142578125, 1.52490234375
59534, -0.9486279487609863, 0.25967177748680115, 0.5637407898902893, -0.016816390678286552, -0.1699482500553131, 1.2079287767410278, 0.07319604605436325, 0.034067507833242416, -0.07661748677492142, -0.036705538630485535, -0.19083638489246368, 1.1823837757110596, 3.1767042495327575, 1.9968481917878478, -6.4291260935647205, 35968.0, 29979.0, 30525.0, 37675.0, 8.072728157043457, 0.9387609958648682, 14.121932029724121, 515.0796508789062, 0.20489853620529175, -0.924699604511261, 1.1151021718978882, 1.0927252769470215, 1.0624771118164062, 1.582763671875, 1.587158203125, 0.3869171142578125, 1.52490234375
59544, -0.8878498673439026, 0.21397273242473602, 2.1167900562286377, -0.016816390678286552, -0.1699482500553131, 1.2079287767410278, 0.07319604605436325, 0.034067507833242416, -0.07661748677492142, -0.037429340183734894, -0.19113358855247498, 1.1817901134490967, 3.5588850097608993, 1.9378456501478638, -5.669597676961697, 36608.0, 29667.0, 30793.0, 37278.0, 8.05289363861084, 0.9387609958648682, 14.121932029724121, 515.0796508789062, 0.20489853620529175, -0.924699604511261, 1.1151021718978882, 1.0927252769470215, 1.0624771118164062, 1.582763671875, 1.587158203125, 0.3869171142578125, 1.52490234375
59574, -0.7824868559837341, 0.48897528648376465, 2.4858639240264893, -0.013887695968151093, -0.16853484511375427, 1.2029427289962769, 0.07277538627386093, 0.037848688662052155, -0.09959542751312256, -0.04051341488957405, -0.18550652265548706, 1.1804518699645996, 4.981485335705026, 1.3270316527201373, -4.293205747894025, 37000.0, 29616.0, 30868.0, 37122.0, 8.013224601745605, 186.81654357910156, 75.93875885009766, 163.8941650390625, 0.524544358253479, 1.6196002960205078, 0.6305459141731262, 1.0927252769470215, 1.0624771118164062, 1.582763671875, 1.587158203125, 0.3869171142578125, 1.5087890625
59664, -0.09814104437828064, 0.2112901657819748, 5.15848445892334, -0.01297691185027361, -0.17234094440937042, 1.1981678009033203, 0.05575968325138092, 0.03148368000984192, -0.08916549384593964, -0.04585843160748482, -0.18666121363639832, 1.1741780042648315, 4.072221212367993, 0.2345333261830831, -4.292767787565046, 35130.0, 30227.0, 29246.0, 38593.0, 8.013224601745605, 48.46044921875, 3.901629686355591, 209.0020751953125, 0.43691352009773254, 0.12626394629478455, 0.6385901570320129, 1.0927252769470215, 1.0624771118164062, 1.582763671875, 1.587158203125, 0.3869171142578125, 1.54833984375
59684, -1.1147184371948242, 0.4466148614883423, 1.746865153312683, -0.013916399329900742, -0.1744898557662964, 1.1961963176727295, 0.04556886479258537, 0.02441658452153206, -0.11972860246896744, -0.0474858433008194, -0.18898998200893402, 1.172239065170288, 2.6191462415926363, 0.060902118348451495, -5.505333595596478, 35130.0, 30227.0, 29246.0, 38593.0, 8.05289363861084, -2.8212790489196777, -15.077731132507324, 243.2779541015625, -0.4429091215133667, -0.04624958336353302, 1.235411286354065, 1.0927252769470215, 1.0624771118164062, 1.582763671875, 1.587158203125, 0.3869171142578125, 1.481689453125
59694, -1.7433475255966187, 0.4333861172199249, 1.905024766921997, -0.013469334691762924, -0.17423154413700104, 1.1953675746917725, 0.0439395047724247, 0.02743571251630783, -0.04602577164769173, -0.048884786665439606, -0.18277743458747864, 1.1696316003799438, 4.187221506671307, -0.43146567439245587, -6.443242220590732, 36812.0, 29971.0, 29643.0, 36961.0, 8.072728157043457, -100.54512786865234, -16.306604385375977, -416.2943420410156, -0.3526747524738312, 2.909325122833252, 0.27297431230545044, 1.0927252769470215, 1.0624771118164062, 1.582763671875, 0.615966796875, 24.402236938476562, 1.481689453125
59704, -2.0566656589508057, 0.512590765953064, 1.2289143800735474, -0.013035108335316181, -0.1739453375339508, 1.195033311843872, 0.04289545118808746, 0.03007984533905983, -0.020854804664850235, -0.04912704601883888, -0.1841786652803421, 1.1688075065612793, 3.7292308973345256, -0.8118557937568198, -3.762273756241056, 37333.0, 30001.0, 30246.0, 36440.0, 8.013224601745605, 67.55143737792969, 19.304109573364258, 513.0671997070312, -0.11618228256702423, -1.6627464294433594, 1.1472597122192383, 1.0927252769470215, 1.0624771118164062, 1.582763671875, 1.244384765625, 0.18212890625, 1.5615234375
59714, -1.4642423391342163, 0.3671894669532776, 3.322692394256592, -0.012607458978891373, -0.1736399531364441, 1.1944864988327026, 0.04275038093328476, 0.03063620626926422, -0.08851061016321182, -0.04938700795173645, -0.18792156875133514, 1.1680546998977661, 1.9855096510287809, -0.9619755157451095, -4.607747698701008, 36947.0, 29930.0, 30338.0, 36703.0, 8.033059120178223, 193.01243591308594, 53.086448669433594, -242.59429931640625, 0.4521365165710449, -1.5377177000045776, 1.0226161479949951, 1.0927252769470215, 1.0624771118164062, 1.582763671875, 0.484130859375, 40.685699462890625, 1.5380859375
59724, 0.15451689064502716, 0.00016020660405047238, 1.8738605976104736, -0.01218480709940195, -0.17331574857234955, 1.1936103105545044, 0.041699960827827454, 0.034174639731645584, -0.08669531345367432, -0.04896731302142143, -0.1814768761396408, 1.1655040979385376, -0.49669643333352403, -1.6735308030863223, -7.27457948579814, 35914.0, 30017.0, 30303.0, 37737.0, 8.092562675476074, -119.82707977294922, -45.84320831298828, -140.93385314941406, 0.5268436670303345, 0.7376625537872314, 1.0246039628982544, 1.0927252769470215, 1.0624771118164062, 1.582763671875, 1.695556640625, 0.656097412109375, 1.564453125
59734, -0.35682207345962524, 0.1500794142484665, 3.468374252319336, -0.015335260890424252, -0.1770443469285965, 1.1932399272918701, 0.031227095052599907, 0.025485290214419365, -0.07655664533376694, -0.05008556693792343, -0.17908596992492676, 1.1676510572433472, 4.11613164155976, -1.7951812914317031, -5.144515595132495, 35914.0, 30017.0, 30303.0, 37737.0, 7.99338960647583, -10.449996948242188, 12.235130310058594, -70.1536865234375, -0.5149477124214172, -1.9040958881378174, 0.046768005937337875, 1.0927252769470215, 1.0624771118164062, 1.582763671875, 1.695556640625, 0.656097412109375, 1.5146484375
59774, -2.3777687549591064, 0.2751952111721039, -0.12665727734565735, -0.01409754529595375, -0.1759907305240631, 1.1897683143615723, 0.02977243810892105, 0.03126029297709465, -0.019130749627947807, -0.048333365470170975, -0.18170680105686188, 1.1655648946762085, 2.2762152841008882, -1.8728900658979626, -5.907103779279777, 35914.0, 30017.0, 30303.0, 37737.0, 8.013224601745605, -45.4853630065918, -14.885993957519531, -23.528785705566406, 0.6991356611251831, -0.7166403532028198, 0.9665367603302002, 1.0927252769470215, 1.0624771118164062, 1.582763671875, 1.695556640625, 0.656097412109375, 1.597412109375
59794, -0.16920287907123566, -0.21680331230163574, 1.489281177520752, -0.01409754529595375, -0.1759907305240631, 1.1897683143615723, 0.02977243810892105, 0.03126029297709465, -0.019130749627947807, -0.047460176050662994, -0.17615610361099243, 1.1659516096115112, 3.4854980055008906, -1.974976434463656, -7.441705395926658, 36458.0, 30130.0, 31477.0, 37817.0, 8.05289363861084, -35.334373474121094, -25.05904769897461, -29.524797439575195, 0.23338156938552856, -1.6117178201675415, 0.8401932120323181, 1.0927252769470215, 1.0624771118164062, 1.582763671875, 1.695556640625, 0.656097412109375, 1.522705078125
59814, -0.6645567417144775, -0.21185100078582764, 2.404691457748413, -0.01731998473405838, -0.17771023511886597, 1.1873064041137695, 0.01792222447693348, 0.030752329155802727, -0.02577662467956543, -0.04583010822534561, -0.17550881206989288, 1.164668083190918, 4.16396266781979, -1.8811003774811184, -2.8897937616904352, 35512.0, 30111.0, 30886.0, 38825.0, 8.013224601745605, -79.91029357910156, -13.612701416015625, -232.5, -0.7331311702728271, -1.9302358627319336, -0.10826858878135681, 1.0927252769470215, 1.0624771118164062, 1.582763671875, 1.695556640625, 0.656097412109375, 1.522705078125
59854, -1.878511905670166, -0.40687212347984314, 3.1860744953155518, -0.021291904151439667, -0.17875175178050995, 1.1848546266555786, 0.005983329843729734, 0.03112022951245308, -0.06287088990211487, -0.04078359156847, -0.17158226668834686, 1.1633884906768799, -1.02789470872651, -1.4561796795456416, -7.7352011323779335, 35512.0, 30111.0, 30886.0, 38825.0, 8.033059120178223, -102.76909637451172, 27.113245010375977, -56.101600646972656, -0.2928861081600189, -1.7690529823303223, 1.0274089574813843, 1.0927252769470215, 1.0624771118164062, 1.582763671875, 0.541259765625, 32.87689208984375, 1.519775390625
60024, -0.788745105266571, -3.0307905673980713, 4.2142229080200195, -0.03343074023723602, -0.1790514439344406, 1.173588752746582, 0.011761875823140144, 0.06435554474592209, 0.007093328516930342, -0.019941892474889755, -0.1609417051076889, 1.1708952188491821, 5.508636305961615, 0.4686292049428289, -3.4768335190275534, 36244.0, 31331.0, 32047.0, 38703.0, 8.092562675476074, -159.47544860839844, -47.000545501708984, -715.0802001953125, -0.5229479074478149, -1.9272913932800293, -0.0513794906437397, 1.1905468702316284, 0.9280776977539062, 1.57177734375, 0.541259765625, 32.87689208984375, 1.537353515625
60054, -3.1606547832489014, -2.8825387954711914, 0.9248204827308655, -0.036928899586200714, -0.17853732407093048, 1.1711547374725342, 0.013873355463147163, 0.06935315579175949, -0.021729258820414543, -0.015906620770692825, -0.16298210620880127, 1.1713886260986328, 3.950737587458388, 1.036124376061565, -5.446536446868354, 36527.0, 31182.0, 31589.0, 38496.0, 8.072728157043457, 19.530195236206055, 48.18387222290039, 26.452564239501953, 0.3801989257335663, 1.6111953258514404, 0.15032383799552917, 1.1905468702316284, 0.9280776977539062, 1.57177734375, 0.541259765625, 32.87689208984375, 1.563720703125
60064, -2.58784818649292, -3.261627674102783, 1.8148746490478516, -0.036928899586200714, -0.17853732407093048, 1.1711547374725342, 0.013873355463147163, 0.06935315579175949, -0.021729258820414543, -0.013989057391881943, -0.1586270034313202, 1.1694928407669067, 1.1275609675267544, 0.1722680256041258, -7.28329044391923, 36527.0, 31182.0, 31589.0, 38496.0, 8.013224601745605, 19.530195236206055, 48.18387222290039, 26.452564239501953, -0.6210851073265076, -1.6647539138793945, 1.3983770608901978, 1.1905468702316284, 0.9280776977539062, 1.57177734375, 0.541259765625, 32.87689208984375, 1.556396484375
60084, -1.0902398824691772, -3.431121826171875, 0.4260614514350891, -0.03632937744259834, -0.1762750744819641, 1.1696604490280151, 0.026980876922607422, 0.08176643401384354, -0.06512277573347092, -0.013451212085783482, -0.15666799247264862, 1.1723475456237793, 5.5854415950345535, 1.01591113138943, -6.39214745274251, 36527.0, 31182.0, 31589.0, 38496.0, 8.05289363861084, 19.530195236206055, 48.18387222290039, 26.452564239501953, -0.3952828645706177, -1.78585684299469, -0.06528822332620621, 1.1905468702316284, 0.9280776977539062, 1.57177734375, 0.94189453125, 4.498809814453125, 1.546875
60094, -0.6281713843345642, -3.7401771545410156, 4.755805969238281, -0.03600604832172394, -0.17542923986911774, 1.1694176197052002, 0.03775886073708534, 0.08635171502828598, 0.01661430113017559, -0.011601152829825878, -0.1577240377664566, 1.1719948053359985, 5.468125023728298, 1.143246480011129, -3.9533453123477083, 36527.0, 31182.0, 31589.0, 38496.0, 8.013224601745605, 19.530195236206055, 48.18387222290039, 26.452564239501953, 0.35161182284355164, -0.33684536814689636, 0.8763410449028015, 1.1905468702316284, 0.9280776977539062, 1.57177734375, 0.94189453125, 4.498809814453125, 1.546875
60134, -2.200026512145996, -3.661067485809326, 1.699230670928955, -0.03775037080049515, -0.17436514794826508, 1.1671696901321411, 0.05209353193640709, 0.09304521977901459, 0.0009581149788573384, -0.007446439936757088, -0.1601075977087021, 1.1740634441375732, 3.940028565688886, 2.202682097969216, -4.747451797970318, 36527.0, 31182.0, 31589.0, 38496.0, 7.99338960647583, 64.31082153320312, -22.856189727783203, -92.99666595458984, 0.452243447303772, 1.7300852537155151, 0.23587754368782043, 1.1905468702316284, 0.9280776977539062, 1.57177734375, 0.94189453125, 4.498809814453125, 1.546875
60154, -0.4989786446094513, -3.556623697280884, 0.30416280031204224, -0.03775037080049515, -0.17436514794826508, 1.1671696901321411, 0.05209353193640709, 0.09304521977901459, 0.0009581149788573384, -0.006336702965199947, -0.1557624191045761, 1.174532413482666, 4.8790830744574025, 1.9839063701154203, -7.774455605260482, 36308.0, 31537.0, 31601.0, 39041.0, 8.092562675476074, 156.0642547607422, 11.364474296569824, -143.0623321533203, -0.35339829325675964, -1.8989026546478271, -0.028151025995612144, 1.1905468702316284, 0.9280776977539062, 1.57177734375, 0.94189453125, 4.498809814453125, 1.546875
60174, -1.2205934524536133, -3.3735880851745605, 1.0264663696289062, -0.03829730674624443, -0.17262783646583557, 1.1656982898712158, 0.06552482396364212, 0.09779760241508484, -0.044382765889167786, -0.003836122341454029, -0.15421201288700104, 1.1741111278533936, 2.7381762105372625, 2.0279955894745854, -6.329430677230768, 36308.0, 31537.0, 31601.0, 39041.0, 7.99338960647583, -45.78652572631836, 14.847366333007812, 286.3214111328125, 0.382426917552948, -0.33535248041152954, 0.8656702637672424, 1.1905468702316284, 0.9280776977539062, 1.57177734375, 2.1181640625, 3.701995849609375, 1.546142578125
60184, -1.7149628400802612, -3.5001156330108643, 2.2978262901306152, -0.03761770948767662, -0.17164719104766846, 1.1651352643966675, 0.0707472488284111, 0.09777352213859558, -0.06825868040323257, -0.0038483396638184786, -0.15562842786312103, 1.1775413751602173, 5.192825132827473, 2.458416065999245, -3.341805159498524, 36308.0, 31537.0, 31601.0, 39041.0, 7.99338960647583, 1.1457841396331787, -71.41455078125, 134.42335510253906, 0.382426917552948, -0.33535248041152954, 0.8656702637672424, 1.1905468702316284, 0.9280776977539062, 1.57177734375, 2.1181640625, 3.701995849609375, 1.552001953125
60204, -1.591086506843567, -3.180593967437744, 1.5892475843429565, -0.03853316232562065, -0.17086073756217957, 1.1650707721710205, 0.08086936920881271, 0.10279804468154907, 0.025342507287859917, -0.001409969525411725, -0.15989527106285095, 1.1739428043365479, 2.3273857477729685, 2.3720217755034696, -2.556528278485392, 36308.0, 31537.0, 31601.0, 39041.0, 8.013224601745605, 1.1457841396331787, -71.41455078125, 134.42335510253906, -0.8508007526397705, -1.7676693201065063, 1.3732843399047852, 1.1905468702316284, 0.9280776977539062, 1.57177734375, 1.5703125, 0.34783935546875, 1.552001953125
60224, -0.0140564339235425, -2.9355599880218506, 0.11572251468896866, -0.036868803203105927, -0.16876614093780518, 1.1645174026489258, 0.0886131152510643, 0.10762432217597961, -0.025917574763298035, -0.00044780969619750977, -0.15657220780849457, 1.1760491132736206, 3.3104281165573646, 2.659089628320743, -7.150818043583686, 36128.0, 30981.0, 31760.0, 38966.0, 7.99338960647583, 1.1457841396331787, -71.41455078125, 134.42335510253906, -0.5206347703933716, -1.9715192317962646, -0.10151945799589157, 1.1905468702316284, 0.9280776977539062, 1.57177734375, 1.5703125, 0.34783935546875, 1.599609375
60264, -1.8512934446334839, -2.301633834838867, 1.1246907711029053, -0.0344846174120903, -0.16577637195587158, 1.1646811962127686, 0.10721343010663986, 0.10863000154495239, 0.02935776673257351, 0.00183202198240906, -0.15507709980010986, 1.1766934394836426, 5.1310644394288065, 3.1246875984222413, -2.296085916973819, 36314.0, 30872.0, 31298.0, 38598.0, 8.013224601745605, 1.1457841396331787, -71.41455078125, 134.42335510253906, -0.4693130850791931, 0.25112175941467285, 0.9417093992233276, 1.1905468702316284, 0.9280776977539062, 1.57177734375, 1.5703125, 0.34783935546875, 1.525634765625
60274, -1.2131364345550537, -2.4328458309173584, 1.7402217388153076, -0.03338674455881119, -0.1646757274866104, 1.165039300918579, 0.11234551668167114, 0.11152014881372452, 0.04226836934685707, 0.002475341781973839, -0.1588161736726761, 1.176999568939209, 3.126623268598624, 3.866476241577402, -1.7233928446230136, 36314.0, 30872.0, 31298.0, 38598.0, 8.013224601745605, 1.1457841396331787, -71.41455078125, 134.42335510253906, -0.4693130850791931, 0.25112175941467285, 0.9417093992233276, 1.1905468702316284, 0.9280776977539062, 1.57177734375, 1.5703125, 0.34783935546875, 1.525634765625
60284, -0.2742363214492798, -2.40189790725708, 1.467573881149292, -0.03338674455881119, -0.1646757274866104, 1.165039300918579, 0.11234551668167114, 0.11152014881372452, 0.04226836934685707, 0.0029580225236713886, -0.157694011926651, 1.1785081624984741, 2.8791997882536933, 3.7253551745544087, -3.5896259280473695, 37127.0, 30635.0, 31227.0, 37589.0, 8.013224601745605, 120.97992706298828, -1.7370054721832275, -235.2799072265625, -0.4693130850791931, 0.25112175941467285, 0.9417093992233276, 1.1905468702316284, 0.9280776977539062, 1.57177734375, 1.5703125, 0.34783935546875, 1.525634765625
60374, 0.7473628520965576, -1.521887183189392, 5.041716575622559, -0.02225624956190586, -0.15783275663852692, 1.1664186716079712, 0.14367736876010895, 0.11072986572980881, 0.07525995373725891, 0.002713453024625778, -0.14905166625976562, 1.17891263961792, 4.885992565163064, 4.734025985622253, -7.008788494343657, 36027.0, 31037.0, 30962.0, 38479.0, 8.013224601745605, -121.76296997070312, -64.3522720336914, -866.309326171875, -0.40988224744796753, -2.067103862762451, 0.15283137559890747, 1.1905468702316284, 0.9280776977539062, 1.57177734375, 1.5703125, 0.34783935546875, 1.524169921875
60384, -0.12203050404787064, -1.1414629220962524, 0.4569436311721802, -0.02225624956190586, -0.15783275663852692, 1.1664186716079712, 0.14367736876010895, 0.11072986572980881, 0.07525995373725891, 0.0030521778389811516, -0.15084823966026306, 1.1802468299865723, 4.450231585791289, 4.009724375161568, -4.655148065057771, 36000.0, 30723.0, 30899.0, 38370.0, 8.033059120178223, -67.6312484741211, -2.1171653270721436, 505.3324279785156, -0.40988224744796753, -2.067103862762451, 0.15283137559890747, 1.1905468702316284, 0.9280776977539062, 1.57177734375, 1.5703125, 0.34783935546875, 1.524169921875
60404, -1.3762130737304688, -0.7859410643577576, 2.338582754135132, -0.017873797565698624, -0.154501274228096, 1.1664663553237915, 0.15000037848949432, 0.11202424764633179, 0.0032235165126621723, 0.0024685394018888474, -0.15504015982151031, 1.1793652772903442, 2.210083887963887, 4.1429061003885295, -3.337533361648932, 36000.0, 30723.0, 30899.0, 38370.0, 7.99338960647583, -30.124732971191406, 22.842866897583008, -304.569091796875, -0.3731955587863922, -0.4079197347164154, 1.5847232341766357, 1.1905468702316284, 0.9280776977539062, 1.57177734375, 1.4794921875, 0.155975341796875, 1.535888671875
60414, -1.064096212387085, -0.9014546275138855, 1.216628074645996, -0.01714290864765644, -0.15481498837471008, 1.167600393295288, 0.15041573345661163, 0.11129093915224075, 0.05748283490538597, 0.0026928710285574198, -0.15211965143680573, 1.1785988807678223, 2.3911593902151456, 3.79287739543571, -5.5546717886703405, 37959.0, 30260.0, 30528.0, 36527.0, 8.013224601745605, -30.124732971191406, 22.842866897583008, -304.569091796875, -0.25349900126457214, -0.8870824575424194, 1.3867906332015991, 1.1905468702316284, 0.9280776977539062, 1.57177734375, 1.4794921875, 0.155975341796875, 1.535888671875
60454, -0.05132526904344559, -0.17998097836971283, 0.7451386451721191, -0.011048545129597187, -0.15030139684677124, 1.1679747104644775, 0.1556631475687027, 0.11440405249595642, 0.02234562113881111, -0.0002194046974182129, -0.15153326094150543, 1.1788665056228638, 3.0793640163346283, 3.7783878700445257, -3.0546188331657858, 36013.0, 30559.0, 31164.0, 38359.0, 8.013224601745605, 90.39363861083984, -6.358664512634277, -216.7547607421875, 0.26005542278289795, 2.560286521911621, 1.0128419399261475, 1.1905468702316284, 0.9280776977539062, 1.57177734375, 1.4794921875, 0.155975341796875, 1.546142578125
60464, -1.092731237411499, -0.1473218947649002, 3.939070701599121, -0.01028482150286436, -0.15162509679794312, 1.1686962842941284, 0.1548347771167755, 0.10672570765018463, -0.01657267101109028, -0.00140076270326972, -0.1512785404920578, 1.1785705089569092, 2.2773357904285545, 3.495643914901194, -4.4891366160669905, 36665.0, 30247.0, 30844.0, 37521.0, 8.072728157043457, 90.39363861083984, -6.358664512634277, -216.7547607421875, -0.1659461408853531, -0.31193816661834717, 2.0540523529052734, 1.1905468702316284, 0.9280776977539062, 1.57177734375, 1.4794921875, 0.155975341796875, 1.546142578125
60474, -1.480049967765808, 0.21151618659496307, 3.294955253601074, -0.008734633214771748, -0.15055729448795319, 1.1686280965805054, 0.15538513660430908, 0.10739967972040176, 0.0030011211056262255, -0.0014720265753567219, -0.14943839609622955, 1.177817940711975, 2.325785394483519, 3.1553318512986834, -5.710288531215036, 36665.0, 30247.0, 30844.0, 37521.0, 8.072728157043457, -65.98332977294922, 32.16851806640625, -345.6726379394531, 0.14673253893852234, 1.8414907455444336, -0.5517120361328125, 1.1905468702316284, 0.9280776977539062, 1.57177734375, 1.4794921875, 0.155975341796875, 1.546142578125
60484, -1.3792308568954468, 0.07973223924636841, 1.5705658197402954, -0.007179723586887121, -0.1494670957326889, 1.1690109968185425, 0.15517558157444, 0.11109282821416855, 0.07354376465082169, -0.002375468611717224, -0.14588190615177155, 1.177607774734497, 3.7884282171031853, 2.6700143724641237, -6.759181281529209, 36665.0, 30247.0, 30844.0, 37521.0, 7.99338960647583, -65.98332977294922, 32.16851806640625, -345.6726379394531, -0.038930706679821014, -0.30782198905944824, 1.3630213737487793, 1.1905468702316284, 0.9280776977539062, 1.57177734375, 1.4794921875, 0.155975341796875, 1.546142578125
60494, -0.4545902609825134, 0.27269935607910156, 1.3957451581954956, -0.005627404432743788, -0.14835895597934723, 1.16914701461792, 0.15506336092948914, 0.1107868179678917, -0.04634088650345802, -0.0038002878427505493, -0.14517229795455933, 1.1781419515609741, 4.428918680606412, 2.2392894418765366, -5.382834643246764, 37030.0, 30072.0, 29873.0, 36999.0, 8.013224601745605, -65.98332977294922, 32.16851806640625, -345.6726379394531, -0.06464648246765137, -1.081449270248413, 2.2823097705841064, 1.1905468702316284, 0.9280776977539062, 1.57177734375, 1.4794921875, 0.155975341796875, 1.546142578125
60504, -0.02113700658082962, 0.4141940176486969, -0.9685501456260681, -0.005627404432743788, -0.14835895597934723, 1.16914701461792, 0.15506336092948914, 0.1107868179678917, -0.04634088650345802, -0.004725981038063765, -0.1451016366481781, 1.177789330482483, 4.333370998179234, 3.0853077356606207, -3.958748553836108, 36199.0, 30409.0, 30306.0, 37914.0, 8.072728157043457, -65.98332977294922, 32.16851806640625, -345.6726379394531, 0.3556089997291565, -1.3882122039794922, 0.40370193123817444, 1.1905468702316284, 0.9280776977539062, 1.57177734375, 1.4794921875, 0.155975341796875, 1.546142578125
60524, -0.2065688967704773, 0.8550053834915161, 0.35868924856185913, -0.0025254767388105392, -0.1488363891839981, 1.1706821918487549, 0.14975933730602264, 0.10455014556646347, 0.040112994611263275, -0.006438234820961952, -0.1488351672887802, 1.1775184869766235, 2.2235136537886384, 2.752331368491383, -3.9269116912157327, 35899.0, 30390.0, 30818.0, 38132.0, 8.033059120178223, -45.03688049316406, 21.3338565826416, 498.54010009765625, -0.32587215304374695, -1.216490387916565, 0.46833911538124084, 1.1905468702316284, 0.9280776977539062, 1.57177734375, 1.4794921875, 0.155975341796875, 1.499267578125
60534, -1.2042357921600342, 0.9040176272392273, 3.4852449893951416, -0.001029857201501727, -0.1477927416563034, 1.1708847284317017, 0.15003150701522827, 0.10407352447509766, 0.00033118142164312303, -0.006538769230246544, -0.14626938104629517, 1.1762791872024536, 1.8094380185851178, 2.383601693556102, -5.860267682754099, 35899.0, 30390.0, 30818.0, 38132.0, 8.112398147583008, -45.03688049316406, 21.3338565826416, 498.54010009765625, 0.021337449550628662, 0.01518027950078249, 2.3596582412719727, 1.1905468702316284, 0.9280776977539062, 1.57177734375, 1.4794921875, 0.155975341796875, 1.554931640625
60544, -1.8250906467437744, 1.171961784362793, 3.304962396621704, -0.001029857201501727, -0.1477927416563034, 1.1708847284317017, 0.15003150701522827, 0.10407352447509766, 0.00033118142164312303, -0.008220014162361622, -0.1424725204706192, 1.1772971153259277, 3.8333615700665122, 2.489998528990782, -6.623405331857637, 35899.0, 30390.0, 30818.0, 38132.0, 7.973554611206055, -53.985130310058594, 21.50225067138672, -355.3504943847656, 0.021337449550628662, 0.01518027950078249, 2.3596582412719727, 1.1905468702316284, 0.9280776977539062, 1.57177734375, 1.4794921875, 0.155975341796875, 1.51318359375
60564, -0.7736047506332397, 1.3908525705337524, 1.0877296924591064, 0.0018065309850499034, -0.14758352935314178, 1.1725932359695435, 0.14095741510391235, 0.10078877955675125, -0.013412066735327244, -0.009802904911339283, -0.14204058051109314, 1.1776173114776611, 4.197506339164528, 2.1175430959507935, -4.595207966371282, 35899.0, 30390.0, 30818.0, 38132.0, 8.072728157043457, 67.79118347167969, 40.303184509277344, 88.5650634765625, 0.1554136723279953, 0.2927737236022949, 1.1405452489852905, 1.1905468702316284, 0.9280776977539062, 1.57177734375, 1.4794921875, 0.155975341796875, 1.49560546875
60634, -1.205855369567871, 2.221357583999634, 1.3306530714035034, 0.007826016284525394, -0.14414744079113007, 1.1749192476272583, 0.11793643236160278, 0.10313035547733307, 0.0794072151184082, -0.013856902718544006, -0.13736574351787567, 1.1747092008590698, 4.638156972456481, 1.7961061564575402, -6.589049420479756, 37142.0, 29522.0, 29959.0, 36106.0, 8.013224601745605, 51.302486419677734, 56.47719192504883, 79.01451873779297, 0.3935583233833313, 0.9232369661331177, 0.8274276256561279, 1.1905468702316284, 0.9280776977539062, 1.57177734375, 1.35205078125, 0.015380859375, 1.4970703125
60644, -0.6611872911453247, 2.0003390312194824, 0.7731051445007324, 0.007826016284525394, -0.14414744079113007, 1.1749192476272583, 0.11793643236160278, 0.10313035547733307, 0.0794072151184082, -0.014140600338578224, -0.13666889071464539, 1.1753942966461182, 4.531077101412961, 1.3234265476592384, -5.492270719360729, 36222.0, 29619.0, 30331.0, 37065.0, 8.072728157043457, 51.302486419677734, 56.47719192504883, 79.01451873779297, 0.3935583233833313, 0.9232369661331177, 0.8274276256561279, 1.1905468702316284, 0.9280776977539062, 1.57177734375, 1.35205078125, 0.015380859375, 1.4970703125
60654, -0.5096784830093384, 2.1807260513305664, 1.9466345310211182, 0.007826016284525394, -0.14414744079113007, 1.1749192476272583, 0.11793643236160278, 0.10313035547733307, 0.0794072151184082, -0.01432507112622261, -0.13836169242858887, 1.1758614778518677, 4.087852142243644, 1.203723756615517, -4.579500401414793, 35788.0, 29875.0, 31152.0, 37674.0, 8.072728157043457, 42.03897476196289, -0.3929974436759949, 226.16944885253906, 0.3935583233833313, 0.9232369661331177, 0.8274276256561279, 1.1905468702316284, 0.9280776977539062, 1.57177734375, 1.35205078125, 0.015380859375, 1.4970703125
60734, -0.40688803791999817, 2.3554978370666504, 3.688079595565796, 0.013134906999766827, -0.14133098721504211, 1.1762335300445557, 0.062178075313568115, 0.10151154547929764, 0.03906239941716194, -0.018065879121422768, -0.1320241540670395, 1.1719404458999634, 4.896714147759514, 0.7351431093372298, -6.140174890624164, 35788.0, 29875.0, 31152.0, 37674.0, 8.013224601745605, -186.61758422851562, -21.763059616088867, 15.61838436126709, -0.6675387620925903, -2.591675281524658, 0.34921419620513916, 1.1905468702316284, 0.9280776977539062, 1.57177734375, 1.35205078125, 0.015380859375, 1.481689453125
60754, -2.3684535026550293, 2.448698043823242, 3.052058696746826, 0.013134906999766827, -0.14133098721504211, 1.1762335300445557, 0.062178075313568115, 0.10151154547929764, 0.03906239941716194, -0.017754435539245605, -0.1338919848203659, 1.1739927530288696, 4.2353462935368125, 0.17859848535081824, -4.416610283586446, 36794.0, 29389.0, 30902.0, 36894.0, 8.092562675476074, -186.61758422851562, -21.763059616088867, 15.61838436126709, 0.2968624234199524, 2.3458104133605957, 0.9194668531417847, 1.1905468702316284, 0.9280776977539062, 1.57177734375, 1.35205078125, 0.015380859375, 1.481689453125
60764, -2.357473611831665, 2.6171865463256836, 2.899629592895508, 0.013134906999766827, -0.14133098721504211, 1.1762335300445557, 0.062178075313568115, 0.10151154547929764, 0.03906239941716194, -0.01818263903260231, -0.13418272137641907, 1.1731436252593994, 5.0552404767127515, -0.12917575456128816, -3.077149565830406, 36794.0, 29389.0, 30902.0, 36894.0, 7.973554611206055, -186.61758422851562, -21.763059616088867, 15.61838436126709, 0.2968624234199524, 2.3458104133605957, 0.9194668531417847, 1.1905468702316284, 0.9280776977539062, 1.57177734375, 1.35205078125, 0.015380859375, 1.516845703125
60774, -1.90507972240448, 2.405054807662964, 1.8610639572143555, 0.015361946076154709, -0.13717590272426605, 1.1757464408874512, 0.045108869671821594, 0.11051652580499649, 0.025688113644719124, -0.017768610268831253, -0.13510417938232422, 1.1707313060760498, 1.7489711531463688, 0.213992689540504, -3.4596880682846898, 36794.0, 29389.0, 30902.0, 36894.0, 8.013224601745605, 76.68289947509766, -32.44619369506836, -7.85681676864624, 0.2968624234199524, 2.3458104133605957, 0.9194668531417847, 1.1905468702316284, 0.9280776977539062, 1.57177734375, 1.35205078125, 0.015380859375, 1.516845703125
60794, -0.643451452255249, 2.3223233222961426, -0.2302664965391159, 0.013045008294284344, -0.13862459361553192, 1.1756389141082764, 0.031141240149736404, 0.10511262714862823, -0.045038748532533646, -0.0181594081223011, -0.13515344262123108, 1.1732722520828247, 2.949910406457811, -0.02028021200393937, -5.337287246827524, 36106.0, 29898.0, 30333.0, 37764.0, 8.013224601745605, 70.32058715820312, 57.65785598754883, 738.4193725585938, 0.14100763201713562, -1.0312029123306274, 2.13246488571167, 1.1905468702316284, 0.9280776977539062, 1.57177734375, 1.35205078125, 0.015380859375, 1.5146484375
60824, -2.02445912361145, 2.0658910274505615, 3.0780067443847656, 0.013766835443675518, -0.1353820413351059, 1.175146460533142, 0.02036438137292862, 0.10942352563142776, -0.0639595240354538, -0.01927066780626774, -0.12928339838981628, 1.171373963356018, 4.2786882048615915, -0.8688155468415744, -4.9800571299071, 36106.0, 29898.0, 30333.0, 37764.0, 8.092562675476074, -57.41453552246094, 33.14230728149414, 523.5419311523438, 0.01780092343688011, -0.15186497569084167, 2.2942051887512207, 1.1905468702316284, 0.9280776977539062, 1.57177734375, 1.35205078125, 0.015380859375, 1.5146484375
60834, -2.198984146118164, 2.1740150451660156, 3.1930999755859375, 0.013766835443675518, -0.1353820413351059, 1.175146460533142, 0.02036438137292862, 0.10942352563142776, -0.0639595240354538, -0.019818589091300964, -0.1290113478899002, 1.172303557395935, 4.544197659664086, -1.216211656709163, -3.2194503770355647, 37793.0, 29679.0, 30125.0, 36177.0, 8.013224601745605, -57.41453552246094, 33.14230728149414, 523.5419311523438, 0.03769039735198021, 1.9714328050613403, -0.41819626092910767, 1.1905468702316284, 0.9280776977539062, 1.57177734375, 1.35205078125, 0.015380859375, 1.5146484375
60884, -0.732390820980072, 1.638669490814209, 0.3904511034488678, 0.010621897876262665, -0.13464218378067017, 1.1746742725372314, -0.004003921989351511, 0.11147099733352661, -0.06331367790699005, -0.018430188298225403, -0.12468043714761734, 1.1701334714889526, 4.734451747587469, -1.8992999205308934, -5.092746103500411, 35880.0, 30222.0, 30106.0, 38124.0, 8.033059120178223, -46.15769958496094, -10.435715675354004, -546.6450805664062, -0.1818610429763794, 1.8643486499786377, 1.3055437803268433, 1.074507713317871, 0.1485614776611328, 1.508056640625, 1.35205078125, 0.015380859375, 1.5146484375
60904, -2.050915479660034, 1.4619388580322266, 3.386563301086426, 0.010621897876262665, -0.13464218378067017, 1.1746742725372314, -0.004003921989351511, 0.11147099733352661, -0.06331367790699005, -0.017158832401037216, -0.12651285529136658, 1.1678869724273682, 4.169923114748132, -2.0197372327102414, -2.741524781777537, 36565.0, 29959.0, 30264.0, 37298.0, 8.092562675476074, -72.27617645263672, 28.590791702270508, -415.51409912109375, 0.20422691106796265, 0.30171850323677063, 2.173175096511841, 1.074507713317871, 0.1485614776611328, 1.508056640625, 1.35205078125, 0.015380859375, 1.529296875
60954, -0.43333661556243896, 0.8068972229957581, 1.0075939893722534, 0.0021273260936141014, -0.1331850290298462, 1.1746701002120972, -0.044976308941841125, 0.10543796420097351, 0.0020592163782566786, -0.014150505885481834, -0.12109029293060303, 1.1667424440383911, 4.432763290593527, -2.676056437450285, -5.825121062373815, 35648.0, 30241.0, 30130.0, 38267.0, 8.013224601745605, 129.35064697265625, -11.294702529907227, 183.29600524902344, -0.25718334317207336, 1.1190745830535889, 1.3782740831375122, 1.074507713317871, 0.1485614776611328, 1.508056640625, 1.35205078125, 0.015380859375, 1.51025390625
60964, -0.9930627942085266, 0.6282252073287964, 3.229201555252075, 0.0021273260936141014, -0.1331850290298462, 1.1746701002120972, -0.044976308941841125, 0.10543796420097351, 0.0020592163782566786, -0.01330256275832653, -0.12049327790737152, 1.1663119792938232, 6.061347728835115, -2.9783392316549566, -3.0005491018439416, 36323.0, 29907.0, 30448.0, 37537.0, 8.072728157043457, -151.33372497558594, 24.517858505249023, -229.22401428222656, -0.25718334317207336, 1.1190745830535889, 1.3782740831375122, 1.074507713317871, 0.1485614776611328, 1.508056640625, 1.35205078125, 0.015380859375, 1.51025390625
61004, -0.1538209617137909, -0.044559329748153687, 1.3505499362945557, -0.0030227690003812313, -0.13066822290420532, 1.1735011339187622, -0.05748150870203972, 0.10617268830537796, -0.0806577056646347, -0.008880449458956718, -0.12018091976642609, 1.1646535396575928, 3.203459372422161, -2.3792836817941634, -9.382943417223348, 37583.0, 29983.0, 30195.0, 36435.0, 8.05289363861084, -151.33372497558594, 24.517858505249023, -229.22401428222656, -0.28799277544021606, -1.9081323146820068, 1.3908582925796509, 1.2663401365280151, 1.7075939178466797, 1.635498046875, 1.35205078125, 0.015380859375, 1.50732421875
61014, -0.16051140427589417, 0.03460473194718361, 1.6118063926696777, -0.0036038211546838284, -0.12959156930446625, 1.1729586124420166, -0.05825309827923775, 0.10829000174999237, -0.02780112996697426, -0.008554119616746902, -0.11647054553031921, 1.164455771446228, 5.158594369942825, -1.7538528163240414, -8.764043175818145, 37583.0, 29983.0, 30195.0, 36435.0, 8.05289363861084, 80.64344787597656, 65.68301391601562, 803.1741333007812, -0.28799277544021606, -1.9081323146820068, 1.3908582925796509, 1.2663401365280151, 1.7075939178466797, 1.635498046875, 1.35205078125, 0.015380859375, 1.5146484375
61024, -0.10280129313468933, -0.20763765275478363, 2.476555824279785, -0.0036038211546838284, -0.12959156930446625, 1.1729586124420166, -0.05825309827923775, 0.10829000174999237, -0.02780112996697426, -0.006156618706882, -0.1183406412601471, 1.164292335510254, 3.379705776394246, -1.975608794415706, -6.0052736804245335, 35807.0, 30390.0, 30611.0, 38409.0, 8.05289363861084, -107.35179901123047, -28.0700740814209, -491.49908447265625, -0.28799277544021606, -1.9081323146820068, 1.3908582925796509, 1.2663401365280151, 1.7075939178466797, 1.635498046875, 1.35205078125, 0.015380859375, 1.5146484375
61054, -1.9670745134353638, -0.30501484870910645, 0.6334641575813293, -0.0080620301887393, -0.12832389771938324, 1.1723257303237915, -0.06304308027029037, 0.10423292219638824, 0.01763409934937954, -0.0005657179281115532, -0.12127036601305008, 1.1636052131652832, 3.011014053861331, -1.1012953759349386, -5.44766279856358, 37841.0, 30058.0, 30301.0, 36373.0, 7.99338960647583, -137.74671936035156, 32.55154037475586, 119.338134765625, 0.6109398007392883, 1.2361490726470947, 0.27104419469833374, 1.2663401365280151, 1.7075939178466797, 1.635498046875, 1.35205078125, 0.015380859375, 1.543212890625
61084, 0.14563725888729095, -0.8658103942871094, 0.6081803441047668, -0.009938091970980167, -0.12510912120342255, 1.1713470220565796, -0.06129789352416992, 0.11034417897462845, -0.03771110624074936, 0.0042550936341285706, -0.11682333797216415, 1.1626064777374268, 3.5385246305354996, -1.4585644254718488, -7.167298924139643, 37841.0, 30058.0, 30301.0, 36373.0, 8.05289363861084, 74.99690246582031, 67.71800994873047, 831.5516357421875, -0.5321283340454102, -2.0450875759124756, 0.07522543519735336, 1.2663401365280151, 1.7075939178466797, 1.635498046875, 1.35205078125, 0.015380859375, 1.515380859375
61104, -0.3041734993457794, -1.1096142530441284, 1.4688129425048828, -0.009938091970980167, -0.12510912120342255, 1.1713470220565796, -0.06129789352416992, 0.11034417897462845, -0.03771110624074936, 0.007843360304832458, -0.12070583552122116, 1.1608352661132812, 2.678330176650853, -0.3502510240392098, -1.6995011100424875, 35652.0, 30776.0, 31300.0, 38507.0, 8.072728157043457, -68.9650650024414, 26.830825805664062, 346.4381408691406, 0.1484401822090149, 0.03021894581615925, 0.9116395115852356, 1.2663401365280151, 1.7075939178466797, 1.635498046875, 2.1796875, 4.9326324462890625, 1.515380859375
61244, 0.5948495268821716, -2.9311838150024414, 0.45960286259651184, -0.019032437354326248, -0.12060380727052689, 1.1689599752426147, -0.03490954637527466, 0.09633256494998932, -0.07842779904603958, 0.026111016049981117, -0.11179985851049423, 1.1561359167099, 4.068179923185865, 0.27675621400766204, -4.438304472815821, 35813.0, 31374.0, 31755.0, 38565.0, 8.013224601745605, -80.42571258544922, -18.743608474731445, -627.6199951171875, -0.04383177310228348, 2.376859426498413, 1.404724359512329, 1.2663401365280151, 1.7075939178466797, 1.635498046875, 1.956298828125, 1.788787841796875, 1.53662109375
61254, -0.018416548147797585, -3.1504533290863037, 2.8556320667266846, -0.019587766379117966, -0.11913725733757019, 1.1678217649459839, -0.014447628520429134, 0.08716944605112076, -0.07365485280752182, 0.027958067134022713, -0.11345775425434113, 1.1547495126724243, 3.586982503176044, 0.43573457345470956, -1.6689028356023248, 35813.0, 31374.0, 31755.0, 38565.0, 8.05289363861084, -74.16412353515625, 0.8992842435836792, -59.17351531982422, -0.04383177310228348, 2.376859426498413, 1.404724359512329, 1.2663401365280151, 1.7075939178466797, 1.635498046875, 1.956298828125, 1.788787841796875, 1.53662109375
61294, 1.2027950286865234, -3.4463934898376465, -0.8470338582992554, -0.019660186022520065, -0.1156514585018158, 1.1666274070739746, 0.007458011154085398, 0.08798308670520782, -0.05166681483387947, 0.033227358013391495, -0.1100587323307991, 1.1530424356460571, 2.992299619315002, 0.7559384904578224, -9.890926366445449, 35813.0, 31374.0, 31755.0, 38565.0, 8.033059120178223, 124.6866683959961, 66.2447738647461, 62.50857925415039, 0.7749270796775818, -0.40911778807640076, 0.43577656149864197, 1.2663401365280151, 1.7075939178466797, 1.635498046875, 1.956298828125, 1.788787841796875, 1.5615234375
61324, 0.28735142946243286, -3.238107919692993, 3.2372419834136963, -0.018227269873023033, -0.1161019578576088, 1.1666958332061768, 0.027708105742931366, 0.07513369619846344, -0.047508545219898224, 0.03618396818637848, -0.10894037038087845, 1.1520220041275024, 4.687554757138422, 1.3158085512041566, -2.188223265952822, 35705.0, 31461.0, 31906.0, 38516.0, 8.092562675476074, -36.37482833862305, -25.45293617248535, -383.47442626953125, 0.015944471582770348, 0.0497775562107563, 2.3863332271575928, 1.2663401365280151, 1.7075939178466797, 1.635498046875, 1.956298828125, 1.788787841796875, 1.5615234375
61354, 0.4026041030883789, -3.024862289428711, -0.33323439955711365, -0.016042323783040047, -0.11561404913663864, 1.1665115356445312, 0.046731624752283096, 0.0695519745349884, -0.04397838935256004, 0.03828641027212143, -0.11253973841667175, 1.152472734451294, 1.8562338216315393, 2.094663534245967, -4.203046286045781, 37030.0, 31050.0, 31738.0, 36935.0, 8.013224601745605, -36.37482833862305, -25.45293617248535, -383.47442626953125, -0.0720333680510521, -1.7679731845855713, 2.2531578540802, 1.2663401365280151, 1.7075939178466797, 1.635498046875, 1.956298828125, 1.788787841796875, 1.5615234375
61364, 0.8347437381744385, -3.113023519515991, -1.0173280239105225, -0.016042323783040047, -0.11561404913663864, 1.1665115356445312, 0.046731624752283096, 0.0695519745349884, -0.04397838935256004, 0.03907537832856178, -0.1105969250202179, 1.1521669626235962, 2.7778741928519146, 2.2027635801863426, -6.227226469981056, 36129.0, 31302.0, 32526.0, 37837.0, 8.072728157043457, -36.37482833862305, -25.45293617248535, -383.47442626953125, -0.0720333680510521, -1.7679731845855713, 2.2531578540802, 1.2663401365280151, 1.7075939178466797, 1.635498046875, 1.956298828125, 1.788787841796875, 1.5615234375
61374, 1.245578408241272, -3.0119171142578125, 3.189124345779419, -0.016042323783040047, -0.11561404913663864, 1.1665115356445312, 0.046731624752283096, 0.0695519745349884, -0.04397838935256004, 0.039430372416973114, -0.11006700247526169, 1.1512024402618408, 2.735493908152794, 1.9840829578339196, -7.385297962685847, 36129.0, 31302.0, 32526.0, 37837.0, 8.072728157043457, -0.4137677252292633, -27.553485870361328, 47.63517379760742, -0.0720333680510521, -1.7679731845855713, 2.2531578540802, 1.2663401365280151, 1.7075939178466797, 1.635498046875, 1.956298828125, 1.788787841796875, 1.529296875
61384, 0.7243694067001343, -2.6709232330322266, 0.8733628988265991, -0.01431930623948574, -0.11354207247495651, 1.16666841506958, 0.06692199409008026, 0.06773151457309723, 0.028842318803071976, 0.04108845815062523, -0.10654360800981522, 1.1487587690353394, 1.507889092052909, 1.190247965105982, -9.223519198661466, 36129.0, 31302.0, 32526.0, 37837.0, 8.072728157043457, -29.859060287475586, -5.857510089874268, 169.15359497070312, -0.0720333680510521, -1.7679731845855713, 2.2531578540802, 1.2663401365280151, 1.7075939178466797, 1.635498046875, 1.956298828125, 1.788787841796875, 1.53076171875
61454, 0.3939494490623474, -1.9646109342575073, 1.3336228132247925, -0.00791250728070736, -0.11107491701841354, 1.1661109924316406, 0.0985359475016594, 0.06489288061857224, 0.06040278449654579, 0.04487645626068115, -0.10712782293558121, 1.1490775346755981, 3.1188695452883026, 2.47781070455261, -6.713669109476074, 35777.0, 31227.0, 32820.0, 38072.0, 8.013224601745605, -29.859060287475586, -5.857510089874268, 169.15359497070312, -0.8489207029342651, -3.063565254211426, 0.5280906558036804, 1.2663401365280151, 1.7075939178466797, 1.635498046875, 1.956298828125, 1.788787841796875, 1.54541015625
61464, -0.15996986627578735, -1.90390145778656, 3.3153042793273926, -0.00402049720287323, -0.11208506673574448, 1.1655606031417847, 0.10840088874101639, 0.058351170271635056, -0.02505715750157833, 0.045370470732450485, -0.10543186217546463, 1.147792935371399, 2.791500266849691, 2.129855002227316, -8.916745715732516, 35777.0, 31227.0, 32820.0, 38072.0, 8.033059120178223, -198.4099578857422, -24.071361541748047, 57.301753997802734, -0.8489207029342651, -3.063565254211426, 0.5280906558036804, 1.2663401365280151, 1.7075939178466797, 1.635498046875, 1.956298828125, 1.788787841796875, 1.54541015625
61474, -1.6483409404754639, -1.850180983543396, 2.400768280029297, -0.00402049720287323, -0.11208506673574448, 1.1655606031417847, 0.10840088874101639, 0.058351170271635056, -0.02505715750157833, 0.044769905507564545, -0.10186807811260223, 1.1474971771240234, 4.59106945566365, 2.5564285163284524, -10.050835812255114, 37175.0, 30774.0, 31748.0, 36539.0, 8.033059120178223, 50.57106399536133, -38.60712814331055, 101.49286651611328, -0.8489207029342651, -3.063565254211426, 0.5280906558036804, 1.2663401365280151, 1.7075939178466797, 1.635498046875, 1.956298828125, 1.788787841796875, 1.553466796875
61484, -1.6236165761947632, -1.7215831279754639, 1.638240933418274, -0.00402049720287323, -0.11208506673574448, 1.1655606031417847, 0.10840088874101639, 0.058351170271635056, -0.02505715750157833, 0.04674061760306358, -0.10283754765987396, 1.1472047567367554, 3.663411312958346, 1.8493280845491427, -8.17821257178393, 37804.0, 30810.0, 31120.0, 35982.0, 7.99338960647583, 50.57106399536133, -38.60712814331055, 101.49286651611328, 0.13339796662330627, 1.0065014362335205, 0.0579415000975132, 1.2663401365280151, 1.7075939178466797, 1.635498046875, 1.956298828125, 1.788787841796875, 1.553466796875
61514, -0.1580864042043686, -1.5058021545410156, 0.032549455761909485, 0.0038106313440948725, -0.11158639192581177, 1.1641457080841064, 0.13143135607242584, 0.05890291556715965, 0.03295067697763443, 0.04776447266340256, -0.10587404668331146, 1.1461296081542969, 2.5859966531629275, 2.4442393971426384, -3.9200910928818313, 36479.0, 31190.0, 31734.0, 37299.0, 8.072728157043457, 77.99832916259766, 28.09366798400879, 824.2529296875, 0.1015239879488945, 0.3035009205341339, 1.2634515762329102, 1.2663401365280151, 1.7075939178466797, 1.635498046875, 1.956298828125, 1.788787841796875, 1.585693359375
61564, -1.233499526977539, -1.1227964162826538, -0.41137975454330444, 0.0122687304392457, -0.11001180857419968, 1.1633743047714233, 0.14810051023960114, 0.06149161234498024, 0.033729441463947296, 0.049014247953891754, -0.0990886241197586, 1.143770456314087, 5.136379296211513, 2.089337566594537, -6.073576318999867, 36479.0, 31190.0, 31734.0, 37299.0, 8.013224601745605, -2.0518109798431396, 21.582050323486328, -296.7747497558594, 0.11861520260572433, -0.6841046810150146, 1.578627109527588, 1.2663401365280151, 1.7075939178466797, 1.635498046875, 1.956298828125, 1.788787841796875, 1.63330078125
61584, -0.5806787610054016, -0.7026751637458801, -1.844140887260437, 0.015244959853589535, -0.1087569147348404, 1.1627790927886963, 0.1513298600912094, 0.06520743668079376, -0.0038460446521639824, 0.050232671201229095, -0.10254371166229248, 1.1424862146377563, 3.7757854267535724, 1.7077114997041463, -1.74724679418312, 36479.0, 31190.0, 31734.0, 37299.0, 8.033059120178223, 91.2728271484375, 52.375247955322266, 912.3451538085938, -0.09952162951231003, -0.09626665711402893, 2.168553352355957, 1.2663401365280151, 1.7075939178466797, 1.635498046875, 1.956298828125, 1.788787841796875, 1.547607421875
61594, 0.061573199927806854, -0.7940346598625183, 3.2349507808685303, 0.015244959853589535, -0.1087569147348404, 1.1627790927886963, 0.1513298600912094, 0.06520743668079376, -0.0038460446521639824, 0.050490446388721466, -0.10336261242628098, 1.1405011415481567, 2.3665342097961073, 1.4596363827345158, -1.9050039747077372, 36479.0, 31190.0, 31734.0, 37299.0, 8.033059120178223, -55.09849166870117, -54.374088287353516, -561.5143432617188, -0.09952162951231003, -0.09626665711402893, 2.168553352355957, 1.2663401365280151, 1.7075939178466797, 1.635498046875, 1.956298828125, 1.788787841796875, 1.540283203125
61614, -1.760857105255127, -0.39918220043182373, 3.0457777976989746, 0.019879605621099472, -0.10674358159303665, 1.163429617881775, 0.15660448372364044, 0.06808528304100037, -0.01041070744395256, 0.05004206299781799, -0.1013760194182396, 1.1422818899154663, 3.8090838286691033, 1.9142040095356379, -6.385646252198123, 36479.0, 31190.0, 31734.0, 37299.0, 8.092562675476074, -89.14136505126953, 12.180505752563477, 534.4271850585938, 0.3045220971107483, 1.9135563373565674, 0.9219639301300049, 1.2663401365280151, 1.7075939178466797, 1.635498046875, 1.956298828125, 1.788787841796875, 1.56591796875
61624, -1.8777533769607544, -0.1335502713918686, 1.980979084968567, 0.022535067051649094, -0.10751928389072418, 1.1616843938827515, 0.16030313074588776, 0.06519141048192978, -0.00826303567737341, 0.0500665158033371, -0.09955824166536331, 1.1410760879516602, 3.7656244610245255, 1.6328616531598072, -8.557667170051554, 36479.0, 31190.0, 31734.0, 37299.0, 8.092562675476074, -34.47567367553711, 28.97222328186035, -304.080078125, 0.3045220971107483, 1.9135563373565674, 0.9219639301300049, 1.2663401365280151, 1.7075939178466797, 1.635498046875, 1.956298828125, 1.788787841796875, 1.552001953125
61634, -1.5058705806732178, -0.20322084426879883, -0.15588286519050598, 0.024142824113368988, -0.10683978348970413, 1.161998987197876, 0.16100642085075378, 0.07084938138723373, 0.0711788758635521, 0.05070576071739197, -0.09762703627347946, 1.1401774883270264, 4.375124846984983, 1.1423244708787763, -9.842579133307447, 36479.0, 31190.0, 31734.0, 37299.0, 8.013224601745605, -34.47567367553711, 28.97222328186035, -304.080078125, 0.12127841264009476, 0.14329756796360016, 1.2376734018325806, 1.2663401365280151, 1.7075939178466797, 1.635498046875, 1.956298828125, 1.788787841796875, 1.552001953125
61644, -0.6292393207550049, -0.1343054324388504, -0.5019630193710327, 0.0257527194917202, -0.10613591223955154, 1.1620795726776123, 0.1609087884426117, 0.07079537212848663, -0.05504800006747246, 0.050544049590826035, -0.09751331806182861, 1.1416816711425781, 4.648386493600756, 1.7674671699078601, -9.306727315909287, 36479.0, 31190.0, 31734.0, 37299.0, 8.013224601745605, -34.47567367553711, 28.97222328186035, -304.080078125, -0.1799388974905014, -0.9178241491317749, 2.5035574436187744, 1.2663401365280151, 1.7075939178466797, 1.635498046875, 1.956298828125, 1.788787841796875, 1.632568359375
61674, -0.2134639471769333, 0.3311447501182556, 0.2005014568567276, 0.03076750785112381, -0.10645492374897003, 1.160388708114624, 0.16244694590568542, 0.07035448402166367, -0.007840167731046677, 0.0507056750357151, -0.09754378348588943, 1.1400824785232544, 6.025742721256754, 1.4841889316036543, -3.7207437690949567, 36012.0, 31036.0, 34010.0, 37974.0, 7.99338960647583, -34.47567367553711, 28.97222328186035, -304.080078125, 0.3165220022201538, 2.092153787612915, 1.1188454627990723, 1.2663401365280151, 1.7075939178466797, 1.635498046875, 1.956298828125, 1.788787841796875, 1.552001953125
61684, -1.261930227279663, 0.30587756633758545, 3.2912697792053223, 0.03239253908395767, -0.10575211048126221, 1.1601979732513428, 0.16298170387744904, 0.07017681747674942, -0.030353257432579994, 0.051300399005413055, -0.10162389278411865, 1.1392340660095215, 3.5778666161132993, 1.3525792963377228, -1.3979527347818417, 36510.0, 30730.0, 33566.0, 37442.0, 8.05289363861084, -153.76600646972656, 14.49604606628418, -323.935546875, 0.1721736639738083, 0.6411840319633484, 2.245955228805542, 1.2663401365280151, 1.7075939178466797, 1.635498046875, 1.956298828125, 1.788787841796875, 1.552001953125
61694, -1.7628389596939087, 0.3813525140285492, 2.3085668087005615, 0.0340193547308445, -0.10504842549562454, 1.1599221229553223, 0.1625751405954361, 0.07075117528438568, -0.02474953420460224, 0.051255133002996445, -0.10137517750263214, 1.138373851776123, 0.4201736746975076, 1.6377474739349225, -2.8321458516972475, 36510.0, 30730.0, 33566.0, 37442.0, 8.05289363861084, -153.76600646972656, 14.49604606628418, -323.935546875, -0.21869799494743347, 1.290204644203186, -0.27925774455070496, 1.2663401365280151, 1.7075939178466797, 1.635498046875, 1.59521484375, 0.4058380126953125, 1.556396484375
61704, -1.552695393562317, 0.414592444896698, -0.1740347295999527, 0.03563906252384186, -0.10432104021310806, 1.1601006984710693, 0.16131849586963654, 0.07549826800823212, 0.06041048467159271, 0.05122286081314087, -0.10017215460538864, 1.1391652822494507, 3.7389516950223087, 1.8626661831159197, -7.038794312961037, 36510.0, 30730.0, 33566.0, 37442.0, 8.013224601745605, -153.76600646972656, 14.49604606628418, -323.935546875, 0.052510909736156464, 0.6826115250587463, 0.8771263957023621, 1.2663401365280151, 1.7075939178466797, 1.635498046875, 0.52734375, 34.6671142578125, 1.54833984375
61724, -0.03776722028851509, 0.46350210905075073, -1.3353946208953857, 0.038630977272987366, -0.1047084853053093, 1.1577136516571045, 0.1603420525789261, 0.07334298640489578, -0.05553548410534859, 0.05260530859231949, -0.09808844327926636, 1.1377758979797363, 4.201234171620589, 1.182583078943054, -9.800564457235334, 36335.0, 31052.0, 33482.0, 38001.0, 8.05289363861084, 10.519543647766113, -39.69277572631836, -61.11461639404297, 0.9120514392852783, -0.6821473836898804, 0.23565368354320526, 1.2663401365280151, 1.7075939178466797, 1.635498046875, 0.94482421875, 4.4117279052734375, 1.54833984375
61734, 0.44173046946525574, 0.41154661774635315, 2.527872323989868, 0.038630977272987366, -0.1047084853053093, 1.1577136516571045, 0.1603420525789261, 0.07334298640489578, -0.05553548410534859, 0.05193373188376427, -0.0977228507399559, 1.1379948854446411, 4.567320089734921, 1.718792242317619, -7.325600545802669, 36335.0, 31052.0, 33482.0, 38001.0, 8.05289363861084, 7.8161516189575195, -26.615331649780273, -70.90438842773438, 0.9120514392852783, -0.6821473836898804, 0.23565368354320526, 1.2663401365280151, 1.7075939178466797, 1.635498046875, 0.94482421875, 4.4117279052734375, 1.515380859375
61744, 0.21331699192523956, 0.7222567200660706, -0.07016154378652573, 0.038630977272987366, -0.1047084853053093, 1.1577136516571045, 0.1603420525789261, 0.07334298640489578, -0.05553548410534859, 0.051432814449071884, -0.09703724831342697, 1.1392719745635986, 4.767500398612347, 1.6153916200641447, -6.186717307199492, 36335.0, 31052.0, 33482.0, 38001.0, 8.05289363861084, -16.242319107055664, 3.9774110317230225, 255.53285217285156, 0.9120514392852783, -0.6821473836898804, 0.23565368354320526, 1.2663401365280151, 1.7075939178466797, 1.635498046875, 0.94482421875, 4.4117279052734375, 1.5263671875
61764, -1.5789178609848022, 0.7137042284011841, 1.3615686893463135, 0.044962327927351, -0.10173922032117844, 1.1582958698272705, 0.15707160532474518, 0.07403349876403809, -0.0024445015005767345, 0.052664078772068024, -0.10162900388240814, 1.134847640991211, 1.3229296226970266, 1.7803993778811673, -0.9079108385020156, 36335.0, 31052.0, 33482.0, 38001.0, 7.973554611206055, -211.21620178222656, -0.8197886347770691, -198.38702392578125, -0.39342939853668213, 0.46286213397979736, 0.073410764336586, 1.2663401365280151, 1.7075939178466797, 1.635498046875, 1.3095703125, 0.037139892578125, 1.541748046875
61784, -0.13204847276210785, 0.7508118152618408, -1.292438268661499, 0.0470026396214962, -0.10107435286045074, 1.1566882133483887, 0.15210196375846863, 0.07548975199460983, -0.018564464524388313, 0.0528801828622818, -0.09773953258991241, 1.1351287364959717, 3.3722122663177014, 1.8735517782302509, -9.30203292842294, 37298.0, 30972.0, 33344.0, 36768.0, 7.973554611206055, -211.21620178222656, -0.8197886347770691, -198.38702392578125, -0.12863604724407196, -1.886133074760437, 2.67710018157959, 1.2663401365280151, 1.7075939178466797, 1.635498046875, 1.3095703125, 0.037139892578125, 1.531494140625
61814, 0.6661067605018616, 0.786365270614624, -0.019853927195072174, 0.05150362476706505, -0.09875650703907013, 1.1569713354110718, 0.1483115404844284, 0.07801114767789841, 0.036410003900527954, 0.053146496415138245, -0.09683685749769211, 1.1350148916244507, 5.275186643334519, 1.8319750976940554, -4.3648596158241455, 36175.0, 31219.0, 35324.0, 38207.0, 7.99338960647583, -211.21620178222656, -0.8197886347770691, -198.38702392578125, -0.8796967267990112, -3.0327188968658447, 0.6105085611343384, 1.2663401365280151, 1.7075939178466797, 1.635498046875, 1.3095703125, 0.037139892578125, 1.531494140625
61824, 0.08430217951536179, 0.796894907951355, 2.92684268951416, 0.05150362476706505, -0.09875650703907013, 1.1569713354110718, 0.1483115404844284, 0.07801114767789841, 0.036410003900527954, 0.05369315296411514, -0.10148654133081436, 1.1342895030975342, 2.5060703649878078, 1.3903578750952192, -1.2842583361501896, 36175.0, 31219.0, 35324.0, 38207.0, 8.05289363861084, -211.21620178222656, -0.8197886347770691, -198.38702392578125, -0.8796967267990112, -3.0327188968658447, 0.6105085611343384, 1.2663401365280151, 1.7075939178466797, 1.635498046875, 1.3095703125, 0.037139892578125, 1.585693359375
61834, -1.2627612352371216, 0.8252685070037842, 1.4842369556427002, 0.05150362476706505, -0.09875650703907013, 1.1569713354110718, 0.1483115404844284, 0.07801114767789841, 0.036410003900527954, 0.0535147599875927, -0.10248947143554688, 1.1327879428863525, 0.10724512718803751, 1.720360699745413, -1.1141885979676711, 37249.0, 30815.0, 33908.0, 36933.0, 8.05289363861084, 71.28350830078125, -43.2340202331543, 173.2207794189453, -0.8796967267990112, -3.0327188968658447, 0.6105085611343384, 1.2663401365280151, 1.7075939178466797, 1.635498046875, 1.3095703125, 0.037139892578125, 1.585693359375
61854, 0.19259430468082428, 0.7356018424034119, -0.3315739929676056, 0.05544563755393028, -0.09728353470563889, 1.155112862586975, 0.138986274600029, 0.07490082830190659, 0.00882959458976984, 0.05301397666335106, -0.09735047817230225, 1.1333218812942505, 2.791949969315583, 1.6359934015838178, -9.604661821875405, 37249.0, 30815.0, 33908.0, 36933.0, 8.013224601745605, 97.42051696777344, 23.04182243347168, -182.7782745361328, 0.15982508659362793, -1.6270517110824585, 2.4593963623046875, 1.2663401365280151, 1.7075939178466797, 1.635498046875, 1.458984375, 0.1195831298828125, 1.59521484375
61864, 0.504210889339447, 0.5469088554382324, -0.7463222146034241, 0.05544563755393028, -0.09728353470563889, 1.155112862586975, 0.138986274600029, 0.07490082830190659, 0.00882959458976984, 0.05349663272500038, -0.09616471081972122, 1.1333943605422974, 0.25803902732514994, 2.3284369410329475, -9.6746397960482, 36454.0, 31135.0, 33845.0, 37945.0, 8.033059120178223, -22.590181350708008, -41.805442810058594, -315.828125, 0.15982508659362793, -1.6270517110824585, 2.4593963623046875, 1.2663401365280151, 1.7075939178466797, 1.635498046875, 1.458984375, 0.1195831298828125, 1.59521484375
61874, 0.9951388835906982, 0.5829954147338867, 0.6057876348495483, 0.05820467323064804, -0.09576836973428726, 1.154800295829773, 0.1360134482383728, 0.07535422593355179, 0.06509248912334442, 0.05305138975381851, -0.09679175168275833, 1.1340702772140503, 5.340134544323219, 1.281722566371542, -5.1514986692182045, 36454.0, 31135.0, 33845.0, 37945.0, 8.013224601745605, -22.590181350708008, -41.805442810058594, -315.828125, -0.5860788822174072, -2.913034439086914, 0.4356400966644287, 1.2663401365280151, 1.7075939178466797, 1.635498046875, 1.458984375, 0.1195831298828125, 1.54833984375
61914, -0.548133909702301, 0.5473376512527466, 2.015263795852661, 0.06093257665634155, -0.0952003225684166, 1.1529120206832886, 0.1262868195772171, 0.06561379134654999, 0.013506012037396431, 0.05349133163690567, -0.09395597875118256, 1.133027195930481, -0.09730862147359079, 1.4360539687932317, -9.441654954018208, 36074.0, 31244.0, 34388.0, 38363.0, 7.973554611206055, 34.46975326538086, -20.063114166259766, 89.51201629638672, 0.2602672874927521, 0.9792152643203735, -0.3637140095233917, 1.2663401365280151, 1.7075939178466797, 1.635498046875, 0.9697265625, 3.7187347412109375, 1.53515625
61924, 0.348915159702301, 0.39404264092445374, -1.0606188774108887, 0.062189847230911255, -0.09453515708446503, 1.1530977487564087, 0.125161275267601, 0.06733907759189606, 0.023659449070692062, 0.05394359678030014, -0.09733764827251434, 1.133564829826355, 3.2583020178575115, 0.5537169491148575, -2.1999265044574354, 37679.0, 31121.0, 32768.0, 36986.0, 8.013224601745605, 82.97856140136719, 16.85072135925293, -13.427907943725586, 0.5272523164749146, -0.8428171277046204, 2.3622682094573975, 1.2663401365280151, 1.7075939178466797, 1.635498046875, 0.9697265625, 3.7187347412109375, 1.53515625
61934, 0.5943132638931274, 0.21854934096336365, -0.5350828170776367, 0.06040681526064873, -0.09518252313137054, 1.1503154039382935, 0.11719076335430145, 0.0655377209186554, -0.08524183928966522, 0.05347280204296112, -0.09875675290822983, 1.1335129737854004, -1.1766912550741007, 0.8184191615649752, -1.6808460630983435, 36717.0, 31403.0, 33431.0, 38032.0, 8.033059120178223, -71.70745849609375, -51.72563171386719, -340.1964111328125, 0.4513102173805237, 0.35165292024612427, 0.833377480506897, 1.2663401365280151, 1.7075939178466797, 1.635498046875, 0.9697265625, 3.7187347412109375, 1.53515625
61944, 0.7626871466636658, 0.2922404408454895, -0.5525889992713928, 0.06157056242227554, -0.09453410655260086, 1.1501398086547852, 0.11598782241344452, 0.06355109810829163, 0.05012575536966324, 0.05348775535821915, -0.09546014666557312, 1.1348016262054443, 2.572280552819938, 0.9307192223031677, -9.095109632120188, 36652.0, 31476.0, 34356.0, 38296.0, 8.013224601745605, 98.4425048828125, -3.621323823928833, 654.0737915039062, -0.38468849658966064, -2.821367025375366, 0.28209298849105835, 1.2663401365280151, 1.7075939178466797, 1.635498046875, 0.9697265625, 3.7187347412109375, 1.53515625
61954, 1.2148493528366089, 0.3834656774997711, 0.8390330672264099, 0.06272856891155243, -0.09390353411436081, 1.1506283283233643, 0.11561738699674606, 0.06257135421037674, 0.047581747174263, 0.05481060594320297, -0.09423013776540756, 1.1355186700820923, 3.3511281033031226, 0.3201030029751166, -10.610181403760317, 36652.0, 31476.0, 34356.0, 38296.0, 7.99338960647583, 2.8548927307128906, -2.2497029304504395, -226.6416778564453, -0.23575955629348755, 1.57034170627594, 1.2104668617248535, 1.2663401365280151, 1.7075939178466797, 1.635498046875, 0.9697265625, 3.7187347412109375, 1.53515625
61974, -1.0196658372879028, 0.5295295119285583, 1.7663869857788086, 0.06503644585609436, -0.0926642045378685, 1.150620460510254, 0.11497391760349274, 0.06048648804426193, -0.011037341319024563, 0.0547187477350235, -0.09683332592248917, 1.1358178853988647, -0.4451034767947821, 0.5471556738703782, -1.362769758471696, 37183.0, 30984.0, 33730.0, 37603.0, 8.05289363861084, -36.7452392578125, 0.03488290309906006, -160.6416015625, 0.27643638849258423, 0.21063844859600067, 1.835801362991333, 1.2663401365280151, 1.7075939178466797, 1.635498046875, 0.9697265625, 3.7187347412109375, 1.54248046875
61984, -0.7267057299613953, 0.6128039360046387, 2.299323320388794, 0.062353815883398056, -0.09339582175016403, 1.148116946220398, 0.10416509956121445, 0.05553252995014191, -0.01398138701915741, 0.05498519539833069, -0.09261954575777054, 1.1374539136886597, 2.8326122762789736, 0.44382363932430735, -10.140790899997926, 38368.0, 30818.0, 33221.0, 36528.0, 7.99338960647583, 45.979915618896484, 27.520002365112305, -451.05767822265625, 0.27643638849258423, 0.21063844859600067, 1.835801362991333, 1.2663401365280151, 1.7075939178466797, 1.635498046875, 0.9697265625, 3.7187347412109375, 1.54248046875
61994, 0.1048196330666542, 0.4149138629436493, -1.6879373788833618, 0.06338892132043839, -0.09282878786325455, 1.1481555700302124, 0.10279453545808792, 0.05768128111958504, 0.021715203300118446, 0.05544406920671463, -0.09208163619041443, 1.1396615505218506, 3.559916683707927, 0.4245995925313366, -8.485430620436391, 38025.0, 30647.0, 32841.0, 36990.0, 7.99338960647583, 109.91168212890625, 6.434396743774414, -27.815196990966797, 0.885921835899353, -0.011931871995329857, 2.245728015899658, 1.2663401365280151, 1.7075939178466797, 1.635498046875, 0.9697265625, 3.7187347412109375, 1.54248046875
62004, 0.39150163531303406, 0.2566693127155304, -0.8666862845420837, 0.06441796571016312, -0.0922531709074974, 1.1477843523025513, 0.10290507227182388, 0.05927836149930954, -0.09588470309972763, 0.055681854486465454, -0.0954580157995224, 1.1407861709594727, 2.8491629823283056, 0.6258350266006403, -1.3046334374893984, 37045.0, 30838.0, 33729.0, 38138.0, 8.033059120178223, -110.83802795410156, -48.538333892822266, -241.9032745361328, 0.19918140769004822, 0.046360090374946594, 1.0320451259613037, 1.2663401365280151, 1.7075939178466797, 1.635498046875, 0.9697265625, 3.7187347412109375, 1.54248046875
62064, -0.4434695243835449, 0.5366528630256653, -1.6914077997207642, 0.06623166799545288, -0.09131806343793869, 1.1447821855545044, 0.08702580630779266, 0.0524580292403698, 0.011823322623968124, 0.05809628218412399, -0.08866207301616669, 1.1441164016723633, 5.473453579421346, -0.5139125054107012, -3.737738221983534, 36555.0, 31149.0, 35232.0, 38692.0, 8.013224601745605, -110.83802795410156, -48.538333892822266, -241.9032745361328, 0.1401461958885193, 0.2856678366661072, -0.6630216836929321, 1.2663401365280151, 1.7075939178466797, 1.635498046875, 1.412109375, 0.0526123046875, 1.5234375
62074, -0.21261903643608093, 0.365544855594635, -0.5267239212989807, 0.06623166799545288, -0.09131806343793869, 1.1447821855545044, 0.08702580630779266, 0.0524580292403698, 0.011823322623968124, 0.05927157402038574, -0.09136629104614258, 1.1436834335327148, 3.868591833506059, -0.755678717164102, -1.4070531596203026, 37483.0, 30746.0, 33620.0, 38262.0, 8.013224601745605, -110.83802795410156, -48.538333892822266, -241.9032745361328, 0.1401461958885193, 0.2856678366661072, -0.6630216836929321, 1.2663401365280151, 1.7075939178466797, 1.635498046875, 1.412109375, 0.0526123046875, 1.5234375
62084, -0.3768741190433502, 0.4539158344268799, -1.4374653100967407, 0.06623166799545288, -0.09131806343793869, 1.1447821855545044, 0.08702580630779266, 0.0524580292403698, 0.011823322623968124, 0.05845813825726509, -0.09285831451416016, 1.1437753438949585, 1.5773545292850621, -0.390612715324437, -0.9279016927934453, 37483.0, 30746.0, 33620.0, 38262.0, 8.013224601745605, 135.77279663085938, -16.128971099853516, 557.5553588867188, 0.1401461958885193, 0.2856678366661072, -0.6630216836929321, 1.2663401365280151, 1.7075939178466797, 1.635498046875, 1.412109375, 0.0526123046875, 1.55126953125
62094, 0.4214746356010437, 0.5273191928863525, 0.7692293524742126, 0.06504768133163452, -0.09219128638505936, 1.142207145690918, 0.07494185119867325, 0.04918312281370163, 0.031114621087908745, 0.05958326905965805, -0.0926668792963028, 1.1458381414413452, 2.419607168457826, -0.06216477637892126, -6.595702116528675, 37483.0, 30746.0, 33620.0, 38262.0, 8.013224601745605, 18.2014102935791, 17.880373001098633, -193.64614868164062, 0.1401461958885193, 0.2856678366661072, -0.6630216836929321, 1.2663401365280151, 1.7075939178466797, 1.635498046875, 1.412109375, 0.0526123046875, 1.52490234375
62104, 0.11801709979772568, 0.46939021348953247, 1.0371886491775513, 0.06579571962356567, -0.09169825166463852, 1.1422053575515747, 0.07477273046970367, 0.05033024773001671, -0.0314771831035614, 0.060075365006923676, -0.08942276984453201, 1.1463067531585693, 2.9821709246496733, -0.3172488892871854, -11.21392236364167, 37483.0, 30746.0, 33620.0, 38262.0, 8.05289363861084, -208.30966186523438, -30.49958038330078, 355.12481689453125, 0.1401461958885193, 0.2856678366661072, -0.6630216836929321, 1.2663401365280151, 1.7075939178466797, 1.635498046875, 1.412109375, 0.0526123046875, 1.52490234375
62184, -2.6006197929382324, 0.0032228941563516855, 2.1733293533325195, 0.06703732907772064, -0.0900123119354248, 1.1390470266342163, 0.06230214983224869, 0.05694504454731941, -0.030629035085439682, 0.0659656673669815, -0.0870097279548645, 1.1509395837783813, 2.814573089832158, -1.0768354711163681, -11.665726994060666, 38187.0, 31095.0, 34508.0, 37927.0, 8.033059120178223, -10.75009536743164, 0.7920253872871399, -14.975889205932617, -0.2651665508747101, 1.8803430795669556, 0.8149942755699158, 1.2663401365280151, 1.7075939178466797, 1.635498046875, 1.412109375, 0.0526123046875, 1.528564453125
62194, -2.089308023452759, 0.016111023724079132, 2.7242770195007324, 0.06703732907772064, -0.0900123119354248, 1.1390470266342163, 0.06230214983224869, 0.05694504454731941, -0.030629035085439682, 0.06663940846920013, -0.08770245313644409, 1.1529611349105835, 3.5176015448028233, -0.979013916606533, -10.406951388025796, 39394.0, 31143.0, 33696.0, 36747.0, 7.9537200927734375, -10.75009536743164, 0.7920253872871399, -14.975889205932617, -0.2651665508747101, 1.8803430795669556, 0.8149942755699158, 1.2663401365280151, 1.7075939178466797, 1.635498046875, 1.412109375, 0.0526123046875, 1.528564453125
62204, -1.0762971639633179, -0.2152004987001419, -1.338067889213562, 0.065115787088871, -0.09034603089094162, 1.1373907327651978, 0.0520281158387661, 0.05844231694936752, 0.010941904969513416, 0.06766749173402786, -0.08532153815031052, 1.152895450592041, 1.6292184962008527, -0.9936969304848162, -7.213510011925143, 39394.0, 31143.0, 33696.0, 36747.0, 7.9537200927734375, 92.76924133300781, 22.926517486572266, 118.10562896728516, -0.2651665508747101, 1.8803430795669556, 0.8149942755699158, 1.2663401365280151, 1.7075939178466797, 1.635498046875, 1.412109375, 0.0526123046875, 1.547607421875
62214, -0.9730986952781677, -0.4184457063674927, -0.5632143020629883, 0.065115787088871, -0.09034603089094162, 1.1373907327651978, 0.0520281158387661, 0.05844231694936752, 0.010941904969513416, 0.06802204251289368, -0.0859668180346489, 1.1545045375823975, 5.216769093178848, -0.8842785427109732, -2.5297439002146884, 39394.0, 31143.0, 33696.0, 36747.0, 8.013224601745605, 92.76924133300781, 22.926517486572266, 118.10562896728516, 0.5069162845611572, -0.6214471459388733, 0.7392473220825195, 1.2663401365280151, 1.7075939178466797, 1.635498046875, 1.412109375, 0.0526123046875, 1.543212890625
62274, -0.6617249846458435, -0.4641902446746826, -1.5494228601455688, 0.06517596542835236, -0.08849209547042847, 1.1369311809539795, 0.046882446855306625, 0.06697709113359451, 0.02761910669505596, 0.0741920992732048, -0.08691386878490448, 1.158944845199585, 1.7738567997560892, 0.22199297598135104, -8.46413180466031, 38394.0, 30845.0, 33557.0, 37362.0, 7.99338960647583, 121.6969223022461, -15.022967338562012, 538.1971435546875, 0.24848271906375885, -0.912095308303833, 2.7922914028167725, 1.1494907140731812, 1.0087165832519531, 1.578369140625, 1.412109375, 0.0526123046875, 1.54248046875
62314, -0.24748151004314423, -0.5249919295310974, 1.9372674226760864, 0.0634719654917717, -0.08914508670568466, 1.1369661092758179, 0.04194832965731621, 0.06577517837285995, 0.06231335178017616, 0.0770738497376442, -0.09242312610149384, 1.1611610651016235, 1.0240035539059722, 0.850288614539096, -2.5691064756152078, 36717.0, 31255.0, 35754.0, 38796.0, 8.072728157043457, 121.6969223022461, -15.022967338562012, 538.1971435546875, -0.13726472854614258, 2.2794547080993652, 1.3236465454101562, 1.1494907140731812, 1.0087165832519531, 1.578369140625, 1.100830078125, 1.2566680908203125, 1.54248046875
62324, -1.9758118391036987, -0.5685773491859436, 1.4918385744094849, 0.0634719654917717, -0.08914508670568466, 1.1369661092758179, 0.04194832965731621, 0.06577517837285995, 0.06231335178017616, 0.07943259179592133, -0.08873777091503143, 1.163488745689392, 2.6218939009122098, 0.4901419029897056, -7.987113759895921, 37911.0, 30942.0, 34835.0, 37507.0, 8.072728157043457, 80.22967529296875, -40.76304244995117, 143.74569702148438, -0.13726472854614258, 2.2794547080993652, 1.3236465454101562, 1.1494907140731812, 1.0087165832519531, 1.578369140625, 1.100830078125, 1.2566680908203125, 1.54248046875
62334, -1.3668739795684814, -0.5367996096611023, 0.9528266787528992, 0.0634719654917717, -0.08914508670568466, 1.1369661092758179, 0.04194832965731621, 0.06577517837285995, 0.06231335178017616, 0.08070003986358643, -0.0863848477602005, 1.162968397140503, 2.7581789168316306, 0.16752130213146188, -11.195564804560068, 38665.0, 30881.0, 34090.0, 36727.0, 8.072728157043457, 102.11820983886719, 33.884803771972656, -414.5625915527344, -0.13726472854614258, 2.2794547080993652, 1.3236465454101562, 1.1494907140731812, 1.0087165832519531, 1.578369140625, 1.100830078125, 1.2566680908203125, 1.54248046875
62404, -0.9771696925163269, -0.9390257596969604, 0.7501640915870667, 0.06270581483840942, -0.08621338754892349, 1.1392114162445068, 0.04064713418483734, 0.06368077546358109, 0.04876093193888664, 0.08651416003704071, -0.09156546741724014, 1.1672439575195312, 0.6268994267053656, 1.8508347832647303, -2.6633201860270894, 38665.0, 30881.0, 34090.0, 36727.0, 7.973554611206055, 0.2323412448167801, -44.34008026123047, -353.3607177734375, -0.11996033042669296, 1.3520344495773315, -0.04980982840061188, 1.1494907140731812, 1.0087165832519531, 1.578369140625, 1.100830078125, 1.2566680908203125, 1.53369140625
62424, -0.15524518489837646, -1.3584729433059692, -1.7309644222259521, 0.06353344768285751, -0.0849093347787857, 1.139162540435791, 0.041749488562345505, 0.06767567247152328, -0.070868119597435, 0.09078393876552582, -0.08530044555664062, 1.1677515506744385, 2.405245156286192, 0.7851172700070492, -10.81202474768367, 38665.0, 30881.0, 34090.0, 36727.0, 7.99338960647583, 0.2323412448167801, -44.34008026123047, -353.3607177734375, 1.0272465944290161, -0.9748817682266235, 0.09555357694625854, 1.1494907140731812, 1.0087165832519531, 1.578369140625, 1.100830078125, 1.2566680908203125, 1.5615234375
62434, 0.5936328768730164, -1.391930341720581, -0.05344170331954956, 0.06353344768285751, -0.0849093347787857, 1.139162540435791, 0.041749488562345505, 0.06767567247152328, -0.070868119597435, 0.09218145906925201, -0.08661972731351852, 1.1700575351715088, 2.3656061534233848, 1.9161225559053037, -8.863092900130535, 37143.0, 31797.0, 36736.0, 38521.0, 7.99338960647583, 47.42961883544922, -2.2684853076934814, 272.2900695800781, 1.0272465944290161, -0.9748817682266235, 0.09555357694625854, 1.1494907140731812, 1.0087165832519531, 1.578369140625, 1.100830078125, 1.2566680908203125, 1.5615234375
62444, 0.8482375144958496, -1.3406273126602173, -0.3673098683357239, 0.06353344768285751, -0.0849093347787857, 1.139162540435791, 0.041749488562345505, 0.06767567247152328, -0.070868119597435, 0.09235981106758118, -0.08559854328632355, 1.1713544130325317, 3.89115519774441, 1.897274658785932, -6.888517408489426, 36676.0, 31809.0, 36598.0, 38877.0, 7.99338960647583, 0.964146614074707, -0.6508711576461792, 1.1150016784667969, 1.0272465944290161, -0.9748817682266235, 0.09555357694625854, 1.1494907140731812, 1.0087165832519531, 1.578369140625, 1.100830078125, 1.2566680908203125, 1.5615234375
62464, -1.5913047790527344, -1.3951146602630615, 0.48900869488716125, 0.06355186551809311, -0.08428524434566498, 1.1406035423278809, 0.04744754359126091, 0.061618756502866745, 0.0009046813356690109, 0.09510689973831177, -0.08841539174318314, 1.1718097925186157, 3.256971892631292, 1.5558453214695476, -0.989293984954318, 36676.0, 31809.0, 36598.0, 38877.0, 8.013224601745605, 92.17236328125, -40.52448654174805, 170.71360778808594, -0.6089780926704407, 1.8316433429718018, 1.1051452159881592, 1.1494907140731812, 1.0087165832519531, 1.578369140625, 1.100830078125, 1.2566680908203125, 1.54248046875
62514, 0.9524599313735962, -1.7118537425994873, -0.21322356164455414, 0.06473178416490555, -0.08356459438800812, 1.142270565032959, 0.0574830025434494, 0.06083555892109871, 0.025713356211781502, 0.09893717616796494, -0.08579631894826889, 1.1747276782989502, 3.500686821457106, 2.862197225559754, -9.456935607603103, 37182.0, 32109.0, 37593.0, 38534.0, 7.99338960647583, 13.99271297454834, -23.263835906982422, -264.9400634765625, 0.1844443678855896, 2.622044801712036, 1.1816879510879517, 1.1494907140731812, 1.0087165832519531, 1.578369140625, 1.100830078125, 1.2566680908203125, 1.5322265625
62544, -0.822354793548584, -1.6816223859786987, 0.4904264509677887, 0.06657028198242188, -0.08177898824214935, 1.1423330307006836, 0.06663331389427185, 0.0598197877407074, 0.030832145363092422, 0.10208627581596375, -0.08872053027153015, 1.1752674579620361, 3.2504765918452865, 2.667696369270857, -1.5033336766947043, 38679.0, 31478.0, 35090.0, 36668.0, 7.933885097503662, 82.1181869506836, 39.61101531982422, -629.3194580078125, -0.31816554069519043, -0.8824112415313721, 0.7164376974105835, 1.1494907140731812, 1.0087165832519531, 1.578369140625, 1.100830078125, 1.2566680908203125, 1.56005859375
62554, 0.13575869798660278, -1.8362563848495483, -2.783067464828491, 0.06657028198242188, -0.08177898824214935, 1.1423330307006836, 0.06663331389427185, 0.0598197877407074, 0.030832145363092422, 0.10218071937561035, -0.08999458700418472, 1.1739896535873413, 1.1226674407645245, 3.3395084159646444, -1.318344268292758, 37947.0, 31630.0, 35271.0, 37386.0, 7.973554611206055, 82.1181869506836, 39.61101531982422, -629.3194580078125, -0.31816554069519043, -0.8824112415313721, 0.7164376974105835, 1.1494907140731812, 1.0087165832519531, 1.578369140625, 1.100830078125, 1.2566680908203125, 1.56005859375
62564, -0.32341721653938293, -1.9524840116500854, -1.5590565204620361, 0.06665528565645218, -0.08262238651514053, 1.1437758207321167, 0.06595878303050995, 0.058178842067718506, -0.07328947633504868, 0.10373583436012268, -0.08888918906450272, 1.17519211769104, -0.06160664955009142, 3.0730101144712307, -4.6165996982365405, 37947.0, 31630.0, 35271.0, 37386.0, 7.973554611206055, 24.35096549987793, -16.022043228149414, -255.606689453125, -0.31816554069519043, -0.8824112415313721, 0.7164376974105835, 1.1494907140731812, 1.0087165832519531, 1.578369140625, 1.100830078125, 1.2566680908203125, 1.573974609375
62574, 0.6234573125839233, -1.9308981895446777, 0.5630552768707275, 0.0673585832118988, -0.08204597234725952, 1.1439223289489746, 0.07512594014406204, 0.05870943143963814, 0.10256581753492355, 0.10338306427001953, -0.08711515367031097, 1.1764726638793945, 3.351752834182817, 3.769969697336336, -8.138835817079501, 37947.0, 31630.0, 35271.0, 37386.0, 8.013224601745605, 43.07571029663086, -5.959018707275391, 204.31149291992188, -0.31816554069519043, -0.8824112415313721, 0.7164376974105835, 1.1494907140731812, 1.0087165832519531, 1.578369140625, 1.100830078125, 1.2566680908203125, 1.573974609375
62594, 0.032545942813158035, -1.7149442434310913, 2.342496395111084, 0.06888368725776672, -0.08086025714874268, 1.1446664333343506, 0.07810727506875992, 0.05962807312607765, -0.008232642896473408, 0.1057848259806633, -0.08396890014410019, 1.1757060289382935, 0.6919629672359118, 3.8652193532341528, -8.435103396162374, 37947.0, 31630.0, 35271.0, 37386.0, 8.033059120178223, -8.43696403503418, -7.537874698638916, 32.95918655395508, -0.6275917291641235, 1.743086576461792, 1.1398922204971313, 1.1494907140731812, 1.0087165832519531, 1.578369140625, 1.100830078125, 1.2566680908203125, 1.59375
62614, -0.7734733819961548, -1.6209661960601807, 0.7254955172538757, 0.06970725208520889, -0.08136880397796631, 1.1469014883041382, 0.08354950696229935, 0.05495266988873482, 0.04162467271089554, 0.10643450170755386, -0.0888756811618805, 1.1764148473739624, 3.375843797102607, 3.337277884491101, -1.4363728798165283, 37947.0, 31630.0, 35271.0, 37386.0, 7.973554611206055, -8.43696403503418, -7.537874698638916, 32.95918655395508, -0.12245220690965652, 1.2632343769073486, 0.12843461334705353, 1.1494907140731812, 1.0087165832519531, 1.578369140625, 0.77783203125, 11.624603271484375, 1.560791015625
62644, 0.5747647285461426, -1.6613054275512695, 1.0563304424285889, 0.07231001555919647, -0.07965598255395889, 1.1468567848205566, 0.09465968608856201, 0.05934366211295128, 0.10519284009933472, 0.10648670047521591, -0.08832055330276489, 1.1757705211639404, 4.218483689791206, 4.1148022657470165, -7.436593322727467, 37947.0, 31630.0, 35271.0, 37386.0, 7.99338960647583, 26.7242431640625, -25.80710220336914, -213.0791778564453, -0.3902569115161896, -2.537109851837158, 0.6597555875778198, 1.1494907140731812, 1.0087165832519531, 1.578369140625, 0.77783203125, 11.624603271484375, 1.560791015625
62684, -0.8542795181274414, -1.1018129587173462, 1.1412125825881958, 0.07231001555919647, -0.07965598255395889, 1.1468567848205566, 0.09465968608856201, 0.05934366211295128, 0.10519284009933472, 0.1070561334490776, -0.08599111437797546, 1.1752761602401733, 5.052744337583757, 4.102493121772568, -3.706777455572923, 38334.0, 31259.0, 33496.0, 36209.0, 8.013224601745605, 73.64842224121094, 32.14647674560547, -676.141357421875, -0.13481885194778442, -0.7853450775146484, 0.6739449501037598, 1.1494907140731812, 1.0087165832519531, 1.578369140625, 0.77783203125, 11.624603271484375, 1.553466796875
62694, 0.013425245881080627, -1.172566533088684, -2.9565062522888184, 0.07231001555919647, -0.07965598255395889, 1.1468567848205566, 0.09465968608856201, 0.05934366211295128, 0.10519284009933472, 0.10754495859146118, -0.08916688710451126, 1.1750818490982056, 3.702328901053599, 3.6302258075272675, -1.747216221428348, 37474.0, 31326.0, 33741.0, 36992.0, 8.013224601745605, 5.8964152336120605, 14.042960166931152, 370.7549133300781, -0.13481885194778442, -0.7853450775146484, 0.6739449501037598, 1.1494907140731812, 1.0087165832519531, 1.578369140625, 0.77783203125, 11.624603271484375, 1.553466796875
62714, 0.3522483706474304, -0.930397093296051, 0.7983579039573669, 0.0789162665605545, -0.07809498906135559, 1.1502374410629272, 0.10986796766519547, 0.05930840224027634, 0.10157414525747299, 0.10760274529457092, -0.09111204743385315, 1.1735628843307495, -0.3310419660763186, 3.929241399636709, -3.5466220694432757, 37474.0, 31326.0, 33741.0, 36992.0, 8.013224601745605, -10.480818748474121, -46.75712585449219, -287.3258361816406, -0.44240647554397583, -2.6393754482269287, 0.70325767993927, 1.1494907140731812, 1.0087165832519531, 1.578369140625, 0.77783203125, 11.624603271484375, 1.53369140625
62784, 0.24383960664272308, 0.08496329933404922, 0.0035314231645315886, 0.08710435032844543, -0.07922074943780899, 1.1573586463928223, 0.1163535788655281, 0.052674878388643265, 0.09782278537750244, 0.10513891279697418, -0.09135806560516357, 1.169290542602539, 0.03636691559813041, 3.6361126433052675, -4.460826779718868, 37474.0, 31326.0, 33741.0, 36992.0, 8.013224601745605, 81.00541687011719, -26.953413009643555, 397.520263671875, 0.839749276638031, -1.159972906112671, 0.3799537122249603, 1.1494907140731812, 1.0087165832519531, 1.578369140625, 2.042724609375, 2.614288330078125, 1.5673828125
62804, 0.1531175822019577, 0.47363635897636414, 2.5468897819519043, 0.0894332006573677, -0.07816022634506226, 1.1585278511047363, 0.1166115552186966, 0.05351245403289795, 0.01805078238248825, 0.10386081039905548, -0.09025905281305313, 1.1683647632598877, 3.623226566285431, 3.2769244866026668, -10.210792483960507, 35699.0, 31115.0, 34791.0, 37825.0, 8.033059120178223, 81.00541687011719, -26.953413009643555, 397.520263671875, -0.5715547204017639, 1.3209917545318604, 0.7620165348052979, 1.1494907140731812, 1.0087165832519531, 1.578369140625, 2.042724609375, 2.614288330078125, 1.581298828125
62814, -1.7728880643844604, 0.5483884215354919, 2.141618490219116, 0.0894332006573677, -0.07816022634506226, 1.1585278511047363, 0.1166115552186966, 0.05351245403289795, 0.01805078238248825, 0.10335586965084076, -0.08797035366296768, 1.1664544343948364, 1.6605247554372928, 3.267441851293512, -9.062015963761693, 36760.0, 30829.0, 33666.0, 36579.0, 8.072728157043457, 6.212867259979248, -31.902828216552734, -47.12944030761719, -0.5715547204017639, 1.3209917545318604, 0.7620165348052979, 1.1494907140731812, 1.0087165832519531, 1.578369140625, 2.042724609375, 2.614288330078125, 1.581298828125
62834, -0.20595470070838928, 0.8017295598983765, -1.5228215456008911, 0.09304769337177277, -0.0786430686712265, 1.1620858907699585, 0.11454401910305023, 0.049646247178316116, 0.039714474231004715, 0.100718192756176, -0.09328600764274597, 1.1646394729614258, 1.39195845831532, 3.2410801008456076, -1.0238589840979517, 37068.0, 30686.0, 32320.0, 36136.0, 8.033059120178223, 81.78805541992188, -4.889516353607178, 146.07948303222656, 0.03982750326395035, 0.9187213182449341, -0.43012210726737976, 1.1494907140731812, 1.0087165832519531, 1.578369140625, 2.042724609375, 2.614288330078125, 1.541748046875
62864, 0.6927792429924011, 1.2896348237991333, 0.8399290442466736, 0.09643722325563431, -0.07710693031549454, 1.162623405456543, 0.11029095202684402, 0.05248311161994934, 0.06294599175453186, 0.09814385324716568, -0.09131637215614319, 1.1617236137390137, 2.8662984096947537, 2.405933649724119, -11.108810921615556, 36164.0, 30998.0, 33867.0, 37189.0, 8.013224601745605, 125.99140167236328, -36.708656311035156, 540.932861328125, -0.27615827322006226, 1.390670895576477, 1.211297869682312, 1.1494907140731812, 1.0087165832519531, 1.578369140625, 1.21435546875, 0.3079071044921875, 1.541748046875
62914, -0.010105585679411888, 1.6608779430389404, -0.6310121417045593, 0.10181459039449692, -0.07751265913248062, 1.1659815311431885, 0.10216024518013, 0.04839632287621498, -0.0672159269452095, 0.09303802996873856, -0.0963788852095604, 1.1582602262496948, 1.2749475949833342, 2.3668197423177446, -5.2337521160124005, 37512.0, 30492.0, 32672.0, 35374.0, 8.033059120178223, -87.73185729980469, 7.96122932434082, -255.7741241455078, 0.7475579380989075, 0.9667955040931702, 1.6216813325881958, 1.1494907140731812, 1.0087165832519531, 1.578369140625, 1.21435546875, 0.3079071044921875, 1.5205078125
62944, 0.7834221720695496, 1.9841508865356445, 0.915737509727478, 0.10181459039449692, -0.07751265913248062, 1.1659815311431885, 0.10216024518013, 0.04839632287621498, -0.0672159269452095, 0.08976676315069199, -0.09280755370855331, 1.154955267906189, 2.6695785116133837, 1.4754036126530252, -8.442975190754021, 35297.0, 30844.0, 34705.0, 37579.0, 8.033059120178223, 28.739831924438477, 0.5079416632652283, -207.8990020751953, 0.1704992800951004, 1.681174635887146, 0.6447632908821106, 1.1494907140731812, 1.0087165832519531, 1.578369140625, 1.21435546875, 0.3079071044921875, 1.5234375
62964, -1.754542350769043, 2.171504020690918, 1.7068862915039062, 0.10647115856409073, -0.07821612805128098, 1.1685456037521362, 0.08645027130842209, 0.040832292288541794, -0.0342857725918293, 0.08810632675886154, -0.09611731022596359, 1.151125431060791, -0.42478593358638034, 0.7487126114788794, -1.09531655000904, 35297.0, 30844.0, 34705.0, 37579.0, 7.99338960647583, -190.0994873046875, 9.336176872253418, -308.072509765625, -0.4603056013584137, -0.6517553925514221, -0.2877889573574066, 1.1494907140731812, 1.0087165832519531, 1.578369140625, 1.21435546875, 0.3079071044921875, 1.546875
62984, 0.23680424690246582, 2.1198086738586426, -1.1274971961975098, 0.10777036845684052, -0.07943933457136154, 1.1700286865234375, 0.08014081418514252, 0.04016530513763428, -0.08301857858896255, 0.08608031272888184, -0.09385853260755539, 1.1502902507781982, 2.957850678156658, 1.1978940549866195, -9.66039087774535, 37238.0, 30456.0, 32506.0, 35653.0, 8.033059120178223, 87.2669677734375, -8.882859230041504, -404.0095520019531, -0.6494789719581604, -0.8214264512062073, 3.150303840637207, 1.1494907140731812, 1.0087165832519531, 1.578369140625, 1.70068359375, 0.6697845458984375, 1.546875
63004, 0.5065270662307739, 2.20564341545105, 1.857420802116394, 0.10926950722932816, -0.07862234115600586, 1.1692075729370117, 0.06698542088270187, 0.04259040206670761, 0.0682801827788353, 0.08478476852178574, -0.09092415869235992, 1.1477888822555542, -0.5465615887873992, 1.2071816627764917, -9.507099232925002, 36079.0, 30873.0, 34751.0, 37395.0, 8.033059120178223, 87.2669677734375, -8.882859230041504, -404.0095520019531, -0.31120702624320984, -1.8764405250549316, 1.0857892036437988, 1.1494907140731812, 1.0087165832519531, 1.578369140625, 1.70068359375, 0.6697845458984375, 1.55859375
63014, 0.9338379502296448, 2.1948084831237793, 0.36521413922309875, 0.10993795096874237, -0.07819604873657227, 1.169435977935791, 0.06664068251848221, 0.044412389397621155, -0.022619765251874924, 0.08433087170124054, -0.09266381710767746, 1.1474119424819946, 3.3850031484569776, 0.4080830625719898, -3.8030964622595014, 36079.0, 30873.0, 34751.0, 37395.0, 7.99338960647583, -47.304412841796875, -13.980942726135254, 316.9561462402344, -0.31120702624320984, -1.8764405250549316, 1.0857892036437988, 1.1494907140731812, 1.0087165832519531, 1.578369140625, 1.70068359375, 0.6697845458984375, 1.55859375
63024, -0.27892860770225525, 2.4153103828430176, 3.1754603385925293, 0.11058539152145386, -0.07775693386793137, 1.1692156791687012, 0.0628437027335167, 0.043515395373106, -0.02144964598119259, 0.08350321650505066, -0.09636363387107849, 1.1458330154418945, -0.3144317365403709, 0.08800850094019097, -1.5490626910242482, 36079.0, 30873.0, 34751.0, 37395.0, 8.05289363861084, -47.304412841796875, -13.980942726135254, 316.9561462402344, -0.31120702624320984, -1.8764405250549316, 1.0857892036437988, 1.1494907140731812, 1.0087165832519531, 1.578369140625, 1.70068359375, 0.6697845458984375, 1.55859375
63044, -0.8962420225143433, 2.40696120262146, 2.001844882965088, 0.11074677109718323, -0.07946507632732391, 1.1703076362609863, 0.05254223197698593, 0.03606536611914635, -0.018464909866452217, 0.0822959691286087, -0.09289683401584625, 1.1445361375808716, 1.4650295694333135, 0.3246534320115586, -10.423013155961655, 37623.0, 30381.0, 32692.0, 35479.0, 7.99338960647583, 93.38970947265625, -36.413082122802734, 201.9519500732422, -0.014114733785390854, 1.1063297986984253, 0.13219410181045532, 1.1494907140731812, 1.0087165832519531, 1.578369140625, 1.70068359375, 0.6697845458984375, 1.55859375
63064, -0.38233911991119385, 2.172011375427246, -1.1612111330032349, 0.11174817383289337, -0.07870371639728546, 1.1691631078720093, 0.04833041876554489, 0.04058603197336197, -0.1123160570859909, 0.08156266063451767, -0.09240023791790009, 1.1443352699279785, 2.0782270191471985, 0.09227492786678226, -7.446083609810975, 35979.0, 30737.0, 33673.0, 37366.0, 7.99338960647583, -15.164048194885254, -34.50873947143555, -248.04498291015625, 0.1202845647931099, -0.16985619068145752, 2.9713332653045654, 1.1494907140731812, 1.0087165832519531, 1.578369140625, 1.70068359375, 0.6697845458984375, 1.5263671875
63134, -0.058891940861940384, 1.7772563695907593, -0.8972631096839905, 0.11229662597179413, -0.07966120541095734, 1.1680004596710205, 0.020085440948605537, 0.03443779796361923, -0.055325448513031006, 0.08066629618406296, -0.09033504873514175, 1.1416577100753784, 1.8220956146526304, 0.0019270863500651103, -10.209559583791386, 36319.0, 30892.0, 33891.0, 37548.0, 8.033059120178223, -135.8598175048828, -36.452598571777344, -303.22418212890625, 0.6463618278503418, 0.6468931436538696, 2.4857935905456543, 1.1494907140731812, 1.0087165832519531, 1.578369140625, 1.70068359375, 0.6697845458984375, 1.52490234375
63164, 0.6864506602287292, 1.6081334352493286, 1.0721668004989624, 0.110959492623806, -0.08134572952985764, 1.1668219566345215, 0.004816905129700899, 0.029962832108139992, -0.018766241148114204, 0.08131410926580429, -0.09413599967956543, 1.1406009197235107, 1.4179680294148453, 0.007448376617247732, -4.322924745313065, 35717.0, 31035.0, 35868.0, 38322.0, 8.033059120178223, 134.32315063476562, -9.32110595703125, 418.70465087890625, -0.28227466344833374, 1.1269091367721558, 0.5008941888809204, 1.1494907140731812, 1.0087165832519531, 1.578369140625, 1.70068359375, 0.6697845458984375, 1.519775390625
63174, -1.475399136543274, 1.6264187097549438, 2.110022783279419, 0.110959492623806, -0.08134572952985764, 1.1668219566345215, 0.004816905129700899, 0.029962832108139992, -0.018766241148114204, 0.08152506500482559, -0.09201104938983917, 1.13908851146698, -1.982202762584462, 0.04849100769507686, -5.898954715144981, 36524.0, 30802.0, 35250.0, 37380.0, 8.05289363861084, -138.01318359375, 41.72382354736328, -294.3958435058594, -0.28227466344833374, 1.1269091367721558, 0.5008941888809204, 1.1494907140731812, 1.0087165832519531, 1.578369140625, 1.70068359375, 0.6697845458984375, 1.519775390625
63184, -1.6072190999984741, 1.5611659288406372, 2.041475296020508, 0.110959492623806, -0.08134572952985764, 1.1668219566345215, 0.004816905129700899, 0.029962832108139992, -0.018766241148114204, 0.08175376802682877, -0.09223518520593643, 1.1403074264526367, 1.282005045852079, 0.012476858346303743, -7.922732999595105, 36524.0, 30802.0, 35250.0, 37380.0, 7.973554611206055, -138.01318359375, 41.72382354736328, -294.3958435058594, -0.28227466344833374, 1.1269091367721558, 0.5008941888809204, 1.1494907140731812, 1.0087165832519531, 1.578369140625, 1.70068359375, 0.6697845458984375, 1.52490234375
63224, 0.415883868932724, 0.8573999404907227, 0.07419285178184509, 0.10845063626766205, -0.08145343512296677, 1.1623772382736206, -0.017760083079338074, 0.02910703234374523, -0.01812244951725006, 0.08317925035953522, -0.086631178855896, 1.1387007236480713, 4.664343856390395, -1.0609567502348796, -5.140576216187054, 36524.0, 30802.0, 35250.0, 37380.0, 7.973554611206055, 101.94891357421875, 17.40496826171875, -197.43885803222656, -0.48548024892807007, 0.2788526117801666, 1.1765047311782837, 1.1494907140731812, 1.0087165832519531, 1.578369140625, 1.70068359375, 0.6697845458984375, 1.535888671875
63234, 0.6996430158615112, 0.6644763946533203, -0.028554018586874008, 0.10845063626766205, -0.08145343512296677, 1.1623772382736206, -0.017760083079338074, 0.02910703234374523, -0.01812244951725006, 0.08394800126552582, -0.08883117139339447, 1.1376279592514038, 2.820213558674197, -0.9513331277708517, -4.690099317245866, 36122.0, 31510.0, 36998.0, 38468.0, 8.013224601745605, 101.94891357421875, 17.40496826171875, -197.43885803222656, 0.2642543613910675, 1.5803848505020142, 0.44646501541137695, 1.1494907140731812, 1.0087165832519531, 1.578369140625, 1.70068359375, 0.6697845458984375, 1.535888671875
63284, -1.1418700218200684, -0.1647339165210724, -2.9705417156219482, 0.10483105480670929, -0.08303841203451157, 1.1580698490142822, -0.02911490760743618, 0.026694281026721, -0.1653086543083191, 0.08623567223548889, -0.08404187858104706, 1.1366115808486938, 3.7506003477108663, -1.2039370723084915, -6.08476028613926, 37377.0, 31378.0, 35762.0, 37640.0, 8.013224601745605, 162.6099853515625, 29.5262508392334, 487.9999084472656, -0.9294794797897339, -0.29549869894981384, 2.3757760524749756, 1.1494907140731812, 1.0087165832519531, 1.578369140625, 1.70068359375, 0.6697845458984375, 1.5322265625
63294, 0.07427377253770828, -0.2758397161960602, 0.3737257719039917, 0.10483105480670929, -0.08303841203451157, 1.1580698490142822, -0.02911490760743618, 0.026694281026721, -0.1653086543083191, 0.08726721256971359, -0.08548924326896667, 1.1362794637680054, 2.39816427444908, -0.2425051760795327, -5.32868971283122, 37156.0, 32007.0, 37552.0, 38309.0, 7.9537200927734375, 162.6099853515625, 29.5262508392334, 487.9999084472656, -0.6061790585517883, -0.2760295867919922, 1.0403399467468262, 1.1494907140731812, 1.0087165832519531, 1.578369140625, 1.70068359375, 0.6697845458984375, 1.5322265625
63304, 0.31556078791618347, -0.4856698513031006, -0.4636460244655609, 0.10483105480670929, -0.08303841203451157, 1.1580698490142822, -0.02911490760743618, 0.026694281026721, -0.1653086543083191, 0.08705418556928635, -0.08902258425951004, 1.136285662651062, 1.7234848968325591, 0.4290780816256472, -6.083862807777258, 36577.0, 31753.0, 37565.0, 38772.0, 7.9537200927734375, -179.9773712158203, -7.68458366394043, 333.54345703125, -0.6061790585517883, -0.2760295867919922, 1.0403399467468262, 1.1494907140731812, 1.0087165832519531, 1.578369140625, 1.70068359375, 0.6697845458984375, 1.5322265625
63314, -1.6490178108215332, -0.3758314847946167, 2.170635461807251, 0.10087355971336365, -0.08487365394830704, 1.154891014099121, -0.035269077867269516, 0.025722524151206017, -0.0934431180357933, 0.08814501762390137, -0.08577850461006165, 1.1374937295913696, 2.7289820035947474, -0.03968443260302479, -8.282885768403812, 36577.0, 31753.0, 37565.0, 38772.0, 8.033059120178223, -179.9773712158203, -7.68458366394043, 333.54345703125, 0.29905810952186584, 1.2703355550765991, 2.021345376968384, 1.1494907140731812, 1.0087165832519531, 1.578369140625, 1.70068359375, 0.6697845458984375, 1.5322265625
63324, -2.467449188232422, -0.5652522444725037, 0.6833158731460571, 0.10052395612001419, -0.0846184715628624, 1.1538320779800415, -0.03466731682419777, 0.024526171386241913, -0.11838474124670029, 0.08931807428598404, -0.08251240849494934, 1.1357665061950684, 3.6943473279857817, -0.3403294450043006, -8.53954162132194, 36577.0, 31753.0, 37565.0, 38772.0, 8.033059120178223, 144.34640502929688, -4.822376728057861, 131.1759490966797, 0.29905810952186584, 1.2703355550765991, 2.021345376968384, 1.1494907140731812, 1.0087165832519531, 1.578369140625, 1.70068359375, 0.6697845458984375, 1.552734375
63404, -1.8371458053588867, -1.345479965209961, -2.459642171859741, 0.09575767815113068, -0.08496249467134476, 1.1490410566329956, -0.03252250328660011, 0.036184750497341156, -0.07635166496038437, 0.09421798586845398, -0.08161711692810059, 1.1358379125595093, 3.4452232719640916, 0.33218149627708726, -8.825235725828202, 38900.0, 31293.0, 36816.0, 36729.0, 7.933885097503662, 133.50001525878906, 18.421154022216797, 38.95170593261719, -0.11579509824514389, -0.1708337366580963, -0.5802406072616577, 1.1494907140731812, 1.0087165832519531, 1.578369140625, 1.70068359375, 0.6697845458984375, 1.5322265625
63414, -1.0510181188583374, -1.703900694847107, -1.4014124870300293, 0.09575767815113068, -0.08496249467134476, 1.1490410566329956, -0.03252250328660011, 0.036184750497341156, -0.07635166496038437, 0.0947132408618927, -0.08150027692317963, 1.1366829872131348, 3.6525494055667087, 0.2417459120700869, -7.192817836795484, 37907.0, 31490.0, 37340.0, 37758.0, 7.933885097503662, -103.79005432128906, -4.8517961502075195, -44.57394027709961, -0.11579509824514389, -0.1708337366580963, -0.5802406072616577, 1.1494907140731812, 1.0087165832519531, 1.578369140625, 1.70068359375, 0.6697845458984375, 1.53076171875
63424, -1.6528527736663818, -1.6844090223312378, -3.082388162612915, 0.09575767815113068, -0.08496249467134476, 1.1490410566329956, -0.03252250328660011, 0.036184750497341156, -0.07635166496038437, 0.09620855748653412, -0.08106759935617447, 1.135680079460144, 4.123352351721292, -0.5031950130773168, -6.7602288068553475, 37604.0, 31804.0, 37844.0, 38253.0, 8.013224601745605, -103.79005432128906, -4.8517961502075195, -44.57394027709961, 0.31813880801200867, -2.5917155742645264, 0.05757471174001694, 1.1494907140731812, 1.0087165832519531, 1.578369140625, 1.70068359375, 0.6697845458984375, 1.53076171875
63454, -2.172415256500244, -1.6496890783309937, 0.8312526345252991, 0.08898302167654037, -0.08664999157190323, 1.1447285413742065, -0.026674412190914154, 0.0433371476829052, -0.05430450290441513, 0.09871236979961395, -0.0839470773935318, 1.1363470554351807, -0.2595360454386576, 0.6225279023986445, -6.90486838042301, 37604.0, 31804.0, 37844.0, 38253.0, 8.033059120178223, -156.0973358154297, -0.7510064244270325, 378.3751220703125, 0.5506649017333984, 0.5570650696754456, 2.4326791763305664, 1.1494907140731812, 1.0087165832519531, 1.578369140625, 1.70068359375, 0.6697845458984375, 1.58935546875
63504, -0.1418803185224533, -2.182586669921875, 0.5461817979812622, 0.08640661835670471, -0.08652276545763016, 1.1424602270126343, -0.010764101520180702, 0.053126316517591476, 0.06268098950386047, 0.1024317592382431, -0.08128570765256882, 1.1371455192565918, 4.568559218974182, 0.5976871411395734, -5.685252884117062, 37604.0, 31804.0, 37844.0, 38253.0, 7.9537200927734375, -9.951115608215332, -18.911924362182617, -421.7622985839844, 0.3977850079536438, -2.4045088291168213, -0.04763762280344963, 1.1494907140731812, 1.0087165832519531, 1.578369140625, 1.70068359375, 0.6697845458984375, 1.56005859375
63514, -0.35130301117897034, -2.092167854309082, -2.0662546157836914, 0.08630213141441345, -0.08598965406417847, 1.142682433128357, -0.010480312630534172, 0.05537762492895126, -0.018184354528784752, 0.1026586964726448, -0.08606042712926865, 1.1376209259033203, 2.3958815595321856, 1.1588467701503475, -5.566046487373497, 37604.0, 31804.0, 37844.0, 38253.0, 8.013224601745605, -129.33811950683594, 13.65997314453125, 406.7903137207031, 0.3977850079536438, -2.4045088291168213, -0.04763762280344963, 1.1494907140731812, 1.0087165832519531, 1.578369140625, 1.70068359375, 0.6697845458984375, 1.56005859375
63524, -1.9105781316757202, -1.9564807415008545, 0.15635186433792114, 0.08630213141441345, -0.08598965406417847, 1.142682433128357, -0.010480312630534172, 0.05537762492895126, -0.018184354528784752, 0.10386893898248672, -0.08608115464448929, 1.136502742767334, 0.06265960662758328, 1.2309423933512846, -6.021056720648696, 37167.0, 31755.0, 38821.0, 38002.0, 8.033059120178223, -129.33811950683594, 13.65997314453125, 406.7903137207031, 0.5020014643669128, 0.3033211827278137, 2.4445369243621826, 1.1494907140731812, 1.0087165832519531, 1.578369140625, 1.70068359375, 0.6697845458984375, 1.56005859375
63534, -1.9771093130111694, -1.9515044689178467, -0.23845848441123962, 0.08616688847541809, -0.084876649081707, 1.1423265933990479, -0.003229126101359725, 0.05612427368760109, -0.019796837121248245, 0.10392022877931595, -0.08582243323326111, 1.138729214668274, 1.8935684753820308, 1.3500672535037097, -7.387273357778997, 37167.0, 31755.0, 38821.0, 38002.0, 8.033059120178223, -129.33811950683594, 13.65997314453125, 406.7903137207031, 0.5020014643669128, 0.3033211827278137, 2.4445369243621826, 1.1494907140731812, 1.0087165832519531, 1.578369140625, 1.70068359375, 0.6697845458984375, 1.56005859375
63564, -0.6337389945983887, -2.226991653442383, -3.2081124782562256, 0.08503081649541855, -0.08462930470705032, 1.141467809677124, 0.003929959610104561, 0.060991283506155014, -0.02265888638794422, 0.1053139939904213, -0.08235017210245132, 1.138633370399475, 2.8130876425195135, 1.7014556948001598, -7.135735258783665, 37167.0, 31755.0, 38821.0, 38002.0, 8.033059120178223, 137.3343963623047, 45.24229431152344, 544.457763671875, -0.5099973678588867, -0.7858906388282776, 2.6773858070373535, 1.1494907140731812, 1.0087165832519531, 1.578369140625, 1.70068359375, 0.6697845458984375, 1.53662109375
63574, 0.4229099154472351, -2.3922038078308105, 0.6482580304145813, 0.08511126041412354, -0.08401091396808624, 1.1417791843414307, 0.012118750251829624, 0.06267942488193512, 0.08493760228157043, 0.10597195476293564, -0.08115388453006744, 1.1403062343597412, 3.967397010455115, 1.2227537400527524, -6.97155276434113, 37167.0, 31755.0, 38821.0, 38002.0, 7.973554611206055, -19.185178756713867, -28.219697952270508, -448.6710205078125, -0.5099973678588867, -0.7858906388282776, 2.6773858070373535, 1.1494907140731812, 1.0087165832519531, 1.578369140625, 1.70068359375, 0.6697845458984375, 1.53662109375
63584, 0.1600165218114853, -2.226254463195801, -2.193500280380249, 0.0852334126830101, -0.08338390290737152, 1.1421624422073364, 0.01198748778551817, 0.0645909383893013, -0.008256681263446808, 0.10733406990766525, -0.08148858696222305, 1.1395694017410278, 4.697240580343533, 1.245104622669686, -5.877205120392115, 37167.0, 31755.0, 38821.0, 38002.0, 7.99338960647583, -19.185178756713867, -28.219697952270508, -448.6710205078125, 0.7339439988136292, 1.5306272506713867, 1.070042371749878, 1.1494907140731812, 1.0087165832519531, 1.578369140625, 1.70068359375, 0.6697845458984375, 1.53662109375
63624, 0.09542697668075562, -2.284013032913208, -1.6783020496368408, 0.0852142721414566, -0.08202487230300903, 1.1415427923202515, 0.022659268230199814, 0.0643145740032196, -0.0657338798046112, 0.10915770381689072, -0.08445915579795837, 1.1404696702957153, -0.1588449942753662, 1.4156691441319822, -7.201045890107669, 37167.0, 31755.0, 38821.0, 38002.0, 8.033059120178223, -32.42428207397461, 1.2056434154510498, 26.665382385253906, 0.013348646461963654, 0.7865988612174988, 1.2885407209396362, 1.1494907140731812, 1.0087165832519531, 1.578369140625, 1.70068359375, 0.6697845458984375, 1.53662109375
63644, 1.0049012899398804, -2.3817765712738037, 0.9357145428657532, 0.0852142721414566, -0.08202487230300903, 1.1415427923202515, 0.022659268230199814, 0.0643145740032196, -0.0657338798046112, 0.10927549749612808, -0.08305949717760086, 1.1407349109649658, 3.0973447003172456, 1.5514137029427957, -8.556699674987257, 36513.0, 32126.0, 39682.0, 38525.0, 7.99338960647583, -14.764551162719727, -41.02018356323242, -461.15899658203125, 0.5519468784332275, -1.9432992935180664, -0.2927777171134949, 1.1494907140731812, 1.0087165832519531, 1.578369140625, 1.70068359375, 0.6697845458984375, 1.53662109375
63654, 0.8090783953666687, -2.1540889739990234, -2.4091296195983887, 0.0852142721414566, -0.08202487230300903, 1.1415427923202515, 0.022659268230199814, 0.0643145740032196, -0.0657338798046112, 0.10942135006189346, -0.0820101946592331, 1.1410366296768188, 2.8932139358299866, 2.0132600500242575, -9.14934011429753, 36513.0, 32126.0, 39682.0, 38525.0, 7.99338960647583, -79.48714447021484, 15.799537658691406, 353.0782775878906, 0.5519468784332275, -1.9432992935180664, -0.2927777171134949, 1.1494907140731812, 1.0087165832519531, 1.578369140625, 1.70068359375, 0.6697845458984375, 1.54248046875
63664, -0.3927631080150604, -1.9534977674484253, -0.3463972806930542, 0.0852142721414566, -0.08202487230300903, 1.1415427923202515, 0.022659268230199814, 0.0643145740032196, -0.0657338798046112, 0.10921897739171982, -0.08198818564414978, 1.1428629159927368, 2.963257755071271, 1.8742396857331869, -8.328209165637865, 36725.0, 31861.0, 38994.0, 38135.0, 7.99338960647583, -145.38775634765625, 21.375036239624023, -315.047119140625, 0.5519468784332275, -1.9432992935180664, -0.2927777171134949, 1.1494907140731812, 1.0087165832519531, 1.578369140625, 1.70068359375, 0.6697845458984375, 1.54248046875
63674, -0.8099269270896912, -1.915137767791748, -0.7541546821594238, 0.0852142721414566, -0.08202487230300903, 1.1415427923202515, 0.022659268230199814, 0.0643145740032196, -0.0657338798046112, 0.10957328230142593, -0.08283944427967072, 1.1420753002166748, 2.8029802231277823, 2.133328872024066, -7.516208336572455, 36725.0, 31861.0, 38994.0, 38135.0, 7.99338960647583, 59.41527557373047, -3.1365175247192383, -115.71502685546875, 0.5519468784332275, -1.9432992935180664, -0.2927777171134949, 1.1494907140731812, 1.0087165832519531, 1.578369140625, 1.70068359375, 0.6697845458984375, 1.562255859375
63734, 0.09076598286628723, -1.7049310207366943, -0.4443679749965668, 0.08954788744449615, -0.0791047066450119, 1.1385749578475952, 0.06176414713263512, 0.05437419191002846, -0.046768274158239365, 0.1119372695684433, -0.08425650000572205, 1.145839810371399, 2.399170537314664, 2.343481425992479, -7.804080601282005, 36864.0, 31859.0, 38984.0, 38499.0, 8.05289363861084, 59.41527557373047, -3.1365175247192383, -115.71502685546875, 0.21910719573497772, 1.519633412361145, 1.963807463645935, 1.1494907140731812, 1.0087165832519531, 1.578369140625, 1.70068359375, 0.6697845458984375, 1.5556640625
63754, -0.23200057446956635, -1.6481965780258179, -3.210643768310547, 0.08954788744449615, -0.0791047066450119, 1.1385749578475952, 0.06176414713263512, 0.05437419191002846, -0.046768274158239365, 0.11280789971351624, -0.08071419596672058, 1.146447777748108, 0.5685095910484204, 2.4289257179027004, -6.970531856863823, 38388.0, 31473.0, 38564.0, 37175.0, 7.933885097503662, 117.69275665283203, 27.751567840576172, 199.74166870117188, -0.6662713885307312, -0.21234139800071716, -0.5003121495246887, 1.1494907140731812, 1.0087165832519531, 1.578369140625, 1.70068359375, 0.6697845458984375, 1.5673828125
63764, 0.7968857288360596, -1.7968120574951172, -1.5947060585021973, 0.0916726365685463, -0.07888547331094742, 1.1373645067214966, 0.07002168148756027, 0.049913499504327774, -0.09098055958747864, 0.11371565610170364, -0.08225660026073456, 1.1478140354156494, 5.0774801906568845, 1.7553795509610097, -5.942779969007314, 38388.0, 31473.0, 38564.0, 37175.0, 7.99338960647583, 117.69275665283203, 27.751567840576172, 199.74166870117188, -0.6915889978408813, -1.1064404249191284, 3.2477293014526367, 1.1494907140731812, 1.0087165832519531, 1.578369140625, 1.70068359375, 0.6697845458984375, 1.552734375
63774, 0.2502155900001526, -1.7077124118804932, -2.8949410915374756, 0.0916726365685463, -0.07888547331094742, 1.1373645067214966, 0.07002168148756027, 0.049913499504327774, -0.09098055958747864, 0.11460306495428085, -0.08470945060253143, 1.1473720073699951, 2.7009014544690086, 1.808559621763692, -5.570138627554014, 37280.0, 32026.0, 39371.0, 38501.0, 8.013224601745605, 117.69275665283203, 27.751567840576172, 199.74166870117188, -0.6915889978408813, -1.1064404249191284, 3.2477293014526367, 1.1494907140731812, 1.0087165832519531, 1.578369140625, 1.70068359375, 0.6697845458984375, 1.552734375
63794, 1.3014261722564697, -1.522925615310669, -2.5145084857940674, 0.09396399557590485, -0.07742524892091751, 1.1365807056427002, 0.0805322453379631, 0.04998070001602173, -0.03611857444047928, 0.11402910947799683, -0.0861152708530426, 1.149685025215149, 1.5951122520147736, 2.4656421334675827, -7.642887749361248, 37148.0, 32122.0, 39740.0, 38812.0, 7.973554611206055, 117.69275665283203, 27.751567840576172, 199.74166870117188, 0.758560061454773, 2.1250977516174316, 1.0070322751998901, 1.1494907140731812, 1.0087165832519531, 1.578369140625, 1.70068359375, 0.6697845458984375, 1.5556640625
63844, -0.011781446635723114, -1.2199065685272217, -2.760244846343994, 0.09824666380882263, -0.07609650492668152, 1.134452223777771, 0.09153386950492859, 0.04526696726679802, -0.08661813288927078, 0.11554814875125885, -0.08308379352092743, 1.1517517566680908, 3.4897796929302864, 2.3290280239492063, -6.906163488187261, 37509.0, 31927.0, 39174.0, 38549.0, 7.99338960647583, 109.2456283569336, -18.378292083740234, 222.41883850097656, 0.7601067423820496, -2.23468279838562, -0.39527058601379395, 1.1494907140731812, 1.0087165832519531, 1.578369140625, 1.70068359375, 0.6697845458984375, 1.5498046875
63864, 1.1285741329193115, -1.0294021368026733, -2.4626107215881348, 0.10015980154275894, -0.07521891593933105, 1.1344441175460815, 0.09689517319202423, 0.046247705817222595, -0.04327431321144104, 0.11492474377155304, -0.08500655740499496, 1.154334306716919, 2.0139021360199387, 2.996477451174684, -7.665987271237953, 37509.0, 31927.0, 39174.0, 38549.0, 7.9537200927734375, -100.37954711914062, 3.707118272781372, 228.3505859375, 0.855646550655365, 2.1360833644866943, 0.996022641658783, 1.1494907140731812, 1.0087165832519531, 1.578369140625, 1.70068359375, 0.6697845458984375, 1.550537109375
63874, -0.31599023938179016, -0.7472197413444519, -0.2831433415412903, 0.10015980154275894, -0.07521891593933105, 1.1344441175460815, 0.09689517319202423, 0.046247705817222595, -0.04327431321144104, 0.11605480313301086, -0.08069980889558792, 1.1525788307189941, 0.6185371617798536, 2.357471093212723, -8.418030127674001, 37270.0, 31679.0, 38987.0, 38709.0, 8.013224601745605, -100.37954711914062, 3.707118272781372, 228.3505859375, 0.32265400886535645, 1.5082721710205078, 2.076467990875244, 1.1494907140731812, 1.0087165832519531, 1.578369140625, 1.70068359375, 0.6697845458984375, 1.550537109375
63894, -0.532408595085144, -0.6878228187561035, -3.1943933963775635, 0.10302753001451492, -0.07591529190540314, 1.133650779724121, 0.10258554667234421, 0.039501696825027466, 0.017830612137913704, 0.1155543252825737, -0.08061151951551437, 1.1556974649429321, 4.866490760242702, 1.90827451845945, -5.811428040891758, 38698.0, 31375.0, 38730.0, 37356.0, 7.933885097503662, 107.5005111694336, -19.279428482055664, 140.13760375976562, 0.3174489140510559, 1.2143521308898926, 1.1627349853515625, 1.1494907140731812, 1.0087165832519531, 1.578369140625, 1.70068359375, 0.6697845458984375, 1.5703125
63904, 0.3755185902118683, -0.889348030090332, -1.3628708124160767, 0.10302753001451492, -0.07591529190540314, 1.133650779724121, 0.10258554667234421, 0.039501696825027466, 0.017830612137913704, 0.11487692594528198, -0.08521196991205215, 1.1563130617141724, 2.3799617923326446, 3.0095464747840595, -6.024444896785762, 38062.0, 31613.0, 38936.0, 38078.0, 7.933885097503662, -84.7017822265625, -24.221494674682617, 28.906038284301758, 0.3174489140510559, 1.2143521308898926, 1.1627349853515625, 1.1494907140731812, 1.0087165832519531, 1.578369140625, 1.70068359375, 0.6697845458984375, 1.527099609375
63924, 0.9088289737701416, -0.7425534725189209, 0.5057318210601807, 0.10555572807788849, -0.07720080018043518, 1.1336736679077148, 0.1061001867055893, 0.03425787761807442, 0.07033360004425049, 0.11441570520401001, -0.0827852413058281, 1.1575121879577637, 2.7771851435688033, 3.108234380029984, -7.386821230450812, 37508.0, 32063.0, 39441.0, 38892.0, 7.973554611206055, 150.56332397460938, 42.65080261230469, 300.7768859863281, -0.6888855695724487, -0.9380162358283997, 0.8554551005363464, 1.1494907140731812, 1.0087165832519531, 1.578369140625, 1.70068359375, 0.6697845458984375, 1.616455078125
63934, 0.8183011412620544, -0.5425668358802795, -2.558042049407959, 0.1066165342926979, -0.0768582746386528, 1.1338715553283691, 0.10619023442268372, 0.03635672852396965, -0.030791491270065308, 0.1144181564450264, -0.07867778837680817, 1.156863808631897, 3.9688795522656086, 2.368289411269785, -7.398454455527519, 37074.0, 31863.0, 39059.0, 39119.0, 7.99338960647583, -130.52003479003906, 3.8897550106048584, 268.0096435546875, 0.8248444199562073, 1.9984840154647827, 0.964314877986908, 1.1494907140731812, 1.0087165832519531, 1.578369140625, 1.70068359375, 0.6697845458984375, 1.616455078125
63944, -0.8412790894508362, -0.259782999753952, -0.31546953320503235, 0.10768449306488037, -0.0765019878745079, 1.133535385131836, 0.107496477663517, 0.03487740457057953, -0.036451246589422226, 0.11401115357875824, -0.07963420450687408, 1.1571887731552124, 4.014321348161408, 2.1443780028340598, -7.237710097412645, 37074.0, 31863.0, 39059.0, 39119.0, 7.99338960647583, -174.77810668945312, 40.29801559448242, -314.158935546875, 0.45118439197540283, 1.3153430223464966, 2.281475782394409, 1.1494907140731812, 1.0087165832519531, 1.578369140625, 1.70068359375, 0.6697845458984375, 1.6318359375
63954, -1.4050906896591187, -0.2739711403846741, -0.6183456778526306, 0.10876380652189255, -0.07616045325994492, 1.1331732273101807, 0.10848025232553482, 0.033513590693473816, -0.03588104993104935, 0.11384730041027069, -0.08373308181762695, 1.1575870513916016, 2.614155587348488, 2.4879996620600764, -7.126972534024507, 37074.0, 31863.0, 39059.0, 39119.0, 7.9140496253967285, -174.77810668945312, 40.29801559448242, -314.158935546875, -0.4086155891418457, -0.15822210907936096, -0.6422771215438843, 1.1494907140731812, 1.0087165832519531, 1.578369140625, 1.70068359375, 0.6697845458984375, 1.560791015625
63964, -0.7575608491897583, -0.21987445652484894, -3.5412001609802246, 0.10985271632671356, -0.07581225782632828, 1.1332147121429443, 0.1093468964099884, 0.036910489201545715, 0.04414399713277817, 0.1131519302725792, -0.08320353180170059, 1.1576886177062988, 2.3124471565910776, 2.319931172962214, -7.185544933382096, 37074.0, 31863.0, 39059.0, 39119.0, 7.99338960647583, -174.77810668945312, 40.29801559448242, -314.158935546875, 0.5537983775138855, 1.089787483215332, 1.3809733390808105, 1.1494907140731812, 1.0087165832519531, 1.578369140625, 0.7529296875, 13.16302490234375, 1.625244140625
63974, 0.05792669951915741, -0.4242422878742218, -1.481195092201233, 0.11010846495628357, -0.07729280740022659, 1.1346460580825806, 0.10730557888746262, 0.032756347209215164, -0.07770334184169769, 0.1129235029220581, -0.07906903326511383, 1.1561540365219116, 1.542529538209887, 2.1366574303666255, -7.944630761913588, 37074.0, 31863.0, 39059.0, 39119.0, 8.013224601745605, -95.40250396728516, -24.214765548706055, -7.311777591705322, -0.950107753276825, -0.6983633637428284, 2.875389337539673, 1.1494907140731812, 1.0087165832519531, 1.578369140625, 0.7529296875, 13.16302490234375, 1.625244140625
63984, -0.513209342956543, -0.28718996047973633, -3.414310932159424, 0.11118476837873459, -0.07695606350898743, 1.1341137886047363, 0.10814318060874939, 0.03396600857377052, -0.028769323602318764, 0.11160657554864883, -0.07755246758460999, 1.1577229499816895, 1.7687269727209067, 2.2632562882232605, -7.170298403524333, 37539.0, 31890.0, 39387.0, 38370.0, 8.013224601745605, 154.3253173828125, 30.4699649810791, 445.0022888183594, 0.3769626319408417, -2.320544958114624, -0.34473589062690735, 1.1494907140731812, 1.0087165832519531, 1.578369140625, 0.7529296875, 13.16302490234375, 1.625244140625
64004, 0.43860748410224915, -0.09045455604791641, -2.8164098262786865, 0.11337006092071533, -0.07626911252737045, 1.13482666015625, 0.10971372574567795, 0.03688151016831398, -0.011748013086616993, 0.11130453646183014, -0.08112386614084244, 1.1569092273712158, 3.2267339702972584, 2.038845290711521, -6.348077218861472, 37257.0, 31993.0, 39788.0, 38632.0, 7.973554611206055, -146.4579315185547, 6.760855197906494, 342.7184753417969, -0.7214146852493286, -0.37284988164901733, 0.9358518719673157, 1.1494907140731812, 1.0087165832519531, 1.578369140625, 0.7529296875, 13.16302490234375, 1.55126953125
64014, -1.3421472311019897, 0.15548332035541534, -0.4983750283718109, 0.11337006092071533, -0.07626911252737045, 1.13482666015625, 0.10971372574567795, 0.03688151016831398, -0.011748013086616993, 0.11040613800287247, -0.08239231258630753, 1.1556729078292847, 0.20384692807054158, 2.0775248034823335, -6.3166509446554295, 37257.0, 31993.0, 39788.0, 38632.0, 8.05289363861084, -146.4579315185547, 6.760855197906494, 342.7184753417969, -0.7214146852493286, -0.37284988164901733, 0.9358518719673157, 1.1494907140731812, 1.0087165832519531, 1.578369140625, 1.7548828125, 0.824676513671875, 1.628173828125
64024, -1.5365984439849854, 0.12643879652023315, -0.37510380148887634, 0.11337006092071533, -0.07626911252737045, 1.13482666015625, 0.10971372574567795, 0.03688151016831398, -0.011748013086616993, 0.10994568467140198, -0.08071048557758331, 1.156229853630066, -0.39821985571061963, 2.36373204813691, -6.480394904794044, 37257.0, 31993.0, 39788.0, 38632.0, 8.05289363861084, 46.434505462646484, -4.5013604164123535, -299.3246154785156, -0.7214146852493286, -0.37284988164901733, 0.9358518719673157, 1.1494907140731812, 1.0087165832519531, 1.578369140625, 1.7548828125, 0.824676513671875, 1.5380859375
64034, -0.9377502202987671, 0.11625995486974716, -3.495812177658081, 0.11337006092071533, -0.07626911252737045, 1.13482666015625, 0.10971372574567795, 0.03688151016831398, -0.011748013086616993, 0.10879676789045334, -0.0807078629732132, 1.1569510698318481, 2.654537369208276, 2.491998733023877, -6.788543169249045, 37257.0, 31993.0, 39788.0, 38632.0, 8.05289363861084, 134.31771850585938, 10.997383117675781, 347.88177490234375, -0.7214146852493286, -0.37284988164901733, 0.9358518719673157, 1.1494907140731812, 1.0087165832519531, 1.578369140625, 1.7548828125, 0.824676513671875, 1.609130859375
64114, -0.408591628074646, 0.2774079442024231, -1.6581401824951172, 0.1216951385140419, -0.07576122134923935, 1.1404767036437988, 0.101018026471138, 0.03867773711681366, -0.060516051948070526, 0.10557720810174942, -0.07682880014181137, 1.1506357192993164, 1.377180094934987, 1.0284810951726513, -7.79269226098727, 38202.0, 31122.0, 38594.0, 36354.0, 7.99338960647583, 122.44395446777344, 16.650415420532227, 361.2340393066406, -0.7106935977935791, -1.0026650428771973, 2.7773590087890625, 1.1494907140731812, 1.0087165832519531, 1.578369140625, 2.1064453125, 3.5054473876953125, 1.638427734375
64124, -0.6556795835494995, 0.43933388590812683, -3.584059953689575, 0.1216951385140419, -0.07576122134923935, 1.1404767036437988, 0.101018026471138, 0.03867773711681366, -0.060516051948070526, 0.10395157337188721, -0.07527009397745132, 1.1522464752197266, 3.356266382802293, 1.2888808235077533, -7.925395104277973, 38202.0, 31122.0, 38594.0, 36354.0, 7.99338960647583, 133.0262451171875, 48.53483200073242, 415.4232482910156, -0.7106935977935791, -1.0026650428771973, 2.7773590087890625, 1.1494907140731812, 1.0087165832519531, 1.578369140625, 1.8544921875, 1.19146728515625, 1.594482421875
64134, 0.24178366363048553, 0.3255481421947479, -0.559812605381012, 0.1213701069355011, -0.07760195434093475, 1.1426432132720947, 0.09256637841463089, 0.036186978220939636, 0.1213638186454773, 0.10344138741493225, -0.0763535276055336, 1.1509895324707031, 3.605956082649008, 1.234817204964287, -8.143784915255377, 38202.0, 31122.0, 38594.0, 36354.0, 7.973554611206055, 133.0262451171875, 48.53483200073242, 415.4232482910156, -0.6013429760932922, -0.728484034538269, 0.8491882681846619, 1.1494907140731812, 1.0087165832519531, 1.578369140625, 1.8544921875, 1.19146728515625, 1.5849609375
64144, 0.13700361549854279, 0.5574330687522888, -4.336782932281494, 0.1213701069355011, -0.07760195434093475, 1.1426432132720947, 0.09256637841463089, 0.036186978220939636, 0.1213638186454773, 0.1040390133857727, -0.07859722524881363, 1.1491550207138062, 3.0165357733076035, 0.8411646472441419, -7.2565101341306795, 36324.0, 31814.0, 39779.0, 38193.0, 7.973554611206055, -99.54694366455078, 13.407173156738281, 375.1707763671875, -0.6013429760932922, -0.728484034538269, 0.8491882681846619, 1.1494907140731812, 1.0087165832519531, 1.578369140625, 1.8544921875, 1.19146728515625, 1.5498046875
64154, -1.2089110612869263, 0.7819033861160278, -2.2199466228485107, 0.1213701069355011, -0.07760195434093475, 1.1426432132720947, 0.09256637841463089, 0.036186978220939636, 0.1213638186454773, 0.10260012745857239, -0.08109662681818008, 1.1484074592590332, 1.8360043622218754, 1.409045699252033, -6.947329951426524, 36689.0, 31422.0, 40485.0, 37529.0, 8.05289363861084, -126.37980651855469, 36.52925491333008, -215.5576934814453, -0.6013429760932922, -0.728484034538269, 0.8491882681846619, 1.1494907140731812, 1.0087165832519531, 1.578369140625, 1.8544921875, 1.19146728515625, 1.5498046875
64254, -0.007194202393293381, 0.8712332844734192, -0.7679075598716736, 0.12503720819950104, -0.0761251375079155, 1.1512993574142456, 0.06582151353359222, 0.03928490728139877, 0.09680076688528061, 0.10094340145587921, -0.07301701605319977, 1.138351321220398, 0.583044056681212, 0.11542068492923363, -7.427267449267698, 36568.0, 31080.0, 39186.0, 36408.0, 8.013224601745605, 57.221988677978516, -32.688472747802734, -163.80633544921875, -0.22659559547901154, -1.8811722993850708, 2.4401848316192627, 1.1494907140731812, 1.0087165832519531, 1.578369140625, 0.51123046875, 36.82856750488281, 1.5146484375
64264, 0.10220147669315338, 0.7586812973022461, -2.310176134109497, 0.12503720819950104, -0.0761251375079155, 1.1512993574142456, 0.06582151353359222, 0.03928490728139877, 0.09680076688528061, 0.10019124299287796, -0.07273953408002853, 1.1388434171676636, 3.25341494583694, 0.22180946454122363, -7.143887642128168, 35933.0, 31239.0, 39091.0, 37110.0, 8.013224601745605, 19.919689178466797, -6.745707988739014, -234.90565490722656, -0.22659559547901154, -1.8811722993850708, 2.4401848316192627, 1.1494907140731812, 1.0087165832519531, 1.578369140625, 0.51123046875, 36.82856750488281, 1.5146484375
64274, 0.6479935646057129, 0.5572128295898438, -0.9032382369041443, 0.12503720819950104, -0.0761251375079155, 1.1512993574142456, 0.06582151353359222, 0.03928490728139877, 0.09680076688528061, 0.09864243865013123, -0.07278114557266235, 1.1387462615966797, 2.89454284591549, 0.8510623636099126, -5.551294306256316, 35933.0, 31239.0, 39091.0, 37110.0, 8.013224601745605, 11.8116455078125, -8.799302101135254, 9.38878059387207, -0.22659559547901154, -1.8811722993850708, 2.4401848316192627, 1.1494907140731812, 1.0087165832519531, 1.578369140625, 0.51123046875, 36.82856750488281, 1.535888671875
64314, -1.1025011539459229, 0.844535231590271, -2.8813271522521973, 0.12581892311573029, -0.07529787719249725, 1.1546434164047241, 0.04851514846086502, 0.03488801047205925, 0.032205838710069656, 0.10034340620040894, -0.0760885700583458, 1.134105920791626, -0.07189632173925033, 0.17218311328576874, -5.7799879990516905, 35933.0, 31239.0, 39091.0, 37110.0, 7.9537200927734375, -190.04208374023438, -49.51095962524414, -7.259484767913818, 0.39339160919189453, 1.3409490585327148, 0.07086703181266785, 1.1494907140731812, 1.0087165832519531, 1.578369140625, 0.51123046875, 36.82856750488281, 1.53955078125
64344, 0.2512352764606476, 0.5208996534347534, -3.933403253555298, 0.12676778435707092, -0.07456263154745102, 1.1549122333526611, 0.046629827469587326, 0.03861361742019653, -0.049590084701776505, 0.0991421639919281, -0.0701119676232338, 1.1328353881835938, 3.271172315631495, 0.1701637983934745, -7.48751749232187, 35912.0, 31581.0, 40718.0, 37324.0, 8.013224601745605, -2.613133192062378, -4.764803409576416, -309.5845031738281, -0.09090272337198257, -2.4521119594573975, 0.17783088982105255, 1.1494907140731812, 1.0087165832519531, 1.578369140625, 0.51123046875, 36.82856750488281, 1.53955078125
64354, 0.6404776573181152, 0.4508618712425232, -2.1275064945220947, 0.12676778435707092, -0.07456263154745102, 1.1549122333526611, 0.046629827469587326, 0.03861361742019653, -0.049590084701776505, 0.0992157831788063, -0.07056970149278641, 1.13188898563385, 3.211258403562619, 0.18450735218962677, -7.646901807488281, 35552.0, 31723.0, 40948.0, 37675.0, 7.973554611206055, -10.490878105163574, -5.189908981323242, -371.1151428222656, -0.09090272337198257, -2.4521119594573975, 0.17783088982105255, 1.1494907140731812, 1.0087165832519531, 1.578369140625, 0.51123046875, 36.82856750488281, 1.53955078125
64364, 0.5111134648323059, 0.5205739736557007, -3.5299735069274902, 0.12445469200611115, -0.07571295648813248, 1.156506896018982, 0.03396259620785713, 0.03381486237049103, 0.0063917068764567375, 0.09972605854272842, -0.07029102742671967, 1.1313749551773071, 4.571868177276188, -0.3568145034911936, -6.825615118541233, 35552.0, 31723.0, 40948.0, 37675.0, 8.033059120178223, -10.490878105163574, -5.189908981323242, -371.1151428222656, 0.1773582398891449, 1.1412681341171265, 0.7544320225715637, 1.1494907140731812, 1.0087165832519531, 1.578369140625, 0.51123046875, 36.82856750488281, 1.5498046875
64384, -0.7625205516815186, 0.5150772929191589, -0.7343146204948425, 0.12511678040027618, -0.07505661994218826, 1.1566483974456787, 0.0322473980486393, 0.031792052090168, 0.001970871351659298, 0.09948325157165527, -0.07470250874757767, 1.1301182508468628, 1.9682313112363101, 0.4998742869463797, -6.60451233178939, 37129.0, 31101.0, 41609.0, 35787.0, 8.033059120178223, -37.88264465332031, 21.735626220703125, -648.6837158203125, 0.0818735733628273, 0.5527438521385193, 2.2550318241119385, 1.1494907140731812, 1.0087165832519531, 1.578369140625, 0.51123046875, 36.82856750488281, 1.53369140625
64394, -0.473031222820282, 0.41023096442222595, -2.6580593585968018, 0.12511678040027618, -0.07505661994218826, 1.1566483974456787, 0.0322473980486393, 0.031792052090168, 0.001970871351659298, 0.09992007911205292, -0.07176735997200012, 1.1290358304977417, -0.8404347898433312, 0.5118834751410759, -7.012209875197193, 37129.0, 31101.0, 41609.0, 35787.0, 8.013224601745605, -37.88264465332031, 21.735626220703125, -648.6837158203125, 0.006627122405916452, 0.007760831154882908, 1.366766333580017, 1.1494907140731812, 1.0087165832519531, 1.578369140625, 0.51123046875, 36.82856750488281, 1.528564453125
64424, 0.976637065410614, -0.20152337849140167, 0.9740139245986938, 0.1224917471408844, -0.07479125261306763, 1.15787935256958, 0.01949324831366539, 0.032218318432569504, 0.09991654753684998, 0.09982405602931976, -0.06730108708143234, 1.1281150579452515, 3.1109582227684385, 0.21157372403249042, -7.243493607023415, 37129.0, 31101.0, 41609.0, 35787.0, 8.013224601745605, -9.597494125366211, 4.662532329559326, -104.44024658203125, -0.6186913251876831, -1.0801013708114624, 0.9827733039855957, 1.1494907140731812, 1.0087165832519531, 1.578369140625, 0.51123046875, 36.82856750488281, 1.52197265625
64444, -0.16750511527061462, -0.08095241338014603, 0.26894906163215637, 0.12287772446870804, -0.074140764772892, 1.1583694219589233, 0.01924051344394684, 0.03209206834435463, -0.007398043759167194, 0.10152390599250793, -0.06913533806800842, 1.1244332790374756, 1.4242592148868676, 0.20730106881711663, -4.811085872777047, 37129.0, 31101.0, 41609.0, 35787.0, 8.05289363861084, -63.8615837097168, 38.33845901489258, 358.17742919921875, 0.29100897908210754, 1.3982449769973755, 1.69001305103302, 1.1494907140731812, 1.0087165832519531, 1.578369140625, 2.318115234375, 9.269287109375, 1.54248046875
64474, 0.007571204099804163, -0.45430007576942444, -0.8001748323440552, 0.11938004195690155, -0.074334055185318, 1.157566785812378, 0.009608736261725426, 0.02956242300570011, 0.029827037826180458, 0.10286829620599747, -0.0650947093963623, 1.1223324537277222, 0.49660468807158586, -0.1582443317102502, -7.045911165532961, 37129.0, 31101.0, 41609.0, 35787.0, 8.013224601745605, -63.8615837097168, 38.33845901489258, 358.17742919921875, -0.13001269102096558, -1.6952619552612305, 2.416015148162842, 0.9418889284133911, 0.8563976287841797, 1.56591796875, 2.318115234375, 9.269287109375, 1.547607421875
64484, 0.18711718916893005, -0.6326853632926941, -1.9392223358154297, 0.11938004195690155, -0.074334055185318, 1.157566785812378, 0.009608736261725426, 0.02956242300570011, 0.029827037826180458, 0.10235271602869034, -0.06393404304981232, 1.1233940124511719, 4.0748120216486505, -0.23963367681915315, -6.262070284551783, 36127.0, 31726.0, 38110.0, 37194.0, 7.99338960647583, -63.8615837097168, 38.33845901489258, 358.17742919921875, 0.5489358901977539, -0.5567826628684998, 0.4083150625228882, 0.9418889284133911, 0.8563976287841797, 1.56591796875, 2.318115234375, 9.269287109375, 1.547607421875
64494, 0.7093562483787537, -0.8731710314750671, -0.9309033751487732, 0.11938004195690155, -0.074334055185318, 1.157566785812378, 0.009608736261725426, 0.02956242300570011, 0.029827037826180458, 0.1025039479136467, -0.06384308636188507, 1.1234573125839233, 2.0547769250848686, -0.03949048927697163, -5.407054346300088, 35931.0, 32052.0, 38525.0, 37648.0, 7.99338960647583, -63.8615837097168, 38.33845901489258, 358.17742919921875, 0.5489358901977539, -0.5567826628684998, 0.4083150625228882, 0.9418889284133911, 0.8563976287841797, 1.56591796875, 2.318115234375, 9.269287109375, 1.547607421875
64504, 0.7336167097091675, -0.7253413200378418, -2.555846929550171, 0.11938004195690155, -0.074334055185318, 1.157566785812378, 0.009608736261725426, 0.02956242300570011, 0.029827037826180458, 0.10228748619556427, -0.0649474486708641, 1.1234139204025269, 3.694165881859018, 0.3450768785121454, -5.698805697942356, 35931.0, 32052.0, 38525.0, 37648.0, 7.99338960647583, -7.635807037353516, -10.830794334411621, -93.03414154052734, 0.5489358901977539, -0.5567826628684998, 0.4083150625228882, 0.9418889284133911, 0.8563976287841797, 1.56591796875, 2.318115234375, 9.269287109375, 1.578369140625
64514, 0.24916119873523712, -0.754530131816864, -1.8456568717956543, 0.1163366511464119, -0.07461178302764893, 1.1556429862976074, 0.003911864012479782, 0.025699736550450325, -0.046039268374443054, 0.10354570299386978, -0.06587216258049011, 1.122262954711914, 4.037004643870449, -0.010499681960595808, -4.686720275499856, 35931.0, 32052.0, 38525.0, 37648.0, 7.99338960647583, -176.4364471435547, -47.81839370727539, 10.69979190826416, 0.5489358901977539, -0.5567826628684998, 0.4083150625228882, 0.9418889284133911, 0.8563976287841797, 1.56591796875, 2.318115234375, 9.269287109375, 1.6318359375
64524, -1.353048324584961, -0.6400884389877319, -2.9486262798309326, 0.1163366511464119, -0.07461178302764893, 1.1556429862976074, 0.003911864012479782, 0.025699736550450325, -0.046039268374443054, 0.10391546785831451, -0.0693618431687355, 1.12173330783844, 2.140642062616063, 0.11794454797183107, -5.0626528818506165, 35931.0, 32052.0, 38525.0, 37648.0, 8.05289363861084, -176.4364471435547, -47.81839370727539, 10.69979190826416, -0.2731861472129822, -0.15019582211971283, 1.3899716138839722, 0.9418889284133911, 0.8563976287841797, 1.56591796875, 2.318115234375, 9.269287109375, 1.568115234375
64564, -0.03316909819841385, -1.0128451585769653, -4.541919708251953, 0.113194540143013, -0.0747268944978714, 1.1519262790679932, 0.0016784018371254206, 0.02496802620589733, -0.03249352052807808, 0.10477997362613678, -0.06269358098506927, 1.120937466621399, 3.6858924542222034, 0.32646551490159936, -7.02278210400674, 35931.0, 32052.0, 38525.0, 37648.0, 8.013224601745605, 6.713934898376465, 25.348304748535156, -482.9333801269531, -0.09152936190366745, -2.627638339996338, 0.1929491013288498, 0.9418889284133911, 0.8563976287841797, 1.56591796875, 2.318115234375, 9.269287109375, 1.5263671875
64584, 0.27072063088417053, -0.9943905472755432, -3.2909700870513916, 0.11326864361763, -0.07422526180744171, 1.1514829397201538, 0.0046490030363202095, 0.02575431950390339, -0.06465211510658264, 0.10517522692680359, -0.06008760631084442, 1.121374249458313, 0.7160368784508326, 0.48739248331611407, -5.883408769558259, 35931.0, 32052.0, 38525.0, 37648.0, 7.9537200927734375, -149.46417236328125, -8.672653198242188, 277.7193908691406, -0.3210732638835907, 0.9550865888595581, 1.0764456987380981, 0.9418889284133911, 0.8563976287841797, 1.56591796875, 2.318115234375, 9.269287109375, 1.5263671875
64614, -0.5788998603820801, -1.0736236572265625, -2.4251654148101807, 0.11036383360624313, -0.07365782558917999, 1.1484246253967285, 0.0027065942995250225, 0.027037428691983223, 0.0075110881589353085, 0.10718941688537598, -0.06524219363927841, 1.1194779872894287, -0.13473111619306205, 0.7036239405264268, -5.940251126173335, 38013.0, 31394.0, 41774.0, 36463.0, 8.05289363861084, 112.7271499633789, 5.87023401260376, 325.0992126464844, 0.510064423084259, 1.3551913499832153, -0.5060564279556274, 0.9418889284133911, 0.8563976287841797, 1.56591796875, 0.762451171875, 12.558395385742188, 1.562255859375
64634, 0.1380428969860077, -1.3062011003494263, -3.1966094970703125, 0.1104259043931961, -0.07310603559017181, 1.1471459865570068, 0.005175927188247442, 0.02837735414505005, -0.05499844253063202, 0.10804843157529831, -0.060355085879564285, 1.1189907789230347, 1.3898036676461298, 0.3446508904687846, -7.196617776141957, 37001.0, 31738.0, 40965.0, 37535.0, 8.013224601745605, 114.5655517578125, 64.34020233154297, 598.0591430664062, -0.2578500509262085, -0.5782113671302795, 2.3777875900268555, 0.9418889284133911, 0.8563976287841797, 1.56591796875, 0.762451171875, 12.558395385742188, 1.56005859375
64644, 0.9547204971313477, -1.6052647829055786, 0.902472734451294, 0.11049924045801163, -0.07282496243715286, 1.147067666053772, 0.009504391811788082, 0.02770399861037731, 0.03932496905326843, 0.1077655553817749, -0.05893709510564804, 1.1205874681472778, 4.371033905233081, 0.4334247953371744, -6.292280397984318, 37001.0, 31738.0, 40965.0, 37535.0, 8.013224601745605, -35.33440399169922, -35.523643493652344, -449.0122985839844, -0.2578500509262085, -0.5782113671302795, 2.3777875900268555, 0.9418889284133911, 0.8563976287841797, 1.56591796875, 0.762451171875, 12.558395385742188, 1.59521484375
64664, -0.7264868021011353, -1.306270956993103, -0.019700638949871063, 0.11069824546575546, -0.07226431369781494, 1.1464000940322876, 0.011593589559197426, 0.02751043252646923, -0.06329275667667389, 0.10771016031503677, -0.05966243892908096, 1.1218284368515015, 4.424295133740421, 0.8974236068862922, -5.69780939867152, 37001.0, 31738.0, 40965.0, 37535.0, 8.05289363861084, -35.33440399169922, -35.523643493652344, -449.0122985839844, 0.3001657724380493, 0.7452002167701721, 2.3079891204833984, 0.9418889284133911, 0.8563976287841797, 1.56591796875, 0.762451171875, 12.558395385742188, 1.5732421875
64694, -0.06273099780082703, -1.636090874671936, -1.6895902156829834, 0.10830844938755035, -0.07171139121055603, 1.1427587270736694, 0.009741057641804218, 0.02769760601222515, -0.1347949057817459, 0.10948816686868668, -0.061649955809116364, 1.1210793256759644, 3.0623233481060086, 1.53638268193788, -6.31318313641356, 37001.0, 31738.0, 40965.0, 37535.0, 8.013224601745605, -6.133627414703369, 4.617329120635986, -25.646913528442383, -0.4774926006793976, -1.161806344985962, 2.730675458908081, 0.9418889284133911, 0.8563976287841797, 1.56591796875, 0.762451171875, 12.558395385742188, 1.562255859375
64704, -0.17953500151634216, -1.642266035079956, -3.434852123260498, 0.10830844938755035, -0.07171139121055603, 1.1427587270736694, 0.009741057641804218, 0.02769760601222515, -0.1347949057817459, 0.11095348000526428, -0.05858924984931946, 1.1186769008636475, 2.3934050257273634, 0.8498081478295489, -6.82415577918268, 37149.0, 31973.0, 38767.0, 38289.0, 7.99338960647583, -6.133627414703369, 4.617329120635986, -25.646913528442383, 0.5420268177986145, -1.7284910678863525, -0.15368983149528503, 0.9418889284133911, 0.8563976287841797, 1.56591796875, 0.762451171875, 12.558395385742188, 1.562255859375
64714, 0.638602077960968, -1.7880451679229736, -0.48992452025413513, 0.10830844938755035, -0.07171139121055603, 1.1427587270736694, 0.009741057641804218, 0.02769760601222515, -0.1347949057817459, 0.11003506183624268, -0.0582219660282135, 1.1208033561706543, 4.062749198685424, 1.419578328270802, -5.579818059565863, 36976.0, 32216.0, 39415.0, 38766.0, 7.99338960647583, -6.133627414703369, 4.617329120635986, -25.646913528442383, -0.5920588970184326, -1.3263760805130005, 0.7827580571174622, 0.9418889284133911, 0.8563976287841797, 1.56591796875, 0.762451171875, 12.558395385742188, 1.562255859375
64724, 0.28134599328041077, -1.5833743810653687, -4.409470558166504, 0.10660374164581299, -0.07170157879590988, 1.1390103101730347, 0.013979097828269005, 0.02841138280928135, -0.07013822346925735, 0.11157603561878204, -0.05861056596040726, 1.1201564073562622, 5.07117535541272, 1.1348688410483305, -4.932691515454493, 36864.0, 32232.0, 39373.0, 38863.0, 7.99338960647583, -68.98776245117188, 17.01392364501953, 376.08868408203125, 0.6569386720657349, 1.7367292642593384, 1.0943220853805542, 1.086853265762329, 0.6592788696289062, 1.5498046875, 0.762451171875, 12.558395385742188, 1.562255859375
64734, -0.9066429734230042, -1.430565595626831, -2.175395965576172, 0.10675614327192307, -0.07142209261655807, 1.138223648071289, 0.016536010429263115, 0.027277719229459763, -0.08717913180589676, 0.11226679384708405, -0.06273521482944489, 1.1185325384140015, 2.2851126386031893, 1.1160117135192422, -5.175319593880321, 37372.0, 31913.0, 40157.0, 38312.0, 7.99338960647583, -150.4234161376953, 16.0001220703125, -266.4643859863281, 0.6569386720657349, 1.7367292642593384, 1.0943220853805542, 1.086853265762329, 0.6592788696289062, 1.5498046875, 0.762451171875, 12.558395385742188, 1.594482421875
64744, -1.257926106452942, -1.368096947669983, -1.9980534315109253, 0.10675614327192307, -0.07142209261655807, 1.138223648071289, 0.016536010429263115, 0.027277719229459763, -0.08717913180589676, 0.11208748072385788, -0.05975863337516785, 1.1194043159484863, -0.13900881226878792, 1.698559692960373, -5.64880578395616, 38634.0, 31516.0, 40557.0, 37167.0, 7.99338960647583, 29.89491081237793, -0.7205944061279297, -136.88478088378906, 0.6569386720657349, 1.7367292642593384, 1.0943220853805542, 1.086853265762329, 0.6592788696289062, 1.5498046875, 0.762451171875, 12.558395385742188, 1.594482421875
64754, -1.0246635675430298, -1.4937549829483032, -4.368491172790527, 0.10675614327192307, -0.07142209261655807, 1.138223648071289, 0.016536010429263115, 0.027277719229459763, -0.08717913180589676, 0.11167603731155396, -0.060676105320453644, 1.120790719985962, 3.105501392817977, 1.9266343958172172, -5.669187342335124, 38776.0, 31371.0, 40663.0, 37094.0, 7.9140496253967285, 29.89491081237793, -0.7205944061279297, -136.88478088378906, 0.07753633707761765, 0.9114514589309692, 1.0814886093139648, 1.086853265762329, 0.6592788696289062, 1.5498046875, 0.762451171875, 12.558395385742188, 1.594482421875
64814, -1.0004634857177734, -1.2584213018417358, -0.485165536403656, 0.1069466844201088, -0.06935636699199677, 1.1319597959518433, 0.03338310122489929, 0.030930673703551292, -0.06146200746297836, 0.11204113811254501, -0.05658416822552681, 1.1209150552749634, 4.736428949784905, 1.7061308418480507, -5.456021779207832, 38776.0, 31371.0, 40663.0, 37094.0, 8.033059120178223, 16.106281280517578, -8.529827117919922, -504.25775146484375, 0.4055900275707245, 0.7714982032775879, 2.328155517578125, 1.1647005081176758, 0.9101581573486328, 1.5703125, 0.762451171875, 12.558395385742188, 1.54833984375
64864, 0.5365689396858215, -1.277352213859558, -3.1762847900390625, 0.10708736628293991, -0.06705775111913681, 1.129412055015564, 0.04148704558610916, 0.03693660348653793, -0.016029825434088707, 0.11312544345855713, -0.0564594492316246, 1.1182538270950317, 3.653953748224187, 2.194719134101547, -6.4387021784269765, 37039.0, 31953.0, 40761.0, 39152.0, 7.9537200927734375, -51.929378509521484, -54.336158752441406, -353.0833435058594, -0.7021673321723938, -1.3070124387741089, 0.6958523988723755, 1.1647005081176758, 0.9101581573486328, 1.5703125, 0.762451171875, 12.558395385742188, 1.5673828125
64914, 0.2514907121658325, -1.1900086402893066, -3.7753677368164062, 0.10802256315946579, -0.06514770537614822, 1.1274282932281494, 0.04819925129413605, 0.03817937895655632, -0.034834202378988266, 0.11334774643182755, -0.06080974265933037, 1.1178284883499146, 2.8696310534299347, 2.289382210178104, -5.371644161289313, 38586.0, 31426.0, 40033.0, 37119.0, 7.99338960647583, 4.872470378875732, -1.9495636224746704, -497.82550048828125, 0.67894446849823, -1.5242887735366821, -0.09730450809001923, 1.1647005081176758, 0.9101581573486328, 1.5703125, 1.604736328125, 0.428436279296875, 1.54541015625
64924, 1.1057696342468262, -1.3115642070770264, -0.2923855483531952, 0.1085292249917984, -0.06477285176515579, 1.1277800798416138, 0.053097356110811234, 0.03675966337323189, 0.10519148409366608, 0.1138828843832016, -0.05786764994263649, 1.1174806356430054, 0.5967687966708897, 1.928630439367339, -5.553914070789811, 38586.0, 31426.0, 40033.0, 37119.0, 7.9537200927734375, 4.872470378875732, -1.9495636224746704, -497.82550048828125, -0.6889632940292358, -1.1829861402511597, 0.7179186344146729, 1.1647005081176758, 0.9101581573486328, 1.5703125, 1.604736328125, 0.428436279296875, 1.54541015625
64944, -0.6012070775032043, -0.8103123903274536, -1.9171169996261597, 0.10855431109666824, -0.06451679021120071, 1.1269657611846924, 0.052516527473926544, 0.03491372987627983, 0.004977139178663492, 0.1137734055519104, -0.055218975991010666, 1.116555094718933, 4.134609086153413, 1.779014939196287, -6.632060321720485, 36700.0, 31996.0, 40390.0, 38776.0, 8.013224601745605, 4.872470378875732, -1.9495636224746704, -497.82550048828125, 0.21324649453163147, 0.34421518445014954, 2.41619873046875, 1.1647005081176758, 0.9101581573486328, 1.5703125, 1.604736328125, 0.428436279296875, 1.54541015625
64954, -0.7750698924064636, -0.7532452940940857, -1.1508417129516602, 0.10908868908882141, -0.06417441368103027, 1.1270736455917358, 0.0544099286198616, 0.033912863582372665, 0.016649305820465088, 0.11291538178920746, -0.0544745996594429, 1.1176596879959106, 4.4186693797062535, 1.9408790391544244, -6.061347157993152, 36700.0, 31996.0, 40390.0, 38776.0, 8.013224601745605, 4.872470378875732, -1.9495636224746704, -497.82550048828125, 0.007324224337935448, 1.112107276916504, -0.5211785435676575, 1.1647005081176758, 0.9101581573486328, 1.5703125, 1.604736328125, 0.428436279296875, 1.54541015625
64974, 0.38918760418891907, -0.7784518599510193, -2.272759199142456, 0.10908868908882141, -0.06417441368103027, 1.1270736455917358, 0.0544099286198616, 0.033912863582372665, 0.016649305820465088, 0.11380261182785034, -0.05653056874871254, 1.1161354780197144, 4.423506050533042, 1.7386039290285282, -5.0442431511999395, 37489.0, 31411.0, 40792.0, 37540.0, 7.973554611206055, 4.872470378875732, -1.9495636224746704, -497.82550048828125, -0.3983639180660248, 0.5048901438713074, 1.1973860263824463, 1.1647005081176758, 0.9101581573486328, 1.5703125, 1.604736328125, 0.428436279296875, 1.54541015625
64994, 1.2715812921524048, -0.9105296730995178, -0.3151707649230957, 0.11021026968955994, -0.0629446730017662, 1.1269280910491943, 0.05827433243393898, 0.03441227972507477, 0.13399921357631683, 0.11262791603803635, -0.0581161305308342, 1.1174849271774292, 3.105017619001173, 2.368784934009966, -5.7855944345497825, 37489.0, 31411.0, 40792.0, 37540.0, 7.973554611206055, -48.6580696105957, -55.75834274291992, -362.28887939453125, 0.6378809213638306, -1.5636944770812988, 0.007432772312313318, 1.1647005081176758, 0.9101581573486328, 1.5703125, 1.604736328125, 0.428436279296875, 1.5498046875
65034, -0.4321092367172241, -0.2970934808254242, -3.733959674835205, 0.11152099817991257, -0.06095782667398453, 1.1273542642593384, 0.05907382443547249, 0.034985363483428955, 0.1195112094283104, 0.11119360476732254, -0.054103609174489975, 1.1177507638931274, 4.889578887904058, 1.850752163665362, -5.662809112489882, 37489.0, 31411.0, 40792.0, 37540.0, 7.8942155838012695, -54.34334945678711, 10.14672565460205, 374.100341796875, -0.3569844365119934, 0.8520672917366028, 1.1892309188842773, 1.1647005081176758, 0.9101581573486328, 1.5703125, 1.604736328125, 0.428436279296875, 1.56591796875
65064, 1.3042277097702026, -0.5192028284072876, -0.16871926188468933, 0.11330965906381607, -0.059907399117946625, 1.1288081407546997, 0.061066191643476486, 0.03345596417784691, 0.1440892070531845, 0.1110389232635498, -0.058316588401794434, 1.116073727607727, 2.795241282537102, 1.884265527194401, -5.662710474364528, 37489.0, 31411.0, 40792.0, 37540.0, 7.99338960647583, -54.34334945678711, 10.14672565460205, 374.100341796875, -0.7278591394424438, -1.7525640726089478, 0.6776584386825562, 1.1647005081176758, 0.9101581573486328, 1.5703125, 1.604736328125, 0.428436279296875, 1.56591796875
65094, -0.5265834331512451, -0.07192286103963852, -0.563353419303894, 0.11411900818347931, -0.05881645902991295, 1.1278882026672363, 0.05926146358251572, 0.03146670386195183, 0.02114827185869217, 0.1099005863070488, -0.054085783660411835, 1.1149989366531372, 4.941739845962077, 0.720800992851423, -5.681685987357309, 37489.0, 31411.0, 40792.0, 37540.0, 8.013224601745605, -160.70176696777344, -10.24764633178711, -151.09658813476562, -0.567711591720581, 0.5387087464332581, -0.16599825024604797, 1.1647005081176758, 0.9101581573486328, 1.5703125, 1.604736328125, 0.428436279296875, 1.5732421875
65104, -0.5038818717002869, 0.04971006512641907, -3.884920835494995, 0.11471302807331085, -0.0585017129778862, 1.1284797191619873, 0.0595320463180542, 0.032181739807128906, 0.09716682881116867, 0.1102420762181282, -0.058321114629507065, 1.1146938800811768, 2.9563903560310174, 1.1899142318698637, -4.999690005590851, 37489.0, 31411.0, 40792.0, 37540.0, 7.99338960647583, -160.70176696777344, -10.24764633178711, -151.09658813476562, -0.18007153272628784, 1.3792190551757812, 0.8256547451019287, 1.1647005081176758, 0.9101581573486328, 1.5703125, 1.604736328125, 0.428436279296875, 1.564453125
65114, 0.49087515473365784, 0.016758689656853676, -1.3185129165649414, 0.11530837416648865, -0.05817970633506775, 1.128981351852417, 0.05984419584274292, 0.032286643981933594, 0.0031530216801911592, 0.10911548882722855, -0.05654241517186165, 1.1146565675735474, 0.41326445168212156, 1.5574995152450697, -5.616891558083298, 37489.0, 31411.0, 40792.0, 37540.0, 7.973554611206055, -160.70176696777344, -10.24764633178711, -151.09658813476562, -0.18007153272628784, 1.3792190551757812, 0.8256547451019287, 1.1647005081176758, 0.9101581573486328, 1.5703125, 1.604736328125, 0.428436279296875, 1.56005859375
65134, 1.3033367395401, -0.21340468525886536, -0.5741141438484192, 0.11590670794248581, -0.05785335600376129, 1.1289167404174805, 0.05984610319137573, 0.03335495665669441, -0.01608186960220337, 0.10817854851484299, -0.05302603170275688, 1.1142078638076782, 4.496793502379106, 0.7089649672217888, -6.452412905603505, 36794.0, 31397.0, 40227.0, 37960.0, 8.013224601745605, -6.693602085113525, -29.416868209838867, -42.63713836669922, 0.5715754628181458, -0.669353723526001, 0.13650619983673096, 1.1021783351898193, 1.4387950897216797, 1.613525390625, 1.604736328125, 0.428436279296875, 1.530029296875
65184, 0.4010446071624756, 0.25483500957489014, -0.9553059339523315, 0.11828340590000153, -0.05701611563563347, 1.128614902496338, 0.0568695031106472, 0.026460299268364906, 0.011384924873709679, 0.10634356737136841, -0.05475068464875221, 1.1141254901885986, 3.490797461809105, 1.0471026718900305, -6.760117655987827, 38297.0, 31109.0, 39636.0, 36794.0, 7.973554611206055, 105.6139907836914, 21.54556655883789, 442.6021423339844, -0.01463453657925129, -2.2399468421936035, 2.4865849018096924, 1.1021783351898193, 1.4387950897216797, 1.613525390625, 1.604736328125, 0.428436279296875, 1.568115234375
65194, 0.6020855903625488, 0.1403035670518875, -2.4575724601745605, 0.11755474656820297, -0.056975673884153366, 1.1260313987731934, 0.053090933710336685, 0.027193251997232437, -0.036766186356544495, 0.10635615140199661, -0.053170956671237946, 1.1149508953094482, 2.2734881847464155, 0.2819688273898464, -5.3046617910085425, 37072.0, 31390.0, 39970.0, 38025.0, 8.033059120178223, 105.6139907836914, 21.54556655883789, 442.6021423339844, 0.5650780200958252, -0.06544602662324905, 0.44932833313941956, 1.1021783351898193, 1.4387950897216797, 1.613525390625, 1.604736328125, 0.428436279296875, 1.568115234375
65204, 1.1620211601257324, -0.003980833571404219, -1.1438912153244019, 0.1180805116891861, -0.05671154335141182, 1.1262998580932617, 0.05227367579936981, 0.025211719796061516, 0.09045400470495224, 0.10623535513877869, -0.055206865072250366, 1.1149989366531372, 5.483811371707831, 0.030501305095583575, -4.673472248120627, 37072.0, 31390.0, 39970.0, 38025.0, 8.033059120178223, 19.130842208862305, -13.142195701599121, 178.60597229003906, -0.6895648837089539, -2.5667037963867188, 0.5616055727005005, 1.1021783351898193, 1.4387950897216797, 1.613525390625, 1.604736328125, 0.428436279296875, 1.568115234375
65304, -0.7123199105262756, 0.49081480503082275, -1.6612529754638672, 0.11937917768955231, -0.05479889363050461, 1.1252615451812744, 0.03792356699705124, 0.017561722546815872, 0.028188996016979218, 0.10607044398784637, -0.055072035640478134, 1.1169934272766113, 2.3463343635917253, -0.3101235207360844, -7.1097238677272205, 37919.0, 31078.0, 40292.0, 37091.0, 7.99338960647583, 96.13275909423828, 8.468212127685547, 255.8733673095703, -0.7020522952079773, -0.20512798428535461, 0.7747288942337036, 1.1021783351898193, 1.4387950897216797, 1.613525390625, 1.604736328125, 0.428436279296875, 1.534423828125
65334, 0.7102369666099548, 0.24780215322971344, -2.2771551609039307, 0.11937917768955231, -0.05479889363050461, 1.1252615451812744, 0.03792356699705124, 0.017561722546815872, 0.028188996016979218, 0.10574983805418015, -0.05570165812969208, 1.1197446584701538, 4.5982939499860205, -0.7201877204880986, -5.153808794686531, 36981.0, 31364.0, 40421.0, 37880.0, 7.973554611206055, 96.13275909423828, 8.468212127685547, 255.8733673095703, 0.28333041071891785, -2.077169179916382, 2.0986526012420654, 1.1021783351898193, 1.4387950897216797, 1.613525390625, 1.604736328125, 0.428436279296875, 1.534423828125
65344, 1.1463748216629028, 0.09722697734832764, -2.374267339706421, 0.11937917768955231, -0.05479889363050461, 1.1252615451812744, 0.03792356699705124, 0.017561722546815872, 0.028188996016979218, 0.10607101023197174, -0.056931670755147934, 1.1201528310775757, 4.5017479538380085, -0.31492139965928345, -4.3996784165922245, 36981.0, 31364.0, 40421.0, 37880.0, 8.013224601745605, 96.13275909423828, 8.468212127685547, 255.8733673095703, 0.28333041071891785, -2.077169179916382, 2.0986526012420654, 1.1021783351898193, 1.4387950897216797, 1.613525390625, 1.604736328125, 0.428436279296875, 1.559326171875
65364, 0.757084310054779, 0.1801729053258896, -2.2253458499908447, 0.11956489831209183, -0.0548282265663147, 1.1254595518112183, 0.029119223356246948, 0.013048151507973671, 0.01160050742328167, 0.10656502097845078, -0.06003928557038307, 1.1222630739212036, 1.4658389676873047, -0.15324274126777482, -5.551868185961513, 36437.0, 31566.0, 40589.0, 38328.0, 7.973554611206055, -183.61148071289062, -42.552757263183594, 105.1826400756836, 0.28333041071891785, -2.077169179916382, 2.0986526012420654, 1.1021783351898193, 1.4387950897216797, 1.613525390625, 1.604736328125, 0.428436279296875, 1.522705078125
65394, 0.304015576839447, 0.13827700912952423, -1.1457068920135498, 0.12041731923818588, -0.054501794278621674, 1.1264227628707886, 0.027760952711105347, 0.011280450969934464, 0.048358574509620667, 0.1063210517168045, -0.055394336581230164, 1.1247471570968628, 3.9359568239621483, -0.03713868462727987, -6.528048595484819, 36437.0, 31566.0, 40589.0, 38328.0, 7.9537200927734375, 62.36150360107422, -2.6183903217315674, 327.93524169921875, 0.21291784942150116, -1.5581761598587036, 1.8703241348266602, 1.1021783351898193, 1.4387950897216797, 1.613525390625, 1.604736328125, 0.428436279296875, 1.522705078125
65424, 1.2436869144439697, -0.11531230062246323, -1.426090121269226, 0.11894968152046204, -0.05426469072699547, 1.1242146492004395, 0.021389031782746315, 0.009183998219668865, 0.06486591696739197, 0.10828392952680588, -0.05913466960191727, 1.1248213052749634, 3.6029741743919437, -0.46532068260793835, -4.412259158970958, 36437.0, 31566.0, 40589.0, 38328.0, 7.99338960647583, -50.373435974121094, -17.342731475830078, -505.6770935058594, -0.21880990266799927, -2.433321714401245, 0.10428768396377563, 1.1021783351898193, 1.4387950897216797, 1.613525390625, 1.604736328125, 0.428436279296875, 1.522705078125
65454, -0.5176904797554016, -0.0015679348725825548, -2.333374261856079, 0.11916366219520569, -0.05417429655790329, 1.1244542598724365, 0.02143620327115059, 0.009229328483343124, -0.016934864223003387, 0.10836461931467056, -0.06008674204349518, 1.1284438371658325, 2.8061135371708805, 0.2946631615575086, -6.3121811653523645, 38594.0, 31328.0, 40469.0, 37031.0, 7.99338960647583, -9.388630867004395, 15.925958633422852, -400.03057861328125, 0.8268983364105225, 1.6414049863815308, -0.30483153462409973, 1.1021783351898193, 1.4387950897216797, 1.613525390625, 1.604736328125, 0.428436279296875, 1.532958984375
65464, 0.1152639165520668, -0.24590426683425903, -1.2701072692871094, 0.11916366219520569, -0.05417429655790329, 1.1244542598724365, 0.02143620327115059, 0.009229328483343124, -0.016934864223003387, 0.10953608900308609, -0.05693238228559494, 1.126440167427063, 1.351177551939774, -0.6633908038630523, -7.300541562109735, 38485.0, 31292.0, 40748.0, 37262.0, 7.9140496253967285, -9.388630867004395, 15.925958633422852, -400.03057861328125, 0.16852179169654846, -1.3939350843429565, 1.7222784757614136, 1.1021783351898193, 1.4387950897216797, 1.613525390625, 1.604736328125, 0.428436279296875, 1.532958984375
65474, 0.5357239842414856, -0.4341682493686676, -2.1363821029663086, 0.11916366219520569, -0.05417429655790329, 1.1244542598724365, 0.02143620327115059, 0.009229328483343124, -0.016934864223003387, 0.10892834514379501, -0.05624894052743912, 1.1286109685897827, 4.1458432888652474, -0.3821383682172552, -6.844546125501984, 37617.0, 31480.0, 40441.0, 38257.0, 7.973554611206055, -9.388630867004395, 15.925958633422852, -400.03057861328125, 0.16852179169654846, -1.3939350843429565, 1.7222784757614136, 1.1021783351898193, 1.4387950897216797, 1.613525390625, 1.604736328125, 0.428436279296875, 1.532958984375
65484, 0.8425596952438354, -0.5224961638450623, -3.0813522338867188, 0.11916366219520569, -0.05417429655790329, 1.1244542598724365, 0.02143620327115059, 0.009229328483343124, -0.016934864223003387, 0.1096595972776413, -0.05581820011138916, 1.1298884153366089, 1.5534828275934334, -0.40905932277928514, -5.504155933869736, 37261.0, 31742.0, 40517.0, 38821.0, 7.973554611206055, 84.00139617919922, 48.082237243652344, 706.59619140625, 0.16852179169654846, -1.3939350843429565, 1.7222784757614136, 1.1021783351898193, 1.4387950897216797, 1.613525390625, 1.604736328125, 0.428436279296875, 1.554931640625
65494, 1.135550856590271, -0.5141192078590393, -1.041574239730835, 0.11916366219520569, -0.05417429655790329, 1.1244542598724365, 0.02143620327115059, 0.009229328483343124, -0.016934864223003387, 0.11012129485607147, -0.057325366884469986, 1.1291273832321167, 3.6018978533065704, -0.8981502322099573, -5.342698628101029, 36897.0, 32038.0, 40407.0, 39242.0, 7.973554611206055, 84.00139617919922, 48.082237243652344, 706.59619140625, -0.3609124720096588, 1.1208839416503906, 1.1332424879074097, 1.1021783351898193, 1.4387950897216797, 1.613525390625, 1.604736328125, 0.428436279296875, 1.554931640625
65544, 0.4907580316066742, -0.8441781401634216, -1.902510643005371, 0.11620008945465088, -0.05426638945937157, 1.1191304922103882, 0.013168783858418465, 0.004894518293440342, -0.08549114316701889, 0.11285566538572311, -0.058314718306064606, 1.1317996978759766, 1.9452897177364603, -0.38414582807155284, -6.754176620793773, 38737.0, 31354.0, 40283.0, 37584.0, 7.973554611206055, -0.5599890947341919, -1.9269275665283203, -235.91433715820312, 0.1618911623954773, -1.4902383089065552, 1.8416240215301514, 1.1021783351898193, 1.4387950897216797, 1.613525390625, 1.494140625, 0.183990478515625, 1.5849609375
65574, 0.5526259541511536, -0.8478796482086182, -2.236940622329712, 0.11431940644979477, -0.05508480593562126, 1.1178137063980103, 0.011749490164220333, 0.00021365248539950699, -0.039540767669677734, 0.11319711804389954, -0.058728285133838654, 1.1368814706802368, 4.387750190533956, 0.11877111513325644, -4.903817760822136, 37406.0, 31893.0, 40007.0, 39134.0, 7.9537200927734375, -179.5172882080078, -27.96646499633789, 194.21705627441406, -0.3101803660392761, 1.2249130010604858, 1.2434360980987549, 1.1021783351898193, 1.4387950897216797, 1.613525390625, 1.494140625, 0.183990478515625, 1.5849609375
65584, -0.9500996470451355, -0.7619824409484863, -1.442351222038269, 0.11431940644979477, -0.05508480593562126, 1.1178137063980103, 0.011749490164220333, 0.00021365248539950699, -0.039540767669677734, 0.11505937576293945, -0.061393655836582184, 1.135298728942871, 2.256127402915217, 0.4241892689123574, -4.347699689599188, 38232.0, 31534.0, 39763.0, 38202.0, 8.013224601745605, -179.5172882080078, -27.96646499633789, 194.21705627441406, -0.3101803660392761, 1.2249130010604858, 1.2434360980987549, 1.1021783351898193, 1.4387950897216797, 1.613525390625, 1.494140625, 0.183990478515625, 1.5849609375
65604, 0.21636879444122314, -0.9188829064369202, -0.8108922243118286, 0.11458862572908401, -0.05511876940727234, 1.1174113750457764, 0.01541824359446764, -0.0019794576801359653, 0.019902335479855537, 0.11609350144863129, -0.06379279494285583, 1.1373317241668701, 1.5962788741114586, 0.22042706752560548, -5.284702473380674, 38729.0, 31511.0, 39900.0, 37754.0, 7.9537200927734375, -179.5172882080078, -27.96646499633789, 194.21705627441406, 0.2545322775840759, -2.0065407752990723, 2.163679838180542, 1.1021783351898193, 1.4387950897216797, 1.613525390625, 1.494140625, 0.183990478515625, 1.54541015625
65684, 0.42394131422042847, -1.3551028966903687, -2.1339340209960938, 0.11173159629106522, -0.055032648146152496, 1.1167937517166138, 0.018002673983573914, -0.00011847980204038322, -0.057290881872177124, 0.12051504105329514, -0.06431584060192108, 1.1415168046951294, 2.90864060657688, 1.3793176024951492, -5.947749852329428, 38729.0, 31511.0, 39900.0, 37754.0, 7.9140496253967285, -2.0932838916778564, -17.823768615722656, -379.2052917480469, 0.15098869800567627, -2.1837382316589355, 2.588628053665161, 1.1021783351898193, 1.4387950897216797, 1.613525390625, 1.494140625, 0.183990478515625, 1.553466796875
65704, 0.8375642895698547, -1.3288747072219849, -2.0682260990142822, 0.11217520385980606, -0.055060628801584244, 1.1176100969314575, 0.024760393425822258, -0.0020827162079513073, 0.05478570610284805, 0.12124770879745483, -0.060873668640851974, 1.1423732042312622, 3.764174858631556, 1.4507294346799426, -6.257587182351668, 37259.0, 31996.0, 39893.0, 39031.0, 7.99338960647583, -28.082971572875977, -13.431839942932129, -277.3716735839844, -0.7201594114303589, -2.8019325733184814, 0.4315463602542877, 1.1021783351898193, 1.4387950897216797, 1.613525390625, 1.494140625, 0.183990478515625, 1.5556640625
65714, 0.14604654908180237, -1.3686394691467285, -1.453620433807373, 0.1107131689786911, -0.05556528642773628, 1.11796236038208, 0.021277155727148056, -0.004226951859891415, -0.006251170765608549, 0.12248817086219788, -0.06273706257343292, 1.1425883769989014, 3.74968342808846, 1.5737873093978862, -5.6681852005322355, 37259.0, 31996.0, 39893.0, 39031.0, 7.973554611206055, -28.082971572875977, -13.431839942932129, -277.3716735839844, 0.20044869184494019, 1.7771875858306885, 1.646873116493225, 1.1021783351898193, 1.4387950897216797, 1.613525390625, 1.494140625, 0.183990478515625, 1.61865234375
65764, 1.1080842018127441, -1.6512144804000854, -0.891335129737854, 0.11066634953022003, -0.05668311566114426, 1.1200447082519531, 0.032175324857234955, -0.006597710773348808, 0.12491926550865173, 0.1259336769580841, -0.06361358612775803, 1.1416120529174805, 1.1835632845373574, 1.5954360814847917, -6.155898982365437, 36797.0, 32086.0, 40239.0, 38837.0, 8.013224601745605, 118.83175659179688, 26.415075302124023, 418.4598083496094, -0.6470307111740112, -2.583446502685547, 0.49886196851730347, 1.248794436454773, 1.2327156066894531, 1.5966796875, 0.9462890625, 4.3686370849609375, 1.546875
65774, 0.7958052754402161, -1.4482545852661133, -2.5595080852508545, 0.11099523305892944, -0.05675157904624939, 1.1210800409317017, 0.033500827848911285, -0.006571309641003609, 0.08213795721530914, 0.12507924437522888, -0.06449021399021149, 1.1442806720733643, 3.3506423024836725, 2.423987737748149, -5.294309176587937, 36438.0, 32292.0, 39792.0, 38974.0, 7.973554611206055, 118.83175659179688, 26.415075302124023, 418.4598083496094, -0.008611570112407207, 2.031987428665161, 1.3439732789993286, 1.248794436454773, 1.2327156066894531, 1.5966796875, 0.9462890625, 4.3686370849609375, 1.546875
65794, -1.00496244430542, -1.351987361907959, -1.180842399597168, 0.11170077323913574, -0.0569087490439415, 1.1220320463180542, 0.037895891815423965, -0.009267594665288925, 0.04863697662949562, 0.1271459013223648, -0.06716417521238327, 1.1433131694793701, 3.491321041049971, 2.1374455890511683, -3.849810015538421, 37878.0, 31717.0, 39877.0, 37113.0, 8.033059120178223, -205.5751953125, -51.78733825683594, -60.294212341308594, -0.6335636377334595, -0.0790708065032959, 0.14459362626075745, 1.248794436454773, 1.2327156066894531, 1.5966796875, 0.9462890625, 4.3686370849609375, 1.546875
65814, 0.24146048724651337, -1.357010006904602, -1.4519931077957153, 0.11133734881877899, -0.05719546601176262, 1.1241075992584229, 0.039624232798814774, -0.00795144122093916, 0.0480554923415184, 0.12712812423706055, -0.06962952017784119, 1.1431996822357178, -0.5830529138857675, 2.81095190123051, -4.393102962199483, 37634.0, 31734.0, 40071.0, 37076.0, 7.9537200927734375, 15.933152198791504, 44.279842376708984, -149.8559112548828, 0.18276755511760712, 1.5579901933670044, 0.5184115767478943, 1.248794436454773, 1.2327156066894531, 1.5966796875, 0.9462890625, 4.3686370849609375, 1.546875
65824, 0.3135928809642792, -1.5283517837524414, -2.466357469558716, 0.11133734881877899, -0.05719546601176262, 1.1241075992584229, 0.039624232798814774, -0.00795144122093916, 0.0480554923415184, 0.12666265666484833, -0.06899657845497131, 1.1445066928863525, 2.576382737835031, 2.8530761314449364, -5.139314513429582, 36759.0, 31967.0, 40198.0, 37898.0, 8.013224601745605, 15.751447677612305, -28.933643341064453, -320.2217102050781, 0.18276755511760712, 1.5579901933670044, 0.5184115767478943, 1.248794436454773, 1.2327156066894531, 1.5966796875, 0.9462890625, 4.3686370849609375, 1.546875
65834, 0.9844628572463989, -1.6463147401809692, -0.8587577939033508, 0.11133734881877899, -0.05719546601176262, 1.1241075992584229, 0.039624232798814774, -0.00795144122093916, 0.0480554923415184, 0.1271827220916748, -0.06695786118507385, 1.1427247524261475, 3.1697591713144497, 2.5407743264954945, -5.567453088802344, 36405.0, 32124.0, 40495.0, 38269.0, 7.973554611206055, 15.751447677612305, -28.933643341064453, -320.2217102050781, -0.6445975303649902, -2.5482070446014404, 0.5138841271400452, 1.248794436454773, 1.2327156066894531, 1.5966796875, 0.9462890625, 4.3686370849609375, 1.546875
65844, 0.7610684633255005, -1.4333112239837646, -2.506805896759033, 0.11133734881877899, -0.05719546601176262, 1.1241075992584229, 0.039624232798814774, -0.00795144122093916, 0.0480554923415184, 0.12668436765670776, -0.06778313219547272, 1.1440602540969849, 2.9623401427278675, 3.0655744011549473, -4.461976869946004, 36034.0, 32242.0, 39984.0, 38459.0, 7.9537200927734375, -14.248210906982422, -18.060468673706055, -108.9774398803711, -0.6445975303649902, -2.5482070446014404, 0.5138841271400452, 1.248794436454773, 1.2327156066894531, 1.5966796875, 0.9462890625, 4.3686370849609375, 1.546875
65884, 0.1578303426504135, -1.2408748865127563, -1.1632163524627686, 0.11362849920988083, -0.057535991072654724, 1.1291499137878418, 0.053870685398578644, -0.007379189599305391, 0.04674305021762848, 0.12738631665706635, -0.07202304154634476, 1.1418423652648926, -0.7994351253844489, 3.1949695914085794, -3.6226838453360437, 36034.0, 32242.0, 39984.0, 38459.0, 7.933885097503662, -201.60018920898438, -59.772361755371094, -39.595951080322266, 0.17067132890224457, -1.9037078619003296, 2.3506462574005127, 1.248794436454773, 1.2327156066894531, 1.5966796875, 1.658203125, 0.5592803955078125, 1.576904296875
65934, -1.1405365467071533, -0.9079754948616028, -1.5888670682907104, 0.11569158732891083, -0.05851670727133751, 1.131969690322876, 0.062103983014822006, -0.010866834782063961, 0.031664274632930756, 0.12673252820968628, -0.06772680580615997, 1.1401193141937256, 0.9178471411815556, 2.672801697006065, -5.819239262433683, 37207.0, 31658.0, 39256.0, 36964.0, 8.033059120178223, 67.3722915649414, -16.662967681884766, 352.15533447265625, -0.07694657891988754, 1.7988203763961792, 0.8911252021789551, 1.248794436454773, 1.2327156066894531, 1.5966796875, 1.658203125, 0.5592803955078125, 1.658203125
65944, -0.7906867861747742, -0.8034946322441101, -1.6924171447753906, 0.11569158732891083, -0.05851670727133751, 1.131969690322876, 0.062103983014822006, -0.010866834782063961, 0.031664274632930756, 0.12547767162322998, -0.07006153464317322, 1.1412259340286255, 4.9026848275385895, 2.5487615785404216, -3.9881572615310845, 37873.0, 31441.0, 38951.0, 36364.0, 7.9140496253967285, 21.138917922973633, -2.0229499340057373, -338.6171875, -0.07694657891988754, 1.7988203763961792, 0.8911252021789551, 1.248794436454773, 1.2327156066894531, 1.5966796875, 1.658203125, 0.5592803955078125, 1.658203125
65974, 0.5902088284492493, -0.8254521489143372, -2.0668435096740723, 0.11763510853052139, -0.05882257595658302, 1.1329487562179565, 0.06595348566770554, -0.00801837258040905, -0.03881148621439934, 0.12347716093063354, -0.0732993334531784, 1.1400957107543945, 2.030805993420725, 3.279645435128259, -4.624363660178628, 36719.0, 31616.0, 38846.0, 37571.0, 7.973554611206055, 78.60873413085938, 9.202033042907715, 659.470947265625, 0.24934369325637817, -1.4862568378448486, 2.048287868499756, 1.1909053325653076, 0.15752029418945312, 1.5087890625, 1.658203125, 0.5592803955078125, 1.587890625
66044, 0.3072964549064636, -0.019910722970962524, -3.1037778854370117, 0.12205459922552109, -0.06103343516588211, 1.1371663808822632, 0.0712146982550621, -0.011408574879169464, 0.047575995326042175, 0.11903776228427887, -0.07558885961771011, 1.1354948282241821, 1.7226712737681633, 3.069360909371426, -3.1833168975651027, 36694.0, 31376.0, 38744.0, 37377.0, 8.013224601745605, 109.96070098876953, 27.830198287963867, 784.6034545898438, -0.20442435145378113, 0.0635010302066803, 2.0100607872009277, 1.0412997007369995, 0.3367195129394531, 1.5234375, 1.658203125, 0.5592803955078125, 1.56591796875
66064, 0.6152002215385437, 0.2998621165752411, -2.151456832885742, 0.12348543107509613, -0.06127193197607994, 1.1386916637420654, 0.07173769921064377, -0.011410274542868137, 0.029039017856121063, 0.11711642891168594, -0.07103217393159866, 1.134456753730774, 3.0541949550391045, 3.0506070016657247, -8.109395901434645, 36694.0, 31376.0, 38744.0, 37377.0, 7.973554611206055, -140.91897583007812, 8.980435371398926, 338.1989440917969, -0.4845423996448517, 0.2624305784702301, 1.0931503772735596, 1.0412997007369995, 0.3367195129394531, 1.5234375, 1.658203125, 0.5592803955078125, 1.5322265625
66084, -1.0476503372192383, 0.6108155846595764, -0.058272261172533035, 0.12418080121278763, -0.06163334473967552, 1.1400049924850464, 0.06921153515577316, -0.014405020512640476, 0.03205231577157974, 0.11542171984910965, -0.07246128469705582, 1.1328378915786743, 4.5884025875409575, 2.1702184973826206, -2.0129390642013414, 37564.0, 30923.0, 38710.0, 35952.0, 8.05289363861084, -2.6159255504608154, 12.129562377929688, -281.6856994628906, -0.4845423996448517, 0.2624305784702301, 1.0931503772735596, 1.0412997007369995, 0.3367195129394531, 1.5234375, 1.658203125, 0.5592803955078125, 1.553466796875
66114, -0.32554012537002563, 0.705345630645752, -2.802300453186035, 0.12621507048606873, -0.061983704566955566, 1.1408500671386719, 0.06652602553367615, -0.009993914514780045, 0.019580552354454994, 0.11230826377868652, -0.07485084235668182, 1.130680799484253, 2.242440759086974, 2.5401159435257057, -5.91566446234712, 37441.0, 30888.0, 38330.0, 36032.0, 7.9537200927734375, -45.83650588989258, -9.173015594482422, -21.91163444519043, 0.37708356976509094, -2.013248920440674, -0.37275049090385437, 1.0412997007369995, 0.3367195129394531, 1.5234375, 1.658203125, 0.5592803955078125, 1.5380859375
66144, -0.9301914572715759, 1.1373522281646729, 0.16851118206977844, 0.12756676971912384, -0.06335614621639252, 1.1425728797912598, 0.062011513859033585, -0.011458261869847775, 0.012046964839100838, 0.10923264920711517, -0.07454502582550049, 1.1276987791061401, 3.38673597827243, 1.6799351327652516, -0.4131996484737508, 36082.0, 31011.0, 37920.0, 37239.0, 8.013224601745605, -45.83650588989258, -9.173015594482422, -21.91163444519043, 0.2149333506822586, 1.736778736114502, 1.4707010984420776, 1.0412997007369995, 0.3367195129394531, 1.5234375, 1.658203125, 0.5592803955078125, 1.530029296875
66164, -1.2087265253067017, 1.2312417030334473, -1.9411245584487915, 0.12876944243907928, -0.06358584016561508, 1.1430367231369019, 0.057550787925720215, -0.009207484312355518, 0.06370870769023895, 0.10701514035463333, -0.07677134871482849, 1.1280313730239868, 2.2175306017267724, 2.2721758436373705, -3.9343780298847224, 36082.0, 31011.0, 37920.0, 37239.0, 7.9537200927734375, 92.76768493652344, 24.412574768066406, 0.9083836674690247, -0.5451123118400574, -0.036870263516902924, -0.36856961250305176, 1.0412997007369995, 0.3367195129394531, 1.5234375, 1.658203125, 0.5592803955078125, 1.530029296875
66194, 0.08386874198913574, 1.134719967842102, 1.352813720703125, 0.12973691523075104, -0.06522563099861145, 1.143218755722046, 0.049128271639347076, -0.007857488468289375, 0.10001415014266968, 0.10303585231304169, -0.07375092059373856, 1.126548171043396, 3.796403770693773, 1.4960547352447406, -3.936595462337336, 36407.0, 31185.0, 37227.0, 37315.0, 8.013224601745605, 92.76768493652344, 24.412574768066406, 0.9083836674690247, 0.7607037425041199, -0.9276851415634155, 0.2222132682800293, 1.0412997007369995, 0.3367195129394531, 1.5234375, 1.658203125, 0.5592803955078125, 1.54541015625
66204, 0.20062731206417084, 1.308335781097412, -1.3035566806793213, 0.12973691523075104, -0.06522563099861145, 1.143218755722046, 0.049128271639347076, -0.007857488468289375, 0.10001415014266968, 0.10334677249193192, -0.07615530490875244, 1.124237060546875, 3.255167608406216, 1.1136118490803426, -0.1791967345927625, 35925.0, 31224.0, 36740.0, 37844.0, 7.99338960647583, 92.76768493652344, 24.412574768066406, 0.9083836674690247, 0.7607037425041199, -0.9276851415634155, 0.2222132682800293, 1.0412997007369995, 0.3367195129394531, 1.5234375, 1.658203125, 0.5592803955078125, 1.54541015625
66214, -0.6974104642868042, 1.4388301372528076, 0.7168506383895874, 0.13070565462112427, -0.06536995619535446, 1.1438822746276855, 0.04740742966532707, -0.006644191220402718, -0.008946022018790245, 0.10178452730178833, -0.07709496468305588, 1.1246768236160278, -0.5822084469302435, 1.4405856268571995, -1.6268454145102411, 35967.0, 30951.0, 36505.0, 37607.0, 7.973554611206055, 92.76768493652344, 24.412574768066406, 0.9083836674690247, -0.5519921779632568, 1.8411298990249634, 0.7494803667068481, 1.0412997007369995, 0.3367195129394531, 1.5234375, 1.658203125, 0.5592803955078125, 1.54541015625
66244, -0.7539809346199036, 1.4352682828903198, -1.0251011848449707, 0.13094283640384674, -0.06597718596458435, 1.143843650817871, 0.037692591547966, -0.0037319413386285305, -0.017459074035286903, 0.09948311746120453, -0.07430171966552734, 1.1241874694824219, 3.4256020725997325, 1.4364866889674772, -8.06610159168666, 35967.0, 30951.0, 36505.0, 37607.0, 7.973554611206055, 59.64786911010742, -19.498275756835938, 340.8086242675781, 0.39450910687446594, -1.1856896877288818, 2.2506184577941895, 1.0412997007369995, 0.3367195129394531, 1.5234375, 1.647216796875, 0.53179931640625, 1.516845703125
66254, -0.7853561043739319, 1.396264672279358, -0.8932815194129944, 0.13131481409072876, -0.06600940227508545, 1.1433593034744263, 0.03658640757203102, -0.0017724628560245037, -0.07937214523553848, 0.09793015569448471, -0.07591994106769562, 1.1230982542037964, 5.302976444434901, 0.7822252455170258, -1.9295525682019565, 36669.0, 31084.0, 35960.0, 37124.0, 7.99338960647583, -36.171142578125, -22.826425552368164, -320.0655822753906, 0.3445935547351837, 0.20715002715587616, 0.8847587704658508, 1.0412997007369995, 0.3367195129394531, 1.5234375, 0.517822265625, 35.93267822265625, 1.53369140625
66264, -0.30374962091445923, 1.3831552267074585, 0.0659947469830513, 0.13165171444416046, -0.06601124256849289, 1.1432421207427979, 0.030880268663167953, 0.0014637468848377466, 0.05593693628907204, 0.09788446128368378, -0.07995006442070007, 1.1223384141921997, 2.1754811635974938, 0.7188426214386254, 0.48567237817378045, 36669.0, 31084.0, 35960.0, 37124.0, 7.9537200927734375, -36.171142578125, -22.826425552368164, -320.0655822753906, -0.43214917182922363, -2.729156017303467, 0.27579063177108765, 1.0412997007369995, 0.3367195129394531, 1.5234375, 0.517822265625, 35.93267822265625, 1.53369140625
66284, -0.5170417428016663, 1.5382760763168335, 0.9337525367736816, 0.1322392076253891, -0.06596416234970093, 1.1436359882354736, 0.02832776866853237, 0.003097518812865019, -0.03038320317864418, 0.09658423811197281, -0.08078697323799133, 1.123028039932251, 1.7249845027399948, 1.368352533348883, -2.299447208418713, 36117.0, 31190.0, 36080.0, 37885.0, 7.99338960647583, -3.8553550243377686, 10.736069679260254, -284.64141845703125, -0.43214917182922363, -2.729156017303467, 0.27579063177108765, 1.0412997007369995, 0.3367195129394531, 1.5234375, 0.517822265625, 35.93267822265625, 1.53369140625
66294, -2.1969432830810547, 1.584445595741272, 0.5551854968070984, 0.1322392076253891, -0.06596416234970093, 1.1436359882354736, 0.02832776866853237, 0.003097518812865019, -0.03038320317864418, 0.09556061029434204, -0.0777377337217331, 1.1217447519302368, 2.6400523625295267, 1.0713439383078196, -6.396609170758632, 36117.0, 31190.0, 36080.0, 37885.0, 8.05289363861084, -2.1421709060668945, 20.5289306640625, -20.626819610595703, -0.43214917182922363, -2.729156017303467, 0.27579063177108765, 1.0412997007369995, 0.3367195129394531, 1.5234375, 1.17626953125, 0.534088134765625, 1.53369140625
66304, -1.8127774000167847, 1.6462465524673462, 1.3746131658554077, 0.1322392076253891, -0.06596416234970093, 1.1436359882354736, 0.02832776866853237, 0.003097518812865019, -0.03038320317864418, 0.09591667354106903, -0.0760999396443367, 1.119978666305542, 2.433493014959615, 0.37395514269002206, -8.503090990655956, 37914.0, 30739.0, 34916.0, 36043.0, 8.05289363861084, -2.1421709060668945, 20.5289306640625, -20.626819610595703, -0.43214917182922363, -2.729156017303467, 0.27579063177108765, 1.0412997007369995, 0.3367195129394531, 1.5234375, 1.17626953125, 0.534088134765625, 1.53369140625
66314, -1.117070198059082, 1.4410603046417236, -1.3311898708343506, 0.1322392076253891, -0.06596416234970093, 1.1436359882354736, 0.02832776866853237, 0.003097518812865019, -0.03038320317864418, 0.09485393762588501, -0.07596917450428009, 1.1224775314331055, 3.363763368053785, 0.9095519518159847, -8.442276325490047, 37817.0, 30678.0, 34542.0, 36227.0, 7.933885097503662, -2.1421709060668945, 20.5289306640625, -20.626819610595703, -0.43214917182922363, -2.729156017303467, 0.27579063177108765, 1.0412997007369995, 0.3367195129394531, 1.5234375, 1.17626953125, 0.534088134765625, 1.53369140625
66324, -0.7023502588272095, 1.3342714309692383, -0.8254886269569397, 0.13143722712993622, -0.06684386730194092, 1.1422120332717896, 0.015056788921356201, 0.006830862257629633, -0.10661537945270538, 0.09483879059553146, -0.07482925802469254, 1.1209598779678345, 0.5639667711688986, 1.0222356133350559, -6.9654816914875255, 37817.0, 30678.0, 34542.0, 36227.0, 7.933885097503662, -28.47515869140625, -4.001039981842041, -112.59095764160156, -0.28526315093040466, -0.42228463292121887, 2.208926200866699, 1.0412997007369995, 0.3367195129394531, 1.5234375, 1.17626953125, 0.534088134765625, 1.5556640625
66384, -1.2881195545196533, 1.2077398300170898, -1.1053391695022583, 0.1297612488269806, -0.06812970340251923, 1.1396013498306274, -0.007448284886777401, 0.013233558274805546, 0.0052284421399235725, 0.092666395008564, -0.08206703513860703, 1.1211302280426025, 1.9798719352078504, 0.8557502114187798, -3.220080136539111, 38174.0, 30635.0, 34117.0, 36560.0, 7.973554611206055, 131.211181640625, -0.34007367491722107, 21.294553756713867, -0.050666797906160355, 0.9088547229766846, -0.5935538411140442, 1.0412997007369995, 0.3367195129394531, 1.5234375, 2.028076171875, 2.44708251953125, 1.52783203125
66414, 0.15277841687202454, 1.0063269138336182, 2.136559009552002, 0.12723909318447113, -0.06885216385126114, 1.1372594833374023, -0.02019697241485119, 0.015283937565982342, 0.03574395179748535, 0.0921613946557045, -0.07898710668087006, 1.119635820388794, 3.115532010722701, -0.11641008567667654, -9.603978794264549, 37394.0, 30914.0, 34321.0, 37424.0, 7.973554611206055, -25.334617614746094, -21.72800064086914, -364.2605285644531, 0.8882511854171753, -1.7774267196655273, -0.035368021577596664, 1.0412997007369995, 0.3367195129394531, 1.5234375, 2.028076171875, 2.44708251953125, 1.52783203125
66434, -1.5530905723571777, 1.019252896308899, 2.90565824508667, 0.12681572139263153, -0.06853575259447098, 1.136732578277588, -0.022721966728568077, 0.01616743393242359, -0.053649112582206726, 0.09042785316705704, -0.07902704924345016, 1.1223092079162598, 3.7644915545904203, 0.38668351177460636, -5.156984716760836, 36532.0, 31138.0, 35906.0, 38573.0, 7.973554611206055, -25.334617614746094, -21.72800064086914, -364.2605285644531, 0.27910155057907104, 0.9114299416542053, 2.1986489295959473, 1.0412997007369995, 0.3367195129394531, 1.5234375, 2.028076171875, 2.44708251953125, 1.52783203125
66444, -1.7465347051620483, 1.063941240310669, 1.9179219007492065, 0.12681572139263153, -0.06853575259447098, 1.136732578277588, -0.022721966728568077, 0.01616743393242359, -0.053649112582206726, 0.09067579358816147, -0.079879030585289, 1.1208829879760742, 4.242156917690771, 0.32461507910230125, -1.605635081725826, 36532.0, 31138.0, 35906.0, 38573.0, 7.973554611206055, 42.02349853515625, 12.274358749389648, -29.344451904296875, 0.27910155057907104, 0.9114299416542053, 2.1986489295959473, 1.0412997007369995, 0.3367195129394531, 1.5234375, 2.028076171875, 2.44708251953125, 1.585693359375
66534, -0.03998902812600136, 0.1380857527256012, -1.3279178142547607, 0.11790531128644943, -0.06886173784732819, 1.1317431926727295, -0.05040735378861427, 0.024247825145721436, -0.09580057114362717, 0.08970137685537338, -0.08574586361646652, 1.1219526529312134, 2.263404600765344, -0.27618453617762384, 1.0047576675837475, 38437.0, 30707.0, 33416.0, 36822.0, 7.9537200927734375, -2.51973819732666, 47.342987060546875, 120.0313491821289, 0.16373282670974731, 1.2818725109100342, 0.7198777198791504, 1.0412997007369995, 0.3367195129394531, 1.5234375, 2.028076171875, 2.44708251953125, 1.55859375
66544, -0.16826266050338745, 0.18562568724155426, -2.694357395172119, 0.11790531128644943, -0.06886173784732819, 1.1317431926727295, -0.05040735378861427, 0.024247825145721436, -0.09580057114362717, 0.08863475173711777, -0.08728744089603424, 1.121133804321289, -1.2900099270654146, 0.25566081006991226, 0.8426113050489862, 37037.0, 31334.0, 34533.0, 38449.0, 7.9537200927734375, 62.6457405090332, -18.2635498046875, -52.67469024658203, 0.16373282670974731, 1.2818725109100342, 0.7198777198791504, 1.0412997007369995, 0.3367195129394531, 1.5234375, 2.028076171875, 2.44708251953125, 1.55859375
66554, 0.6606035828590393, -0.032772354781627655, 2.2835676670074463, 0.11790531128644943, -0.06886173784732819, 1.1317431926727295, -0.05040735378861427, 0.024247825145721436, -0.09580057114362717, 0.08858820050954819, -0.08600431680679321, 1.1233707666397095, 1.7156433886240938, 0.541819280813371, -4.170109005232589, 37037.0, 31334.0, 34533.0, 38449.0, 7.973554611206055, 62.6457405090332, -18.2635498046875, -52.67469024658203, 0.16373282670974731, 1.2818725109100342, 0.7198777198791504, 1.0412997007369995, 0.3367195129394531, 1.5234375, 2.028076171875, 2.44708251953125, 1.481689453125
66564, 0.4379609227180481, 0.06514400988817215, -0.7908518314361572, 0.11790531128644943, -0.06886173784732819, 1.1317431926727295, -0.05040735378861427, 0.024247825145721436, -0.09580057114362717, 0.08839408308267593, -0.08407774567604065, 1.1224424839019775, 1.7194629730141109, 0.1617332615641942, -8.934665631470665, 37037.0, 31334.0, 34533.0, 38449.0, 7.973554611206055, -32.5051383972168, 3.8929851055145264, 381.9331970214844, 0.16373282670974731, 1.2818725109100342, 0.7198777198791504, 1.0412997007369995, 0.3367195129394531, 1.5234375, 2.028076171875, 2.44708251953125, 1.58056640625
66604, 0.19321663677692413, -0.2692994773387909, -1.373772144317627, 0.10950082540512085, -0.07079418003559113, 1.1275047063827515, -0.06500555574893951, 0.020842982456088066, -0.09667974710464478, 0.08884314447641373, -0.0892852395772934, 1.1243771314620972, 0.9686991707376886, -0.5157224388158284, 1.5337402360167112, 37966.0, 30949.0, 33742.0, 37642.0, 7.9537200927734375, -212.37777709960938, 6.369648456573486, -283.6955261230469, -0.49446558952331543, -1.634804606437683, 3.111161947250366, 1.0412997007369995, 0.3367195129394531, 1.5234375, 0.895751953125, 6.036407470703125, 1.571044921875
66634, 0.6613909006118774, -0.35083910822868347, -0.8975987434387207, 0.10757304728031158, -0.07013426721096039, 1.1263840198516846, -0.06422833353281021, 0.02405470982193947, -0.03808953985571861, 0.0896439477801323, -0.08699482679367065, 1.126193642616272, 1.795361432489224, 0.16222254604758746, -8.72803763936299, 37205.0, 31342.0, 34527.0, 38585.0, 7.973554611206055, -212.37777709960938, 6.369648456573486, -283.6955261230469, 0.3919789791107178, 2.6605687141418457, 1.2431914806365967, 1.0412997007369995, 0.3367195129394531, 1.5234375, 0.895751953125, 6.036407470703125, 1.51171875
66674, 0.3630675971508026, -0.7574434876441956, -1.4566307067871094, 0.1032191812992096, -0.07059133052825928, 1.1242930889129639, -0.06743349879980087, 0.022023336961865425, -0.09697617590427399, 0.0898655578494072, -0.0908927172422409, 1.1267035007476807, -1.3311400100749835, 0.17385516863282646, 1.0266846023165346, 38126.0, 31070.0, 33952.0, 37834.0, 7.9537200927734375, -222.19300842285156, 3.710740804672241, -207.22476196289062, -0.543482780456543, -1.3645665645599365, 3.233002185821533, 1.0412997007369995, 0.3367195129394531, 1.5234375, 0.895751953125, 6.036407470703125, 1.54541015625
66684, -0.09000841528177261, -0.7310964465141296, -2.42978835105896, 0.1032191812992096, -0.07059133052825928, 1.1242930889129639, -0.06743349879980087, 0.022023336961865425, -0.09697617590427399, 0.09013810753822327, -0.08968909084796906, 1.1294493675231934, 1.22403546463858, 0.9118584343461578, -4.198422993432408, 37347.0, 31401.0, 34712.0, 38810.0, 7.9537200927734375, 84.81908416748047, -9.516087532043457, -113.52682495117188, -0.543482780456543, -1.3645665645599365, 3.233002185821533, 1.0412997007369995, 0.3367195129394531, 1.5234375, 0.895751953125, 6.036407470703125, 1.5380859375
66694, 0.9195642471313477, -0.8537890315055847, 1.7643792629241943, 0.10190076380968094, -0.07014074176549911, 1.1230746507644653, -0.0632721334695816, 0.022767484188079834, 0.05437802895903587, 0.09084994345903397, -0.08638332784175873, 1.129159688949585, 2.217852520513858, 0.2061984670876882, -10.249415360921384, 37288.0, 31463.0, 35861.0, 39064.0, 7.973554611206055, 5.189054012298584, -13.822169303894043, -44.112491607666016, -0.5574005842208862, -2.2274301052093506, 0.5354353189468384, 1.0412997007369995, 0.3367195129394531, 1.5234375, 0.895751953125, 6.036407470703125, 1.544677734375
66704, 0.8031136393547058, -0.8281574845314026, -0.6527776122093201, 0.10126857459545135, -0.06991302222013474, 1.1231696605682373, -0.06361326575279236, 0.02440919727087021, -0.035317208617925644, 0.0910329520702362, -0.08452963829040527, 1.1298472881317139, -0.5530129667762056, 1.0213118813366577, -6.581924721585732, 37288.0, 31463.0, 35861.0, 39064.0, 7.933885097503662, -51.5737419128418, 4.992574691772461, 306.8532409667969, 0.4950661361217499, 2.6923458576202393, 1.241896152496338, 1.0412997007369995, 0.3367195129394531, 1.5234375, 0.895751953125, 6.036407470703125, 1.5673828125
66714, -0.5853046774864197, -0.79603511095047, 3.284790515899658, 0.0992765873670578, -0.0718136578798294, 1.122300624847412, -0.06613422930240631, 0.017442088574171066, -0.05774670094251633, 0.09146833419799805, -0.08709181100130081, 1.1310349702835083, 3.22669319703937, 0.34723244659380725, 0.1951475302766799, 37181.0, 31373.0, 35512.0, 38914.0, 7.99338960647583, -51.5737419128418, 4.992574691772461, 306.8532409667969, 0.06130661070346832, 1.6423611640930176, 1.839780330657959, 1.0412997007369995, 0.3367195129394531, 1.5234375, 0.895751953125, 6.036407470703125, 1.535888671875
66724, -1.4457647800445557, -0.8018045425415039, 1.3970413208007812, 0.09862317889928818, -0.07164710760116577, 1.1217875480651855, -0.06467609107494354, 0.016327640041708946, -0.044895172119140625, 0.09177703410387039, -0.09048314392566681, 1.1315855979919434, -1.7606631709623908, 0.7942333940313517, -0.656388536839274, 37181.0, 31373.0, 35512.0, 38914.0, 7.973554611206055, 123.73162841796875, -16.521949768066406, 245.2715301513672, -0.44450387358665466, -0.34116876125335693, -0.3019063472747803, 1.0412997007369995, 0.3367195129394531, 1.5234375, 1.855224609375, 1.194732666015625, 1.541015625
66734, -0.7133266925811768, -0.9736457467079163, -0.5596703886985779, 0.097987599670887, -0.0714745745062828, 1.1216899156570435, -0.06242203339934349, 0.01917131058871746, 0.025343598797917366, 0.09260144829750061, -0.08789587020874023, 1.133455514907837, 1.6723262008259083, 1.2291817409119972, -8.987716715658278, 38990.0, 30888.0, 33701.0, 37169.0, 7.973554611206055, 113.09525299072266, 24.404415130615234, -380.2786865234375, -0.015054621733725071, 1.3663511276245117, 0.8202041983604431, 1.0412997007369995, 0.3367195129394531, 1.5234375, 1.855224609375, 1.194732666015625, 1.541015625
66784, -1.0200039148330688, -1.0920206308364868, 3.224924325942993, 0.09420459717512131, -0.07303591817617416, 1.120043396949768, -0.05743081122636795, 0.015780072659254074, -0.04941495507955551, 0.0947539359331131, -0.0914568305015564, 1.1353274583816528, -0.9947017314323985, 1.0501980057161404, -0.1970151151440534, 38990.0, 30888.0, 33701.0, 37169.0, 7.973554611206055, -60.811309814453125, 32.41743469238281, 217.54220581054688, 0.15571185946464539, 1.3131476640701294, 2.0373849868774414, 1.0412997007369995, 0.3367195129394531, 1.5234375, 1.855224609375, 1.194732666015625, 1.53076171875
66794, -1.6937068700790405, -1.1145609617233276, 1.6925990581512451, 0.09420459717512131, -0.07303591817617416, 1.120043396949768, -0.05743081122636795, 0.015780072659254074, -0.04941495507955551, 0.09494752436876297, -0.09013411402702332, 1.1379972696304321, 1.6006800561998602, 1.8930564673704566, -5.194722925458461, 38771.0, 31153.0, 35254.0, 37502.0, 7.973554611206055, 117.61337280273438, -5.529332637786865, 197.49124145507812, 0.15571185946464539, 1.3131476640701294, 2.0373849868774414, 1.0412997007369995, 0.3367195129394531, 1.5234375, 1.855224609375, 1.194732666015625, 1.564453125
66844, 0.33144500851631165, -1.4811040163040161, -0.4436905086040497, 0.0906667709350586, -0.07410427927970886, 1.1188311576843262, -0.04610280320048332, 0.01886099949479103, -0.033070310950279236, 0.09509415179491043, -0.08619658648967743, 1.1406381130218506, 3.4365895561816724, 1.7326925960057622, -2.9846885554267844, 39121.0, 30966.0, 34157.0, 37189.0, 7.9537200927734375, 126.55206298828125, 39.49039077758789, 220.78160095214844, 0.8292436003684998, 2.443153142929077, 1.0075563192367554, 1.0412997007369995, 0.3367195129394531, 1.5234375, 1.855224609375, 1.194732666015625, 1.55419921875
66904, 0.1288946121931076, -1.6113425493240356, 1.359843134880066, 0.08889846503734589, -0.0753856748342514, 1.1185506582260132, -0.03914272412657738, 0.01799742504954338, -0.10645639151334763, 0.09673463553190231, -0.08887938410043716, 1.141074299812317, 2.3216051676272627, 2.2003002364960764, -6.52706550538187, 37596.0, 31769.0, 36459.0, 38893.0, 7.973554611206055, 126.55206298828125, 39.49039077758789, 220.78160095214844, -0.5350874066352844, -0.5657153725624084, 0.7626598477363586, 1.0412997007369995, 0.3367195129394531, 1.5234375, 1.855224609375, 1.194732666015625, 1.55419921875
66914, -0.09162333607673645, -1.6216238737106323, -0.169557124376297, 0.08889846503734589, -0.0753856748342514, 1.1185506582260132, -0.03914272412657738, 0.01799742504954338, -0.10645639151334763, 0.0971173495054245, -0.08775217831134796, 1.1407470703125, 1.9839197540136513, 2.0808305963797693, -8.564087412023632, 37216.0, 31636.0, 36573.0, 39059.0, 7.973554611206055, -156.3600616455078, -0.9967679977416992, 507.7210388183594, -0.5350874066352844, -0.5657153725624084, 0.7626598477363586, 1.0412997007369995, 0.3367195129394531, 1.5234375, 1.855224609375, 1.194732666015625, 1.55419921875
66924, -2.0762338638305664, -1.5661661624908447, 2.870601177215576, 0.08889846503734589, -0.0753856748342514, 1.1185506582260132, -0.03914272412657738, 0.01799742504954338, -0.10645639151334763, 0.09690286219120026, -0.08636768907308578, 1.1417771577835083, 2.6936014697366875, 2.445857881633117, -8.587100101983943, 37608.0, 31522.0, 36030.0, 38480.0, 7.99338960647583, -156.3600616455078, -0.9967679977416992, 507.7210388183594, 0.2753819227218628, 0.7130404114723206, 2.2437007427215576, 1.0412997007369995, 0.3367195129394531, 1.5234375, 1.855224609375, 1.194732666015625, 1.55419921875
66964, -1.0047413110733032, -1.561171531677246, -3.2678275108337402, 0.08701620250940323, -0.0762839987874031, 1.118194341659546, -0.013963381759822369, 0.02679227478802204, -0.0041744462214410305, 0.09665724635124207, -0.08600123226642609, 1.143452525138855, 3.5857969219753505, 2.0929787850034813, -2.6806592708786288, 39036.0, 31344.0, 35133.0, 37009.0, 7.99338960647583, 143.6321563720703, -4.924225807189941, -171.57012939453125, 0.6081992387771606, -2.457477331161499, -0.036180589348077774, 1.0412997007369995, 0.3367195129394531, 1.5234375, 1.855224609375, 1.194732666015625, 1.568115234375
66984, -0.3639526069164276, -1.5345317125320435, 0.1284608095884323, 0.0872630700469017, -0.07889332622289658, 1.120322585105896, -0.007435937877744436, 0.022385243326425552, -0.012480043806135654, 0.09807310253381729, -0.0914192795753479, 1.1420379877090454, 1.3032356060973964, 1.9033411870291275, 0.4548911578936955, 39036.0, 31344.0, 35133.0, 37009.0, 7.933885097503662, 143.6321563720703, -4.924225807189941, -171.57012939453125, 0.5956705808639526, 1.9029864072799683, 0.844709575176239, 1.0412997007369995, 0.3367195129394531, 1.5234375, 1.855224609375, 1.194732666015625, 1.5703125
66994, -2.283249855041504, -1.472497582435608, 2.5119106769561768, 0.08720263838768005, -0.07866889238357544, 1.1202033758163452, -0.004651696886867285, 0.022448429837822914, -0.011357712559401989, 0.09816893935203552, -0.09120067209005356, 1.1416642665863037, -0.6834729636756427, 2.2711144021352254, -1.0456669046812002, 37580.0, 31470.0, 36067.0, 38247.0, 7.99338960647583, 143.6321563720703, -4.924225807189941, -171.57012939453125, 0.21838828921318054, 0.26178574562072754, 2.2143938541412354, 1.0412997007369995, 0.3367195129394531, 1.5234375, 1.855224609375, 1.194732666015625, 1.5703125
67014, -1.2053271532058716, -1.4509891271591187, -2.1233091354370117, 0.08716726303100586, -0.07817796617746353, 1.1202635765075684, 0.0014243421610444784, 0.028937432914972305, 0.03705606609582901, 0.09853346645832062, -0.08670336753129959, 1.1418063640594482, 2.081622770279499, 2.200941153181873, -8.654801105875007, 38851.0, 31265.0, 35172.0, 36925.0, 7.9140496253967285, 141.38592529296875, -21.437986373901367, -92.27103424072266, 0.3478827476501465, 0.7766268849372864, -0.7717723846435547, 1.0412997007369995, 0.3367195129394531, 1.5234375, 1.855224609375, 1.194732666015625, 1.52783203125
67054, -0.3661366105079651, -1.2309287786483765, 0.5697351098060608, 0.08802638202905655, -0.07939336448907852, 1.1223498582839966, 0.012261465191841125, 0.029889827594161034, -0.0006808348698541522, 0.09839054197072983, -0.09124115109443665, 1.142470121383667, -0.9306243336480506, 2.7540963703912382, -0.5538441256557409, 37037.0, 31686.0, 36772.0, 38792.0, 7.9537200927734375, -164.58616638183594, 0.20454590022563934, 575.8367919921875, -0.5384369492530823, 0.4289732575416565, 0.9585759043693542, 1.0412997007369995, 0.3367195129394531, 1.5234375, 1.855224609375, 1.194732666015625, 1.640625
67074, -1.7761921882629395, -1.0165395736694336, 1.3796284198760986, 0.08832006901502609, -0.07879143953323364, 1.1225311756134033, 0.017035409808158875, 0.03118986263871193, 0.021210089325904846, 0.09801273792982101, -0.08765288442373276, 1.142798900604248, 1.994029733705941, 3.1071761376763902, -7.994758373982502, 37339.0, 31361.0, 35917.0, 37969.0, 8.033059120178223, -164.58616638183594, 0.20454590022563934, 575.8367919921875, 0.3260951340198517, 0.6904361844062805, -0.7235279679298401, 1.0412997007369995, 0.3367195129394531, 1.5234375, 1.855224609375, 1.194732666015625, 1.5498046875
67114, 0.10236407816410065, -0.8993430137634277, 1.294776201248169, 0.08990661054849625, -0.07934661209583282, 1.1256866455078125, 0.02808794565498829, 0.036270685493946075, 0.09660783410072327, 0.0973285362124443, -0.08689101785421371, 1.142390489578247, 3.2722362225224857, 2.9890662251902995, -0.5277323316099729, 37339.0, 31361.0, 35917.0, 37969.0, 7.9537200927734375, -164.58616638183594, 0.20454590022563934, 575.8367919921875, -0.5343589782714844, 0.41400954127311707, 1.036616325378418, 1.0412997007369995, 0.3367195129394531, 1.5234375, 1.855224609375, 1.194732666015625, 1.53955078125
67144, -1.6444326639175415, -0.5237143039703369, 1.3144105672836304, 0.09148578345775604, -0.08060772716999054, 1.1286805868148804, 0.03337208554148674, 0.03177599981427193, 0.038052789866924286, 0.0961504578590393, -0.08709488809108734, 1.1415776014328003, 2.00830512319912, 3.4101248166151095, -7.92712531353341, 38167.0, 30982.0, 35204.0, 36287.0, 7.973554611206055, 27.415517807006836, 28.112815856933594, -391.3537902832031, 0.2775894105434418, 0.3958953320980072, 2.108450174331665, 1.0412997007369995, 0.3367195129394531, 1.5234375, 1.855224609375, 1.194732666015625, 1.53955078125
67154, -0.9054251909255981, -0.6177574396133423, -2.196033239364624, 0.09182676672935486, -0.080265574157238, 1.1292498111724854, 0.03478466346859932, 0.03638041391968727, 0.07583966106176376, 0.09576226025819778, -0.08650954812765121, 1.141502022743225, 1.3482307129044573, 3.4171413310628225, -6.967522682207121, 38167.0, 30982.0, 35204.0, 36287.0, 7.9537200927734375, 27.415517807006836, 28.112815856933594, -391.3537902832031, 0.4708457291126251, 0.31077975034713745, 1.5924674272537231, 1.0412997007369995, 0.3367195129394531, 1.5234375, 1.855224609375, 1.194732666015625, 1.5322265625
67194, 0.0714426040649414, -0.3520703911781311, 0.399535208940506, 0.09381852298974991, -0.08154410868883133, 1.1325783729553223, 0.04000815749168396, 0.03452707827091217, 0.02844197489321232, 0.09144168347120285, -0.08478613197803497, 1.1395113468170166, 2.593439402658098, 3.4174559886232885, -8.722942252916814, 36517.0, 31476.0, 36254.0, 37870.0, 7.973554611206055, -139.02175903320312, 6.263909339904785, 538.998291015625, 0.5420727133750916, 1.5106092691421509, 0.9217314720153809, 1.0412997007369995, 0.3367195129394531, 1.5234375, 1.8017578125, 0.9795989990234375, 1.53369140625
67234, -0.22572413086891174, -0.2872983515262604, -1.4527713060379028, 0.09547079354524612, -0.08012589812278748, 1.1338250637054443, 0.041775234043598175, 0.038630012422800064, -0.058980513364076614, 0.0875636413693428, -0.08575686067342758, 1.1370259523391724, 2.3234441092365556, 3.081130754876199, -5.71096322089757, 36753.0, 31051.0, 34737.0, 37058.0, 7.973554611206055, 54.028507232666016, 12.714181900024414, -158.26072692871094, -0.5397902727127075, -1.14700186252594, 2.8873708248138428, 1.0412997007369995, 0.3367195129394531, 1.5234375, 1.99072265625, 2.0738525390625, 1.53662109375
67244, -0.5169759392738342, 0.013919686898589134, -2.7026145458221436, 0.0961964875459671, -0.08195432275533676, 1.134988784790039, 0.043270599097013474, 0.03456766530871391, 0.0015954652335494757, 0.08688133955001831, -0.0841347947716713, 1.1359829902648926, 2.611701636481566, 2.457162444966343, -7.731140116085426, 36335.0, 31386.0, 35597.0, 37694.0, 7.99338960647583, 125.55863952636719, 27.110610961914062, 405.75445556640625, 0.7391179800033569, -1.9429317712783813, -0.29869189858436584, 1.0412997007369995, 0.3367195129394531, 1.5234375, 1.99072265625, 2.0738525390625, 1.53662109375
67254, 0.3797832131385803, -0.11225283145904541, 2.1448512077331543, 0.09663417190313339, -0.08160493522882462, 1.1354886293411255, 0.04380828142166138, 0.03581179678440094, 0.0983719676733017, 0.08477471023797989, -0.08285918086767197, 1.1352109909057617, 4.464931534901783, 2.3268597419201456, -1.5338615423706194, 36276.0, 31376.0, 36433.0, 37884.0, 7.99338960647583, -8.342790603637695, -34.37766647338867, -344.48101806640625, -0.48205873370170593, -1.3006336688995361, 0.765792191028595, 1.0412997007369995, 0.3367195129394531, 1.5234375, 1.99072265625, 2.0738525390625, 1.53662109375
67274, -1.1856684684753418, 0.18247351050376892, 2.909456253051758, 0.0975094735622406, -0.08087529242038727, 1.1359540224075317, 0.04384379833936691, 0.036863818764686584, -0.002709684194996953, 0.08164094388484955, -0.08285891264677048, 1.1325833797454834, 2.2764519843695283, 2.2612254969132835, -8.296599321347777, 36276.0, 31376.0, 36433.0, 37884.0, 8.013224601745605, -199.7911376953125, 9.40380859375, -423.22869873046875, 0.21502280235290527, 1.3441638946533203, 1.6947507858276367, 1.0412997007369995, 0.3367195129394531, 1.5234375, 2.208984375, 5.651641845703125, 1.55712890625
67284, -1.6941930055618286, 0.2606062591075897, 1.1097646951675415, 0.0979476273059845, -0.08050929009914398, 1.1359014511108398, 0.04389522969722748, 0.03626885265111923, -0.007755664177238941, 0.0811878889799118, -0.08311724662780762, 1.1325998306274414, 2.063538382072417, 2.1614818520710912, -7.389525452525111, 36276.0, 31376.0, 36433.0, 37884.0, 7.9537200927734375, 100.95402526855469, -21.593658447265625, 179.86495971679688, 0.21502280235290527, 1.3441638946533203, 1.6947507858276367, 1.0412997007369995, 0.3367195129394531, 1.5234375, 2.208984375, 5.651641845703125, 1.55712890625
67364, -1.379213571548462, 0.7234001159667969, 0.10479221493005753, 0.10055935382843018, -0.08115261793136597, 1.139165997505188, 0.03717333823442459, 0.03910215198993683, 0.037083737552165985, 0.07425488531589508, -0.08008867502212524, 1.1304253339767456, 3.5231172955751426, 1.6373641185135455, -3.936816507384611, 37358.0, 30742.0, 34672.0, 36494.0, 7.933885097503662, 76.30828857421875, 19.71590232849121, -513.71728515625, -0.5226600766181946, -0.6639894247055054, 0.44858676195144653, 1.0412997007369995, 0.3367195129394531, 1.5234375, 2.208984375, 5.651641845703125, 1.552001953125
67374, -0.3888148069381714, 0.720553994178772, -1.9724537134170532, 0.10093014687299728, -0.08075856417417526, 1.1391291618347168, 0.037154458463191986, 0.04075217247009277, -0.044424887746572495, 0.07462195307016373, -0.08434244245290756, 1.1284946203231812, 1.9278691877405327, 1.162442505188011, 1.2090614359184553, 37358.0, 30742.0, 34672.0, 36494.0, 7.973554611206055, 76.30828857421875, 19.71590232849121, -513.71728515625, 0.04247410222887993, -1.1291667222976685, 2.8184146881103516, 1.0412997007369995, 0.3367195129394531, 1.5234375, 2.208984375, 5.651641845703125, 1.5205078125
67384, -0.7799815535545349, 0.7159465551376343, -1.766889214515686, 0.10093014687299728, -0.08075856417417526, 1.1391291618347168, 0.037154458463191986, 0.04075217247009277, -0.044424887746572495, 0.07358779013156891, -0.08432948589324951, 1.1273528337478638, 0.3280564268162196, 1.5345343215426226, 1.5253958261357239, 36519.0, 30913.0, 34769.0, 37506.0, 7.973554611206055, -22.97990608215332, -66.760986328125, -447.7017822265625, 0.04247410222887993, -1.1291667222976685, 2.8184146881103516, 1.0412997007369995, 0.3367195129394531, 1.5234375, 2.208984375, 5.651641845703125, 1.5205078125
67394, -0.048346392810344696, 0.7302291989326477, 0.8452916145324707, 0.10093014687299728, -0.08075856417417526, 1.1391291618347168, 0.037154458463191986, 0.04075217247009277, -0.044424887746572495, 0.0730249434709549, -0.08468969911336899, 1.1278424263000488, 1.0198085311256806, 1.7133634207529838, -2.5076124299982188, 36597.0, 31035.0, 35936.0, 37619.0, 7.99338960647583, -22.97990608215332, -66.760986328125, -447.7017822265625, -0.5242521166801453, -2.7823524475097656, 0.5811251401901245, 1.0412997007369995, 0.3367195129394531, 1.5234375, 2.208984375, 5.651641845703125, 1.5205078125
67404, 0.1816902607679367, 0.849321722984314, -0.23619236052036285, 0.10093014687299728, -0.08075856417417526, 1.1391291618347168, 0.037154458463191986, 0.04075217247009277, -0.044424887746572495, 0.07204063981771469, -0.08076191693544388, 1.1266663074493408, 2.03335824466531, 1.5385284196831037, -8.071190380205604, 36160.0, 31054.0, 35855.0, 37922.0, 7.99338960647583, 9.025579452514648, -6.536344051361084, -101.6209487915039, -0.5242521166801453, -2.7823524475097656, 0.5811251401901245, 1.0412997007369995, 0.3367195129394531, 1.5234375, 2.208984375, 5.651641845703125, 1.546875
67424, -2.199676275253296, 0.9149119257926941, 1.0197532176971436, 0.10174162685871124, -0.08121012896299362, 1.1398251056671143, 0.028509145602583885, 0.0405549630522728, -0.01269033458083868, 0.07077332586050034, -0.0806109607219696, 1.1270698308944702, 2.6320723250069333, 1.481397669362707, -5.839213191009435, 36160.0, 31054.0, 35855.0, 37922.0, 7.99338960647583, 43.45904541015625, -23.648231506347656, 166.7648468017578, -0.6008065342903137, 1.5328930616378784, 0.7174019813537598, 1.0412997007369995, 0.3367195129394531, 1.5234375, 2.208984375, 5.651641845703125, 1.53955078125
67514, -0.8131274580955505, 0.7037973403930664, -1.860830307006836, 0.10065572708845139, -0.08093070238828659, 1.1390806436538696, 0.010287567973136902, 0.04261587932705879, -0.042695313692092896, 0.06772521138191223, -0.0778040736913681, 1.1246265172958374, -0.7353239462540413, 2.2103321131050677, -7.4222805718253975, 38029.0, 30688.0, 33443.0, 36472.0, 7.9140496253967285, 43.45904541015625, -23.648231506347656, 166.7648468017578, 0.1894034594297409, 0.754457950592041, -0.5402907133102417, 1.0412997007369995, 0.3367195129394531, 1.5234375, 2.208984375, 5.651641845703125, 1.56591796875
67524, -0.4641282856464386, 0.5044984221458435, -1.0304338932037354, 0.10065572708845139, -0.08093070238828659, 1.1390806436538696, 0.010287567973136902, 0.04261587932705879, -0.042695313692092896, 0.06725151836872101, -0.07916209846735, 1.1258959770202637, 2.895666819004146, 1.3369682977784976, -5.225383925910582, 37067.0, 30890.0, 34019.0, 37561.0, 7.9140496253967285, -76.57986450195312, -5.823652267456055, -157.64491271972656, 0.1894034594297409, 0.754457950592041, -0.5402907133102417, 1.0412997007369995, 0.3367195129394531, 1.5234375, 2.208984375, 5.651641845703125, 1.56591796875
67534, -0.46588173508644104, 0.6397155523300171, -2.560410499572754, 0.10090131312608719, -0.07951752096414566, 1.1373406648635864, 0.005959362257272005, 0.05056369677186012, -0.012178974226117134, 0.06778131425380707, -0.0814342200756073, 1.1245059967041016, 2.341036654228616, 0.6971598000655774, 0.6439511654519369, 36838.0, 31232.0, 35049.0, 38009.0, 7.973554611206055, -76.57986450195312, -5.823652267456055, -157.64491271972656, 0.35031041502952576, -2.4913668632507324, 0.044882941991090775, 1.0412997007369995, 0.3367195129394531, 1.5234375, 2.208984375, 5.651641845703125, 1.56591796875
67544, 0.3030542731285095, 0.6190364956855774, 1.2492461204528809, 0.10090131312608719, -0.07951752096414566, 1.1373406648635864, 0.005959362257272005, 0.05056369677186012, -0.012178974226117134, 0.06681894510984421, -0.08315183967351913, 1.1235804557800293, -0.14315983872342386, 0.9107724776264661, 1.6135494915020738, 36838.0, 31232.0, 35049.0, 38009.0, 7.973554611206055, -76.57986450195312, -5.823652267456055, -157.64491271972656, -0.2981187701225281, 0.2879444658756256, 0.9856246709823608, 1.0412997007369995, 0.3367195129394531, 1.5234375, 2.208984375, 5.651641845703125, 1.5146484375
67624, 0.482164591550827, 0.15768417716026306, 0.19364787638187408, 0.09638603031635284, -0.07989952713251114, 1.1356886625289917, -0.012897375971078873, 0.04805896803736687, 0.03208348900079727, 0.06451664119958878, -0.08190710097551346, 1.1240344047546387, -0.10961646313151187, 0.6686493600321057, 2.1424939432739154, 36327.0, 31224.0, 36183.0, 38557.0, 7.933885097503662, -151.33351135253906, 13.27293586730957, 546.98876953125, -0.41960951685905457, -0.6845294237136841, 0.8210991024971008, 1.0412997007369995, 0.3367195129394531, 1.5234375, 2.208984375, 5.651641845703125, 1.546875
67634, -1.2527767419815063, 0.1654997169971466, 3.1031322479248047, 0.09638603031635284, -0.07989952713251114, 1.1356886625289917, -0.012897375971078873, 0.04805896803736687, 0.03208348900079727, 0.06431523710489273, -0.08117713779211044, 1.1245008707046509, -2.3019290233990706, 1.0307458138330503, 0.7722484295934724, 36709.0, 31077.0, 35540.0, 38077.0, 7.973554611206055, -151.33351135253906, 13.27293586730957, 546.98876953125, -0.41960951685905457, -0.6845294237136841, 0.8210991024971008, 1.0412997007369995, 0.3367195129394531, 1.5234375, 2.208984375, 5.651641845703125, 1.546875
67694, 0.6766901612281799, -0.30777162313461304, -0.041289739310741425, 0.09245161712169647, -0.07727912068367004, 1.1325459480285645, -0.02104596048593521, 0.052264951169490814, -0.06119781732559204, 0.06337051838636398, -0.07681913673877716, 1.126440167427063, 4.856319554990437, 0.6109606621448336, -2.1141066322028346, 36709.0, 31077.0, 35540.0, 38077.0, 7.9537200927734375, -71.21276092529297, 18.765094757080078, 135.53790283203125, -0.5163771510124207, -1.343428134918213, 0.8093217015266418, 1.0412997007369995, 0.3367195129394531, 1.5234375, 2.208984375, 5.651641845703125, 1.557861328125
67724, -0.7400815486907959, -0.42215850949287415, -0.7469431161880493, 0.08905552327632904, -0.07734749466180801, 1.1311513185501099, -0.026748834177851677, 0.049382809549570084, -0.004768699873238802, 0.06319405883550644, -0.07988499850034714, 1.126082181930542, -2.056496527983277, 0.8297991435904635, 0.5981556391999041, 36709.0, 31077.0, 35540.0, 38077.0, 7.973554611206055, -71.21276092529297, 18.765094757080078, 135.53790283203125, 0.07147515565156937, 1.3972169160842896, 0.8905214667320251, 1.0412997007369995, 0.3367195129394531, 1.5234375, 2.208984375, 5.651641845703125, 1.557861328125
67754, 0.6122398972511292, -0.6682381629943848, 1.5861846208572388, 0.08569309115409851, -0.07795397937297821, 1.1293240785598755, -0.030792374163866043, 0.0470377579331398, 0.028831131756305695, 0.06311075389385223, -0.0761057585477829, 1.1270085573196411, 1.8634069345105082, 0.8659475460069075, -9.20547801466086, 37201.0, 31337.0, 34744.0, 38407.0, 7.973554611206055, 108.38532257080078, 34.189517974853516, 101.09660339355469, -0.7880544662475586, -0.9075318574905396, 3.200334072113037, 1.0412997007369995, 0.3367195129394531, 1.5234375, 2.208984375, 5.651641845703125, 1.587890625
67764, 0.661604106426239, -0.7021911144256592, -0.18841686844825745, 0.08569309115409851, -0.07795397937297821, 1.1293240785598755, -0.030792374163866043, 0.0470377579331398, 0.028831131756305695, 0.06426528841257095, -0.07625162601470947, 1.1281012296676636, 2.4549012167928588, 0.5635903460961913, -8.954735697816352, 36861.0, 31444.0, 36023.0, 38834.0, 7.933885097503662, 108.38532257080078, 34.189517974853516, 101.09660339355469, 0.6689128875732422, 2.5008230209350586, 1.0288833379745483, 1.0412997007369995, 0.3367195129394531, 1.5234375, 2.208984375, 5.651641845703125, 1.587890625
67824, 0.5898001194000244, -1.0304709672927856, 1.5777302980422974, 0.08123055845499039, -0.07629436999559402, 1.1256130933761597, -0.028506586328148842, 0.04985184594988823, 0.022873029112815857, 0.06353014707565308, -0.07498153299093246, 1.130037546157837, 1.9561593939848965, 0.9716838297463255, -9.336405230876, 36861.0, 31444.0, 36023.0, 38834.0, 7.9537200927734375, 115.64509582519531, 31.982229232788086, -375.97894287109375, -0.5406324863433838, -1.6930246353149414, 0.7187609076499939, 1.0412997007369995, 0.3367195129394531, 1.5234375, 2.208984375, 5.651641845703125, 1.5615234375
67844, -1.0518572330474854, -0.928058385848999, 3.224123477935791, 0.08066703379154205, -0.07527942955493927, 1.124657154083252, -0.027131278067827225, 0.05114917829632759, -0.07723825424909592, 0.06339500844478607, -0.07381279766559601, 1.1327924728393555, 3.3522386629909176, 1.1809797396123258, -4.310214874258449, 37192.0, 31192.0, 35321.0, 38830.0, 7.9537200927734375, -94.9144515991211, 6.702234268188477, 381.7226867675781, 0.006320558954030275, 1.424727439880371, 1.8645347356796265, 1.0412997007369995, 0.3367195129394531, 1.5234375, 2.208984375, 5.651641845703125, 1.5615234375
67874, -0.041747283190488815, -1.3191725015640259, -1.5063387155532837, 0.07758034020662308, -0.0751342698931694, 1.1233577728271484, -0.029787344858050346, 0.051696211099624634, -0.14031784236431122, 0.06405641883611679, -0.0769239217042923, 1.1325629949569702, -1.5131399212718877, 1.4731134445183045, -0.6586184026640122, 38304.0, 31183.0, 33892.0, 37937.0, 7.9537200927734375, -94.9144515991211, 6.702234268188477, 381.7226867675781, 0.07621672749519348, 1.4128655195236206, 0.9588295221328735, 1.0412997007369995, 0.3367195129394531, 1.5234375, 0.94189453125, 4.498809814453125, 1.55859375
67934, -0.959374725818634, -1.3698233366012573, -1.2474430799484253, 0.07411456108093262, -0.07376402616500854, 1.120521903038025, -0.020339880138635635, 0.0552816241979599, -0.00906846858561039, 0.06594295799732208, -0.07644262909889221, 1.1353154182434082, 2.190494629302835, 1.1728253324632192, 1.761094909634121, 37786.0, 31499.0, 35920.0, 38851.0, 7.9537200927734375, -203.75767517089844, 34.85982131958008, -388.9797668457031, 0.29904136061668396, 1.190515398979187, 1.1807433366775513, 1.0412997007369995, 0.3367195129394531, 1.5234375, 1.6962890625, 0.657958984375, 1.568115234375
67944, -0.1581365019083023, -1.5838145017623901, -1.3452168703079224, 0.07390742748975754, -0.07321728765964508, 1.1197497844696045, -0.021592214703559875, 0.05617351830005646, -0.14534685015678406, 0.06563015282154083, -0.07763811200857162, 1.1345229148864746, -0.7029937294892107, 1.7349534749797328, 0.3171656257777596, 37786.0, 31499.0, 35920.0, 38851.0, 7.973554611206055, -203.75767517089844, 34.85982131958008, -388.9797668457031, -0.981939971446991, -0.7063789963722229, 3.046752691268921, 1.0412997007369995, 0.3367195129394531, 1.5234375, 1.6962890625, 0.657958984375, 1.568115234375
67984, -1.6340450048446655, -1.4907417297363281, 3.2834532260894775, 0.07148115336894989, -0.07328164577484131, 1.119025707244873, -0.014143990352749825, 0.05415290221571922, -0.056431300938129425, 0.06629107147455215, -0.07387929409742355, 1.1363643407821655, 2.3719480579166063, 1.9433257022523378, -7.170441297632131, 37758.0, 31604.0, 36189.0, 39073.0, 7.9140496253967285, -148.12371826171875, 46.17622756958008, -443.1555480957031, 0.7920420169830322, 2.2507758140563965, 0.972737193107605, 1.0412997007369995, 0.3367195129394531, 1.5234375, 1.6962890625, 0.657958984375, 1.5703125
67994, -1.6492912769317627, -1.456484317779541, 2.306124687194824, 0.07148115336894989, -0.07328164577484131, 1.119025707244873, -0.014143990352749825, 0.05415290221571922, -0.056431300938129425, 0.06575760245323181, -0.07262053340673447, 1.137752890586853, 3.1427923961684825, 2.4341856264443322, -4.096428833354092, 39159.0, 31230.0, 34837.0, 37254.0, 7.9140496253967285, 88.47035217285156, 18.45856285095215, -68.1251220703125, 0.7920420169830322, 2.2507758140563965, 0.972737193107605, 1.0412997007369995, 0.3367195129394531, 1.5234375, 1.6962890625, 0.657958984375, 1.5234375
68004, -0.8096724152565002, -1.6476186513900757, -1.5037635564804077, 0.0712578073143959, -0.07217929512262344, 1.118271827697754, -0.007540509570389986, 0.05875818058848381, 0.01058042049407959, 0.06579601019620895, -0.07228346168994904, 1.1372706890106201, 4.639200837264102, 1.9206892312599848, -0.9247538495522762, 39159.0, 31230.0, 34837.0, 37254.0, 7.9140496253967285, 151.83084106445312, 1.4755220413208008, -187.56837463378906, 0.7920420169830322, 2.2507758140563965, 0.972737193107605, 1.0412997007369995, 0.3367195129394531, 1.5234375, 1.6962890625, 0.657958984375, 1.5615234375
68014, -0.19405120611190796, -1.8468559980392456, -0.9923442602157593, 0.0712578073143959, -0.07217929512262344, 1.118271827697754, -0.007540509570389986, 0.05875818058848381, 0.01058042049407959, 0.06597895920276642, -0.07637414336204529, 1.1359236240386963, 0.5481161790490492, 2.183304530787126, 1.2592399788942679, 38069.0, 31336.0, 34111.0, 38250.0, 7.9537200927734375, 151.83084106445312, 1.4755220413208008, -187.56837463378906, -0.8419249057769775, -0.5790428519248962, 2.606782913208008, 1.0412997007369995, 0.3367195129394531, 1.5234375, 1.6962890625, 0.657958984375, 1.5615234375
68054, -1.7158994674682617, -1.6462843418121338, 2.5942742824554443, 0.06948501616716385, -0.07148707658052444, 1.1184442043304443, 0.001535899587906897, 0.05716601759195328, -0.03330229967832565, 0.06588573008775711, -0.07207200676202774, 1.1378974914550781, 3.0116616254557305, 2.957652496006716, -4.016342865964315, 38069.0, 31336.0, 34111.0, 38250.0, 8.013224601745605, -8.355472564697266, -11.562799453735352, -385.6819152832031, 0.22776031494140625, 0.2764970660209656, 2.2273669242858887, 1.0412997007369995, 0.3367195129394531, 1.5234375, 1.5146484375, 0.225494384765625, 1.56591796875
68064, -1.352677822113037, -1.5267447233200073, 1.9951967000961304, 0.06951594352722168, -0.07091766595840454, 1.118146300315857, 0.004622821696102619, 0.05715542286634445, -0.02628684975206852, 0.06585061550140381, -0.07561022788286209, 1.1355617046356201, 0.3306419817903578, 2.8516936679534695, 1.1028889783926439, 38069.0, 31336.0, 34111.0, 38250.0, 8.013224601745605, -8.355472564697266, -11.562799453735352, -385.6819152832031, 0.3582642674446106, 0.6271578073501587, -0.7664853930473328, 1.0412997007369995, 0.3367195129394531, 1.5234375, 1.54541015625, 0.291656494140625, 1.53076171875
68084, -0.0936153456568718, -1.9437769651412964, -1.3233006000518799, 0.0682416558265686, -0.07136297225952148, 1.1196457147598267, 0.0035277330316603184, 0.05833489075303078, -0.10530625283718109, 0.06612185388803482, -0.07124664634466171, 1.1344866752624512, 1.7244600458771406, 2.647122766344353, -7.975466394716336, 38069.0, 31336.0, 34111.0, 38250.0, 7.9537200927734375, -87.44994354248047, -14.252727508544922, -98.75214385986328, 0.7261051535606384, 0.29860830307006836, 1.7884151935577393, 1.0412997007369995, 0.3367195129394531, 1.5234375, 1.1748046875, 0.5444488525390625, 1.5234375
68144, -0.18535955250263214, -1.6406714916229248, -2.44537353515625, 0.06785072386264801, -0.06977089494466782, 1.1219398975372314, 0.0224396213889122, 0.05723661556839943, 0.04033753648400307, 0.06384030729532242, -0.07203827798366547, 1.134674310684204, 1.825179010853002, 3.5644532523686223, -4.712605739635256, 38676.0, 31224.0, 34704.0, 36709.0, 8.013224601745605, 127.85562133789062, -17.323095321655273, -57.994075775146484, 0.3237014412879944, 0.5702624917030334, -0.7947871685028076, 1.0412997007369995, 0.3367195129394531, 1.5234375, 1.1748046875, 0.5444488525390625, 1.54833984375
68174, 0.9562742710113525, -1.4468849897384644, 1.2134170532226562, 0.06862355023622513, -0.06802517175674438, 1.1221208572387695, 0.03211769089102745, 0.05836305767297745, 0.06896597892045975, 0.06265000998973846, -0.0705278068780899, 1.1341365575790405, 2.4407276240805333, 3.220149684846774, -5.806511586004582, 36734.0, 31616.0, 36572.0, 38504.0, 7.973554611206055, 145.0371856689453, 16.072153091430664, 886.2012329101562, -0.5560462474822998, 0.7185491919517517, 1.1393287181854248, 1.0412997007369995, 0.3367195129394531, 1.5234375, 1.1748046875, 0.5444488525390625, 1.56591796875
68224, 0.3050999343395233, -1.409761905670166, -1.3968241214752197, 0.0690845176577568, -0.06768687814474106, 1.1249815225601196, 0.03742293268442154, 0.054947379976511, -0.06761965900659561, 0.060313016176223755, -0.0693662092089653, 1.1303870677947998, 1.821819076843218, 3.2833492913503903, -6.184878614675908, 37967.0, 30901.0, 34288.0, 36632.0, 7.933885097503662, -92.27659606933594, -21.63922882080078, -83.72737121582031, 0.8008887767791748, 0.4217543601989746, 1.814501166343689, 1.0412997007369995, 0.3367195129394531, 1.5234375, 1.1748046875, 0.5444488525390625, 1.564453125
68234, 0.22238461673259735, -1.1940643787384033, -2.624504327774048, 0.0690845176577568, -0.06768687814474106, 1.1249815225601196, 0.03742293268442154, 0.054947379976511, -0.06761965900659561, 0.0595896914601326, -0.06745202094316483, 1.130462408065796, 2.4194114575230947, 3.3209157719826408, -7.6005175658798905, 36727.0, 31509.0, 36085.0, 38009.0, 7.973554611206055, -92.27659606933594, -21.63922882080078, -83.72737121582031, 0.20404717326164246, -2.641268730163574, 0.0899837389588356, 1.0412997007369995, 0.3367195129394531, 1.5234375, 1.1748046875, 0.5444488525390625, 1.564453125
68254, 0.750596284866333, -1.0385329723358154, 0.941983699798584, 0.06903877854347229, -0.06853625923395157, 1.128172516822815, 0.04311547055840492, 0.04826758801937103, 0.022777963429689407, 0.05866597965359688, -0.06728255748748779, 1.1295393705368042, 4.797758372352104, 2.4296777637745492, -3.3065720227939033, 36137.0, 31297.0, 36672.0, 38223.0, 7.973554611206055, -172.65113830566406, -12.078648567199707, 526.0264282226562, -0.47811874747276306, 0.4151604473590851, 1.045607566833496, 1.0412997007369995, 0.3367195129394531, 1.5234375, 1.1748046875, 0.5444488525390625, 1.52197265625
68304, -0.2917254865169525, -0.7869717478752136, -2.6315743923187256, 0.0700400099158287, -0.06766655296087265, 1.1304807662963867, 0.04821808263659477, 0.04535737633705139, 0.038479313254356384, 0.05526147410273552, -0.06471040099859238, 1.12721848487854, 2.687449985994179, 2.9991556156148533, -7.7214927626430905, 36816.0, 31075.0, 34454.0, 37169.0, 7.99338960647583, -110.65796661376953, 33.26301574707031, -478.2908630371094, 0.502139687538147, -2.5282046794891357, -0.13237419724464417, 1.0412997007369995, 0.3367195129394531, 1.5234375, 1.58349609375, 0.3784332275390625, 1.5263671875
68314, 0.7260263562202454, -0.6909548044204712, 1.777477741241455, 0.07053583860397339, -0.06721536070108414, 1.131157636642456, 0.05074905604124069, 0.045288488268852234, 0.09690877050161362, 0.05572262033820152, -0.06603974103927612, 1.1264500617980957, 2.1906360635557, 2.518697413392289, -7.271157038463859, 36816.0, 31075.0, 34454.0, 37169.0, 7.973554611206055, -110.65796661376953, 33.26301574707031, -478.2908630371094, -0.5047429203987122, -0.4115898013114929, 0.9502514004707336, 1.0412997007369995, 0.3367195129394531, 1.5234375, 1.58349609375, 0.3784332275390625, 1.5263671875
68364, 0.04004199802875519, -0.5036818385124207, -1.439638376235962, 0.07067308574914932, -0.06767778098583221, 1.1330515146255493, 0.049756892025470734, 0.039348892867565155, 0.0009420833666808903, 0.05270332470536232, -0.06655677407979965, 1.1242367029190063, -1.7108209172730455, 2.3717864442058954, -0.044308784378076685, 36977.0, 30845.0, 33960.0, 36856.0, 7.973554611206055, -110.65796661376953, 33.26301574707031, -478.2908630371094, 0.17033033072948456, 1.462077021598816, 0.9566817879676819, 1.0412997007369995, 0.3367195129394531, 1.5234375, 1.58349609375, 0.3784332275390625, 1.5263671875
68374, -0.618884265422821, -0.2792833149433136, -2.538472890853882, 0.07067308574914932, -0.06767778098583221, 1.1330515146255493, 0.049756892025470734, 0.039348892867565155, 0.0009420833666808903, 0.05171708017587662, -0.0654769316315651, 1.125054955482483, 2.295464709807063, 2.779675447931737, -4.034357880019117, 36472.0, 31150.0, 34871.0, 37566.0, 7.973554611206055, 106.6158447265625, 24.144418716430664, 169.90509033203125, 0.17033033072948456, 1.462077021598816, 0.9566817879676819, 1.0412997007369995, 0.3367195129394531, 1.5234375, 1.58349609375, 0.3784332275390625, 1.5263671875
68414, -1.864427089691162, 0.04683258756995201, 1.3027652502059937, 0.0724731907248497, -0.06720825284719467, 1.1340525150299072, 0.04953620955348015, 0.039719194173812866, -0.022807057946920395, 0.050661351531744, -0.060849204659461975, 1.122159481048584, 0.46476786523637553, 2.405787067396062, -6.8179191037052025, 36574.0, 31189.0, 35892.0, 37614.0, 8.013224601745605, 106.6158447265625, 24.144418716430664, 169.90509033203125, -0.47007250785827637, -0.7508758902549744, 0.11395685374736786, 1.0412997007369995, 0.3367195129394531, 1.5234375, 1.58349609375, 0.3784332275390625, 1.5263671875
68464, 0.4659121632575989, 0.16543540358543396, -0.2554355263710022, 0.0729082003235817, -0.06720682978630066, 1.1343326568603516, 0.043940216302871704, 0.04425927624106407, -0.0038596317172050476, 0.04724390059709549, -0.06404655426740646, 1.1221623420715332, 2.141114112928782, 2.2557502812958035, -3.3556313362050694, 36683.0, 30937.0, 34311.0, 37726.0, 7.9537200927734375, 106.6158447265625, 24.144418716430664, 169.90509033203125, -0.4580199122428894, -2.6351332664489746, 0.7572684288024902, 1.0412997007369995, 0.3367195129394531, 1.5234375, 1.58349609375, 0.3784332275390625, 1.5146484375
68474, -0.6347250938415527, 0.24830086529254913, 3.434744358062744, 0.0729082003235817, -0.06720682978630066, 1.1343326568603516, 0.043940216302871704, 0.04425927624106407, -0.0038596317172050476, 0.04662497341632843, -0.061797380447387695, 1.120265007019043, 2.3045136415634957, 1.8719906241593947, -7.580841904873503, 36244.0, 30824.0, 34999.0, 37966.0, 7.973554611206055, 106.6158447265625, 24.144418716430664, 169.90509033203125, -0.49447575211524963, 1.7036356925964355, 0.8923590183258057, 1.0412997007369995, 0.3367195129394531, 1.5234375, 1.58349609375, 0.3784332275390625, 1.5146484375
68484, -2.1421124935150146, 0.2552490532398224, 1.3590894937515259, 0.0729082003235817, -0.06720682978630066, 1.1343326568603516, 0.043940216302871704, 0.04425927624106407, -0.0038596317172050476, 0.04610855132341385, -0.06085176765918732, 1.1211514472961426, 2.7333136570772414, 2.069146063520378, -8.349749173824318, 37404.0, 30612.0, 34032.0, 36764.0, 7.973554611206055, 80.40766906738281, -43.82307052612305, 245.5977783203125, -0.49447575211524963, 1.7036356925964355, 0.8923590183258057, 1.0412997007369995, 0.3367195129394531, 1.5234375, 1.58349609375, 0.3784332275390625, 1.5146484375
68494, -1.3116661310195923, 0.3450154960155487, 1.4647032022476196, 0.0729082003235817, -0.06720682978630066, 1.1343326568603516, 0.043940216302871704, 0.04425927624106407, -0.0038596317172050476, 0.045804720371961594, -0.059199344366788864, 1.1197513341903687, -0.253963629346301, 2.4842284466425326, -7.3334071479884555, 38264.0, 30587.0, 33080.0, 35934.0, 8.013224601745605, 80.40766906738281, -43.82307052612305, 245.5977783203125, 0.04162130132317543, 1.313024878501892, -0.0469544492661953, 1.0412997007369995, 0.3367195129394531, 1.5234375, 1.58349609375, 0.3784332275390625, 1.5146484375
68554, -2.0999035835266113, 0.23030097782611847, 1.2310549020767212, 0.07147220522165298, -0.06607335805892944, 1.1328094005584717, 0.028316747397184372, 0.045384977012872696, -0.03505599498748779, 0.0425623320043087, -0.059700608253479004, 1.1170212030410767, 2.5355927331337567, 0.9099464685760097, -8.713580130753183, 36802.0, 30910.0, 33546.0, 37623.0, 8.013224601745605, -194.63458251953125, -19.362106323242188, 262.8887939453125, -0.10462556779384613, -0.16867506504058838, 1.4356704950332642, 1.0412997007369995, 0.3367195129394531, 1.5234375, 0.990234375, 3.2086029052734375, 1.5380859375
68574, -0.4022049307823181, 0.14450466632843018, -1.4663434028625488, 0.07202871143817902, -0.06513582915067673, 1.1322435140609741, 0.027423517778515816, 0.049681879580020905, -0.04153285548090935, 0.04096329212188721, -0.05897901579737663, 1.1180676221847534, 3.7764968955631466, 1.1113674570901253, -4.32702196975584, 36802.0, 30910.0, 33546.0, 37623.0, 7.9140496253967285, 90.08576965332031, 14.769632339477539, 76.56692504882812, 0.4404524266719818, -0.44026580452919006, 2.213165044784546, 1.0412997007369995, 0.3367195129394531, 1.5234375, 0.990234375, 3.2086029052734375, 1.553466796875
68584, -0.40684252977371216, -0.09490376710891724, -0.7788667678833008, 0.07202871143817902, -0.06513582915067673, 1.1322435140609741, 0.027423517778515816, 0.049681879580020905, -0.04153285548090935, 0.04104462265968323, -0.05944008007645607, 1.1166099309921265, 3.8536745690150167, 1.1845056370224256, -0.977344862477059, 37034.0, 30856.0, 33645.0, 37787.0, 7.973554611206055, 90.08576965332031, 14.769632339477539, 76.56692504882812, 0.31054770946502686, -0.09620369970798492, 0.9836452603340149, 1.0412997007369995, 0.3367195129394531, 1.5234375, 0.990234375, 3.2086029052734375, 1.553466796875
68604, 0.5806894302368164, 0.05817773565649986, 0.4447304606437683, 0.06996571272611618, -0.06555474549531937, 1.130702018737793, 0.019758781418204308, 0.04863326996564865, -0.012910949066281319, 0.04031258821487427, -0.0619436539709568, 1.115919589996338, -1.8152079366265115, 1.305427674843429, 0.19771848800739686, 36692.0, 31366.0, 35045.0, 38495.0, 7.973554611206055, 90.08576965332031, 14.769632339477539, 76.56692504882812, -0.1701788604259491, 1.437627911567688, 1.2033889293670654, 1.0412997007369995, 0.3367195129394531, 1.5234375, 0.990234375, 3.2086029052734375, 1.553466796875
68624, -1.7312121391296387, -0.0017567400354892015, 1.7583718299865723, 0.0703604593873024, -0.06458266079425812, 1.1297270059585571, 0.019700536504387856, 0.048139072954654694, -0.05335375666618347, 0.03960130363702774, -0.05921847000718117, 1.1148213148117065, 2.0167040102316274, 1.2989312988650568, -7.796592754716504, 36692.0, 31366.0, 35045.0, 38495.0, 7.933885097503662, -15.158370971679688, 9.455753326416016, -116.40887451171875, -0.19092009961605072, 1.3852558135986328, 0.7225273847579956, 1.0412997007369995, 0.3367195129394531, 1.5234375, 0.990234375, 3.2086029052734375, 1.560791015625
68644, -0.2936404347419739, -0.17164357006549835, -1.1243419647216797, 0.07075274735689163, -0.06360162049531937, 1.128879427909851, 0.019456319510936737, 0.05165835842490196, -0.022364743053913116, 0.03849226236343384, -0.05758390203118324, 1.116660475730896, 2.979001168119534, 1.4198280794906282, -3.4642373249867995, 36692.0, 31366.0, 35045.0, 38495.0, 7.933885097503662, 34.65376281738281, 48.117095947265625, -419.915283203125, 0.6289730072021484, -0.10939638316631317, 1.8590301275253296, 1.0412997007369995, 0.3367195129394531, 1.5234375, 0.990234375, 3.2086029052734375, 1.5498046875
68674, 0.8807267546653748, -0.23840923607349396, 0.9754887223243713, 0.06809894740581512, -0.06341297924518585, 1.1274032592773438, 0.01261820551007986, 0.04990607872605324, 0.014951727353036404, 0.03799614682793617, -0.057808637619018555, 1.112141728401184, 1.7569670058056719, 1.3780387517311397, -7.6469463606082995, 36799.0, 31289.0, 35174.0, 38714.0, 7.933885097503662, 134.06674194335938, 34.32291793823242, 856.9357299804688, -0.2917015552520752, 0.8462097644805908, 1.1345362663269043, 1.0412997007369995, 0.3367195129394531, 1.5234375, 1.2890625, 0.0663909912109375, 1.5234375
68684, 0.5100453495979309, -0.24954134225845337, 1.1899725198745728, 0.06809894740581512, -0.06341297924518585, 1.1274032592773438, 0.01261820551007986, 0.04990607872605324, 0.014951727353036404, 0.03787607699632645, -0.05711745470762253, 1.1130419969558716, 2.1127816679069564, 1.5286821717202486, -7.9510831789074015, 36577.0, 31017.0, 35427.0, 38732.0, 7.9537200927734375, 134.06674194335938, 34.32291793823242, 856.9357299804688, 0.08256658911705017, 1.4843382835388184, 0.8043312430381775, 1.0412997007369995, 0.3367195129394531, 1.5234375, 1.2890625, 0.0663909912109375, 1.5234375
68694, -1.3856370449066162, -0.28918638825416565, 2.1116244792938232, 0.06809894740581512, -0.06341297924518585, 1.1274032592773438, 0.01261820551007986, 0.04990607872605324, 0.014951727353036404, 0.03857041895389557, -0.05840709060430527, 1.1121560335159302, 1.2107640595197817, 1.2919339858076455, -7.136505735176914, 37214.0, 30850.0, 34759.0, 37971.0, 8.013224601745605, -47.13435363769531, 22.511995315551758, -287.6206970214844, 0.08256658911705017, 1.4843382835388184, 0.8043312430381775, 1.0412997007369995, 0.3367195129394531, 1.5234375, 1.2890625, 0.0663909912109375, 1.5234375
68744, 1.1080317497253418, -0.6254889965057373, 1.0240100622177124, 0.06538036465644836, -0.06056608259677887, 1.125269889831543, 0.008507400751113892, 0.04965720698237419, 0.04162883758544922, 0.037271641194820404, -0.06077640503644943, 1.1117595434188843, 0.6709025226103192, 1.4349880554463255, -2.0370383015505493, 37275.0, 31001.0, 33709.0, 37932.0, 7.973554611206055, -10.396553039550781, 4.346001148223877, -414.4364318847656, 0.06336037069559097, -2.705456018447876, 0.19136099517345428, 1.0412997007369995, 0.3367195129394531, 1.5234375, 1.2890625, 0.0663909912109375, 1.5234375
68754, 0.8020250201225281, -0.6203489303588867, 1.1303162574768066, 0.06546731293201447, -0.06007068231701851, 1.1253726482391357, 0.008870843797922134, 0.05034400895237923, -0.02106969989836216, 0.03671744093298912, -0.05719313025474548, 1.11021089553833, 2.0734858856450895, 1.3982937799395927, -6.095594349061185, 37275.0, 31001.0, 33709.0, 37932.0, 7.973554611206055, -10.396553039550781, 4.346001148223877, -414.4364318847656, 0.1464877873659134, 1.4577125310897827, 0.8225114345550537, 1.0412997007369995, 0.3367195129394531, 1.5234375, 1.2890625, 0.0663909912109375, 1.5263671875
68794, 0.4144100546836853, -1.22480309009552, -0.8299270868301392, 0.062118690460920334, -0.05923271179199219, 1.1242276430130005, 0.0023631786461919546, 0.04842659831047058, -0.10408198088407516, 0.037492379546165466, -0.05838809162378311, 1.109732747077942, 1.46122710902732, 0.8987130008552526, 1.1692283768838643, 37275.0, 31001.0, 33709.0, 37932.0, 7.99338960647583, 134.86996459960938, -5.0429229736328125, -144.21800231933594, -0.6355535387992859, -0.4159080684185028, 2.2406744956970215, 1.0412997007369995, 0.3367195129394531, 1.5234375, 1.2890625, 0.0663909912109375, 1.53955078125
68804, 0.18757793307304382, -1.113776445388794, -2.5619990825653076, 0.06216030567884445, -0.058748532086610794, 1.123736023902893, 0.006399467587471008, 0.047610603272914886, 0.005738577805459499, 0.037215325981378555, -0.05917004123330116, 1.107795238494873, -0.5804928080530262, 1.317030850237785, 1.5007709847152724, 36979.0, 31564.0, 34516.0, 38193.0, 7.9537200927734375, 134.86996459960938, -5.0429229736328125, -144.21800231933594, -0.6355535387992859, -0.4159080684185028, 2.2406744956970215, 1.0412997007369995, 0.3367195129394531, 1.5234375, 1.2890625, 0.0663909912109375, 1.53955078125
68814, 1.1401199102401733, -1.135259985923767, 1.1588070392608643, 0.05867266654968262, -0.059885747730731964, 1.1233354806900024, -0.00011810522846644744, 0.04233705997467041, 0.05227450653910637, 0.03721773251891136, -0.057658761739730835, 1.1094179153442383, 1.3057403626279733, 1.7382899330496286, -2.2133549224739766, 36817.0, 31673.0, 35395.0, 38414.0, 7.933885097503662, 134.86996459960938, -5.0429229736328125, -144.21800231933594, -0.3510289788246155, 0.25858452916145325, 1.006291151046753, 1.0412997007369995, 0.3367195129394531, 1.5234375, 1.2890625, 0.0663909912109375, 1.53955078125
68834, -1.0444632768630981, -1.1920887231826782, 2.8531765937805176, 0.058687418699264526, -0.05903748422861099, 1.1233221292495728, 0.0024253004230558872, 0.04153298959136009, -0.012959024868905544, 0.037505265325307846, -0.05312713608145714, 1.1080063581466675, 2.3704531707068703, 1.279568883638973, -8.20931590789199, 36962.0, 31143.0, 34991.0, 37998.0, 7.9537200927734375, -121.91397857666016, 40.659446716308594, -424.26708984375, 0.4033047556877136, 1.5681133270263672, 0.799595057964325, 1.0412997007369995, 0.3367195129394531, 1.5234375, 1.2890625, 0.0663909912109375, 1.53955078125
68844, -0.8998197317123413, -1.1614702939987183, 2.426273822784424, 0.058721061795949936, -0.05862892046570778, 1.1231491565704346, 0.004355677869170904, 0.04000229015946388, -0.021588781848549843, 0.0382443331182003, -0.05360671877861023, 1.1087151765823364, 2.6000203963496213, 1.3549879492392733, -7.937090575763524, 36962.0, 31143.0, 34991.0, 37998.0, 8.013224601745605, -121.91397857666016, 40.659446716308594, -424.26708984375, 0.4033047556877136, 1.5681133270263672, 0.799595057964325, 1.0412997007369995, 0.3367195129394531, 1.5234375, 1.2890625, 0.0663909912109375, 1.552734375
68864, 0.4091585874557495, -1.6559158563613892, -1.0319838523864746, 0.055395327508449554, -0.058792632073163986, 1.122012734413147, -0.0030202295165508986, 0.04140225052833557, -0.09682988375425339, 0.03697279095649719, -0.05235530063509941, 1.1097520589828491, 3.2801932479348603, 1.7268089693680224, -4.5580338751890155, 36962.0, 31143.0, 34991.0, 37998.0, 8.013224601745605, -99.31790924072266, 1.3344058990478516, 4.995657920837402, 0.4033047556877136, 1.5681133270263672, 0.799595057964325, 1.0412997007369995, 0.3367195129394531, 1.5234375, 1.2890625, 0.0663909912109375, 1.554931640625
68904, -0.9675195217132568, -1.4056490659713745, 3.1424355506896973, 0.055589113384485245, -0.05716891214251518, 1.1219029426574707, 0.00989616196602583, 0.0395982563495636, -0.011373523622751236, 0.03752531111240387, -0.05229383334517479, 1.107447862625122, 2.0343875049351254, 1.83842739446564, -6.7669901773785135, 36933.0, 31046.0, 35086.0, 38100.0, 8.013224601745605, -2.2907516956329346, -17.30112648010254, -287.55865478515625, 0.362373948097229, 1.0541402101516724, 2.0827934741973877, 1.0412997007369995, 0.3367195129394531, 1.5234375, 1.453125, 0.1099090576171875, 1.57177734375
68914, -1.084733486175537, -1.273856520652771, 2.2217535972595215, 0.055589113384485245, -0.05716891214251518, 1.1219029426574707, 0.00989616196602583, 0.0395982563495636, -0.011373523622751236, 0.038394536823034286, -0.05234619230031967, 1.1075869798660278, 2.3114204503783737, 1.5373382691175834, -7.54779924131029, 36933.0, 31046.0, 35086.0, 38100.0, 7.9140496253967285, -2.2907516956329346, -17.30112648010254, -287.55865478515625, -0.09211474657058716, -0.010426823981106281, -0.6510754227638245, 1.0412997007369995, 0.3367195129394531, 1.5234375, 1.885986328125, 1.3446044921875, 1.57177734375
68924, -0.30175068974494934, -1.5306767225265503, -1.1573549509048462, 0.05238209292292595, -0.05700941011309624, 1.1207021474838257, 0.006900396663695574, 0.03938565403223038, 0.03675082325935364, 0.03659912943840027, -0.05040387064218521, 1.1102392673492432, 3.1922522159532876, 1.5933048440343782, -3.6298326117837103, 38478.0, 30812.0, 33138.0, 36603.0, 7.9537200927734375, -2.2907516956329346, -17.30112648010254, -287.55865478515625, 0.4630430042743683, 1.2552839517593384, 1.3491020202636719, 1.0412997007369995, 0.3367195129394531, 1.5234375, 1.885986328125, 1.3446044921875, 1.57177734375
68954, 0.8577413558959961, -1.5134543180465698, 1.3329411745071411, 0.05265825614333153, -0.055806469172239304, 1.1200659275054932, 0.015491356141865253, 0.04043129086494446, 0.06190057098865509, 0.03744141012430191, -0.05330125242471695, 1.1074328422546387, -1.0689953590603156, 1.5065903616709306, -0.0626918168528102, 37202.0, 31288.0, 34519.0, 38198.0, 7.9537200927734375, -2.2907516956329346, -17.30112648010254, -287.55865478515625, -0.39859452843666077, -0.6551598906517029, 0.9436081051826477, 1.0412997007369995, 0.3367195129394531, 1.5234375, 1.885986328125, 1.3446044921875, 1.57177734375
68974, -1.0692616701126099, -1.3936623334884644, 3.423260450363159, 0.049704764038324356, -0.05633369833230972, 1.118817687034607, 0.009864513762295246, 0.037256013602018356, -0.016809113323688507, 0.036509521305561066, -0.05042823404073715, 1.106411337852478, 2.0663730611038, 1.5049145691459387, -6.934440648766944, 37054.0, 31202.0, 35275.0, 38222.0, 7.9537200927734375, -182.7328643798828, 40.64757537841797, -389.5523986816406, -0.39859452843666077, -0.6551598906517029, 0.9436081051826477, 1.0412997007369995, 0.3367195129394531, 1.5234375, 1.885986328125, 1.3446044921875, 1.57177734375
68994, -0.6261216402053833, -1.63699471950531, -0.5351336002349854, 0.049704764038324356, -0.05633369833230972, 1.118817687034607, 0.009864513762295246, 0.037256013602018356, -0.016809113323688507, 0.03676607459783554, -0.04792916402220726, 1.106400728225708, -0.1686742760958584, 1.9913785228298764, -6.1319536436641116, 37054.0, 31202.0, 35275.0, 38222.0, 7.9537200927734375, 129.15386962890625, 9.297121047973633, -249.51077270507812, -0.39859452843666077, -0.6551598906517029, 0.9436081051826477, 1.0947496891021729, 0.7309589385986328, 1.5556640625, 1.885986328125, 1.3446044921875, 1.541748046875
69004, 0.09596287459135056, -1.7894890308380127, -0.8029939532279968, 0.05011000856757164, -0.05520129203796387, 1.1182572841644287, 0.014848072081804276, 0.04060148820281029, -0.0915277972817421, 0.03645475208759308, -0.04989176616072655, 1.107500433921814, 5.481371707759546, 0.9024386536823386, -1.348107376765756, 37054.0, 31202.0, 35275.0, 38222.0, 7.9537200927734375, -81.81488800048828, 14.014036178588867, 111.22383117675781, -0.8462045788764954, -0.8643994331359863, 3.0778746604919434, 1.0947496891021729, 0.7309589385986328, 1.5556640625, 1.885986328125, 1.3446044921875, 1.563720703125
69024, 0.7460241317749023, -1.6913119554519653, 1.8076080083847046, 0.04756101965904236, -0.05595718324184418, 1.1166132688522339, 0.017702514305710793, 0.037813857197761536, 0.06836630403995514, 0.03651684150099754, -0.05315840244293213, 1.1070533990859985, 1.1744594039918927, 1.5777113456717302, -0.7213301276004048, 37333.0, 31665.0, 35000.0, 38503.0, 7.9140496253967285, 133.93287658691406, 39.60714340209961, 350.49981689453125, -0.47750210762023926, -1.0012186765670776, 0.7814649939537048, 1.0947496891021729, 0.7309589385986328, 1.5556640625, 1.885986328125, 1.3446044921875, 1.54248046875
69034, 0.624510645866394, -1.6315206289291382, 0.24873487651348114, 0.047740597277879715, -0.05557840317487717, 1.1168954372406006, 0.0180426687002182, 0.03980928286910057, -0.011906376108527184, 0.03647651895880699, -0.04913041368126869, 1.1061029434204102, 2.139678897004728, 1.401953488806896, -7.581720256196743, 37333.0, 31665.0, 35000.0, 38503.0, 7.933885097503662, 133.93287658691406, 39.60714340209961, 350.49981689453125, 0.6685799956321716, 2.1669716835021973, 0.9427198171615601, 1.0947496891021729, 0.7309589385986328, 1.5556640625, 1.885986328125, 1.3446044921875, 1.53662109375
69044, -1.071779727935791, -1.5753282308578491, 3.3118209838867188, 0.04793538898229599, -0.055186111479997635, 1.1167658567428589, 0.020892197266221046, 0.03858153894543648, -0.014002475887537003, 0.03742899000644684, -0.04889587312936783, 1.1063441038131714, 2.6269695658474252, 1.1182763832555054, -7.498978252846612, 37119.0, 31302.0, 34625.0, 38365.0, 7.933885097503662, -192.1386260986328, 32.69379806518555, -379.8210754394531, 0.2859812378883362, 1.1486142873764038, 2.064049243927002, 1.0947496891021729, 0.7309589385986328, 1.5556640625, 1.885986328125, 1.3446044921875, 1.53662109375
69054, -1.4448089599609375, -1.5162851810455322, 2.107269048690796, 0.04815739765763283, -0.05480524152517319, 1.1165940761566162, 0.023592542856931686, 0.03762234002351761, -0.020308947190642357, 0.03636641055345535, -0.047480445355176926, 1.1067478656768799, 4.895330617256582, 1.3382835062863023, -0.6631080289995079, 37119.0, 31302.0, 34625.0, 38365.0, 8.013224601745605, -192.1386260986328, 32.69379806518555, -379.8210754394531, -0.3356667757034302, -0.1922304779291153, -0.5357264280319214, 1.0947496891021729, 0.7309589385986328, 1.5556640625, 1.885986328125, 1.3446044921875, 1.5556640625
69064, -0.7070649266242981, -1.6951820850372314, -0.8053717613220215, 0.048415571451187134, -0.05441191792488098, 1.116744041442871, 0.02802957408130169, 0.04141483083367348, 0.05028983950614929, 0.03641195595264435, -0.051569949835538864, 1.1052531003952026, 0.811142719450905, 1.5447455961464698, 2.291185685043895, 38732.0, 30811.0, 32831.0, 36755.0, 7.8942155838012695, -192.1386260986328, 32.69379806518555, -379.8210754394531, 0.4390016198158264, 1.185549020767212, 1.1266839504241943, 1.0947496891021729, 0.7309589385986328, 1.5556640625, 1.885986328125, 1.3446044921875, 1.5556640625
69074, 0.1672297716140747, -1.776867389678955, -0.9716116189956665, 0.048415571451187134, -0.05441191792488098, 1.116744041442871, 0.02802957408130169, 0.04141483083367348, 0.05028983950614929, 0.03703301027417183, -0.050207413733005524, 1.1062281131744385, -1.0765359514822466, 1.6739499959411432, -0.7930653069349738, 37822.0, 31113.0, 33239.0, 37667.0, 7.933885097503662, -192.1386260986328, 32.69379806518555, -379.8210754394531, -0.9031593799591064, -1.023683786392212, 3.1672842502593994, 1.0947496891021729, 0.7309589385986328, 1.5556640625, 1.885986328125, 1.3446044921875, 1.5556640625
69124, -1.3218891620635986, -1.1828745603561401, 2.082021951675415, 0.04740925878286362, -0.05312459543347359, 1.1154261827468872, 0.03565860912203789, 0.04010700434446335, -0.013202821835875511, 0.038146790117025375, -0.04966762661933899, 1.1060457229614258, 2.4115185886791473, 1.4331097881474761, 2.8700915714586506, 37012.0, 30941.0, 35058.0, 38436.0, 7.9537200927734375, 106.23363494873047, -9.904104232788086, 109.7938232421875, -0.2511076033115387, -0.15165984630584717, -0.44571077823638916, 1.0947496891021729, 0.7309589385986328, 1.5556640625, 1.4443359375, 0.0959930419921875, 1.53076171875
69154, -0.22400705516338348, -1.2121610641479492, -2.8744771480560303, 0.04590466246008873, -0.05226578935980797, 1.113744854927063, 0.035064056515693665, 0.044153448194265366, -0.03034977987408638, 0.037452030926942825, -0.04461833834648132, 1.1057336330413818, 0.008164162603769332, 2.758198771245276, -6.050570363872379, 37232.0, 31101.0, 34350.0, 38434.0, 7.973554611206055, -68.14698028564453, 14.520265579223633, 93.62992858886719, 0.991863489151001, -2.1482419967651367, -0.13879774510860443, 1.0947496891021729, 0.7309589385986328, 1.5556640625, 1.320556640625, 0.02685546875, 1.53076171875
69244, 0.7379421591758728, -1.2874914407730103, -1.1018011569976807, 0.044867999851703644, -0.050720129162073135, 1.1125580072402954, 0.04207945242524147, 0.043057337403297424, 0.024896787479519844, 0.036697641015052795, -0.04967893287539482, 1.1069213151931763, -1.651196859456731, 1.9655998269755344, 2.995305031840023, 37854.0, 30939.0, 33399.0, 37668.0, 7.9537200927734375, -90.38099670410156, 14.458711624145508, 496.03253173828125, 1.0285170078277588, -2.168889045715332, -0.16239479184150696, 1.0947496891021729, 0.7309589385986328, 1.5556640625, 1.2861328125, 0.0716094970703125, 1.584228515625
69284, 0.333281010389328, -1.592157244682312, -2.004718780517578, 0.04673493653535843, -0.04902654141187668, 1.1136878728866577, 0.04977523535490036, 0.04524528607726097, -0.026388317346572876, 0.03651566803455353, -0.04596153646707535, 1.1095329523086548, 3.0611964562483025, 2.1395975732933152, -5.374363711470694, 38704.0, 31145.0, 33888.0, 36566.0, 7.933885097503662, -208.94566345214844, 29.832931518554688, -307.9239501953125, -0.835635244846344, -1.087958574295044, 3.286892890930176, 1.0947496891021729, 0.7309589385986328, 1.5556640625, 1.2861328125, 0.0716094970703125, 1.559326171875
69314, 1.095872163772583, -1.564355731010437, -0.036036740988492966, 0.045438699424266815, -0.04886139556765556, 1.1124677658081055, 0.053131747990846634, 0.043926361948251724, 0.12333530932664871, 0.0366939902305603, -0.04990864172577858, 1.108745813369751, -1.222613520107575, 1.9403013571947838, 1.653320214914469, 36561.0, 31400.0, 36212.0, 38684.0, 7.9537200927734375, -70.3442153930664, -14.114211082458496, 434.4267883300781, -0.464175820350647, -1.6625308990478516, 0.6175867319107056, 1.0947496891021729, 0.7309589385986328, 1.5556640625, 1.2861328125, 0.0716094970703125, 1.56005859375
69324, -0.23826612532138824, -1.3587275743484497, 4.389495372772217, 0.04651346430182457, -0.04796764254570007, 1.1134443283081055, 0.05545081943273544, 0.04462169110774994, 0.013829279690980911, 0.03628130257129669, -0.048024311661720276, 1.111194133758545, 1.9347269140328838, 2.5862320363619062, -2.682462122196793, 36561.0, 31400.0, 36212.0, 38684.0, 7.973554611206055, -70.3442153930664, -14.114211082458496, 434.4267883300781, 0.10198831558227539, 1.2955844402313232, 1.7897714376449585, 1.0947496891021729, 0.7309589385986328, 1.5556640625, 1.2861328125, 0.0716094970703125, 1.57763671875
69384, 1.14273202419281, -1.3140232563018799, -0.404626727104187, 0.04722866415977478, -0.04595673084259033, 1.1124311685562134, 0.06324148178100586, 0.04452092573046684, 0.019445979967713356, 0.03624670207500458, -0.046305734664201736, 1.111745834350586, 3.013613489144716, 1.9158475919088858, 1.515252335273483, 38165.0, 31063.0, 34265.0, 36952.0, 7.933885097503662, -46.352073669433594, 37.511844635009766, 199.59983825683594, -0.4465365409851074, -2.011456251144409, 0.7472473382949829, 1.2166978120803833, 1.2147960662841797, 1.59521484375, 1.1396484375, 0.83428955078125, 1.549072265625
69414, -0.4174598753452301, -1.2098671197891235, -0.9628263115882874, 0.04628057777881622, -0.045725591480731964, 1.111384630203247, 0.06372392177581787, 0.04003635421395302, 0.067213274538517, 0.035016968846321106, -0.0465373694896698, 1.113175630569458, 2.3703100509673996, 2.3496265947345307, -4.417942072035061, 37019.0, 31157.0, 34807.0, 38593.0, 7.8942155838012695, 106.47920227050781, 19.63703727722168, -426.70452880859375, -0.566788911819458, -0.4752424657344818, -0.13035465776920319, 1.2166978120803833, 1.2147960662841797, 1.59521484375, 1.1396484375, 0.83428955078125, 1.56005859375
69424, 0.618769645690918, -1.2742767333984375, -2.6081931591033936, 0.04691740870475769, -0.045325666666030884, 1.111546516418457, 0.06367998570203781, 0.04145873710513115, -0.03481239080429077, 0.03569431230425835, -0.04485294967889786, 1.1123303174972534, 1.8147418635960686, 1.6035518385915566, -7.294033163641543, 37019.0, 31157.0, 34807.0, 38593.0, 7.9537200927734375, -47.319496154785156, 29.939882278442383, 248.7726593017578, -0.566788911819458, -0.4752424657344818, -0.13035465776920319, 1.2166978120803833, 1.2147960662841797, 1.59521484375, 1.1396484375, 0.83428955078125, 1.56005859375
69444, 1.220076084136963, -1.1142741441726685, 1.3361799716949463, 0.04691740870475769, -0.045325666666030884, 1.111546516418457, 0.06367998570203781, 0.04145873710513115, -0.03481239080429077, 0.035261452198028564, -0.043624889105558395, 1.113990068435669, 0.3999209655582611, 2.319068048433337, -6.269932650669613, 37266.0, 31261.0, 35281.0, 38381.0, 7.973554611206055, 28.41547203063965, -20.860824584960938, -0.46546486020088196, 1.22371506690979, -1.9017573595046997, -0.18918615579605103, 1.2166978120803833, 1.2147960662841797, 1.59521484375, 1.1396484375, 0.83428955078125, 1.546875
69454, 1.3587336540222168, -1.0882678031921387, -0.06923170387744904, 0.04610184207558632, -0.045567743480205536, 1.1106350421905518, 0.06344252079725266, 0.03934108838438988, 0.005411110352724791, 0.03417753055691719, -0.04488648846745491, 1.115464687347412, 4.621131278783497, 1.7915713760452832, -1.3782454635094135, 37266.0, 31261.0, 35281.0, 38381.0, 7.973554611206055, -54.03608322143555, -14.080262184143066, 324.10797119140625, 1.22371506690979, -1.9017573595046997, -0.18918615579605103, 1.2166978120803833, 1.2147960662841797, 1.59521484375, 1.1396484375, 0.83428955078125, 1.53515625
69474, -0.999254584312439, -0.8742142915725708, 2.7895865440368652, 0.04740311950445175, -0.04481663927435875, 1.110437273979187, 0.0672101154923439, 0.03571438044309616, -0.013136595487594604, 0.03434000536799431, -0.05000782385468483, 1.1142604351043701, -0.3490807962350088, 1.5997735479160156, 2.129401937823633, 36944.0, 31055.0, 36014.0, 38659.0, 7.973554611206055, 132.10252380371094, -34.98260498046875, 237.17208862304688, -0.111331045627594, 1.5222423076629639, 1.6312156915664673, 1.2166978120803833, 1.2147960662841797, 1.59521484375, 1.1396484375, 0.83428955078125, 1.54541015625
69514, 1.1570396423339844, -0.9866078495979309, 2.115739107131958, 0.04731972888112068, -0.04449646174907684, 1.108538269996643, 0.0676857978105545, 0.03388085216283798, 0.07573313266038895, 0.032880693674087524, -0.044429078698158264, 1.117851734161377, 2.3966266274527346, 2.081553591196325, -7.169760255713022, 36944.0, 31055.0, 36014.0, 38659.0, 7.933885097503662, 115.40325927734375, 28.537994384765625, -397.127197265625, -0.519949197769165, -2.044156789779663, 0.6617999076843262, 1.2166978120803833, 1.2147960662841797, 1.59521484375, 1.1396484375, 0.83428955078125, 1.54541015625
69534, -0.14799700677394867, -0.8402416706085205, 3.1572890281677246, 0.04868434742093086, -0.04381055012345314, 1.1086971759796143, 0.06938337534666061, 0.033935949206352234, -0.027905520051717758, 0.03216345235705376, -0.044335104525089264, 1.119042992591858, 3.091081269773953, 1.6628676768820583, -2.9988031207031773, 36944.0, 31055.0, 36014.0, 38659.0, 7.9537200927734375, 115.40325927734375, 28.537994384765625, -397.127197265625, -0.15600132942199707, 1.696252703666687, 1.7022883892059326, 1.2166978120803833, 1.2147960662841797, 1.59521484375, 1.1396484375, 0.83428955078125, 1.54541015625
69544, -1.3719611167907715, -0.8746439814567566, 0.6799307465553284, 0.04868434742093086, -0.04381055012345314, 1.1086971759796143, 0.06938337534666061, 0.033935949206352234, -0.027905520051717758, 0.032991327345371246, -0.04557318612933159, 1.117689609527588, 2.852605230964329, 1.250041921681742, 2.0647783669471593, 38755.0, 31060.0, 33003.0, 37563.0, 7.9537200927734375, 132.83740234375, -22.628665924072266, 282.8768615722656, -0.15600132942199707, 1.696252703666687, 1.7022883892059326, 1.2166978120803833, 1.2147960662841797, 1.59521484375, 1.1396484375, 0.83428955078125, 1.54541015625
69564, 0.513736367225647, -1.0966770648956299, -2.5023117065429688, 0.04868434742093086, -0.04381055012345314, 1.1086971759796143, 0.06938337534666061, 0.033935949206352234, -0.027905520051717758, 0.03219902515411377, -0.04709295928478241, 1.1186498403549194, -1.948451094007334, 1.6197585057061588, 1.944314352943714, 38449.0, 31228.0, 33134.0, 37809.0, 7.9537200927734375, 132.83740234375, -22.628665924072266, 282.8768615722656, -0.7262896299362183, -0.8441200256347656, 3.2829172611236572, 1.2166978120803833, 1.2147960662841797, 1.59521484375, 1.1396484375, 0.83428955078125, 1.54541015625
69574, -0.23588836193084717, -1.0020136833190918, -3.1917078495025635, 0.04868434742093086, -0.04381055012345314, 1.1086971759796143, 0.06938337534666061, 0.033935949206352234, -0.027905520051717758, 0.03221230208873749, -0.04744897037744522, 1.1199696063995361, 1.5598504027964695, 2.0732586965479527, -1.6945146786610987, 37709.0, 31414.0, 34400.0, 38634.0, 7.9537200927734375, 109.17277526855469, 18.977142333984375, 148.16806030273438, -0.7262896299362183, -0.8441200256347656, 3.2829172611236572, 1.2166978120803833, 1.2147960662841797, 1.59521484375, 1.1396484375, 0.83428955078125, 1.54541015625
69584, 1.0716608762741089, -1.0101341009140015, 1.6476943492889404, 0.04868434742093086, -0.04381055012345314, 1.1086971759796143, 0.06938337534666061, 0.033935949206352234, -0.027905520051717758, 0.03254338353872299, -0.04397504776716232, 1.1181968450546265, 1.738436796608537, 1.2377205339260797, -7.54642533057544, 37752.0, 31335.0, 35925.0, 38654.0, 7.933885097503662, 109.17277526855469, 18.977142333984375, 148.16806030273438, -0.5152950286865234, -1.8139146566390991, 0.6959694623947144, 1.2166978120803833, 1.2147960662841797, 1.59521484375, 1.1396484375, 0.83428955078125, 1.54541015625
69624, -0.3243808150291443, -0.850762665271759, 1.0212321281433105, 0.048430800437927246, -0.042762383818626404, 1.1077415943145752, 0.0679880678653717, 0.0318981371819973, 0.045631490647792816, 0.03163733705878258, -0.04822640120983124, 1.1195203065872192, 0.34303470430207167, 1.4708049023544447, 2.1071353078315265, 37752.0, 31335.0, 35925.0, 38654.0, 7.99338960647583, 130.38998413085938, -16.220909118652344, 195.60882568359375, 0.1545553058385849, 1.2869722843170166, 0.9467663764953613, 1.2166978120803833, 1.2147960662841797, 1.59521484375, 1.39892578125, 0.0390167236328125, 1.5673828125
69654, 0.9931243062019348, -0.7395641803741455, 1.4075288772583008, 0.050507258623838425, -0.041786156594753265, 1.107092261314392, 0.07306060940027237, 0.032857999205589294, 0.08696351200342178, 0.031616728752851486, -0.04274364560842514, 1.1208412647247314, 2.1615244215307294, 1.178122140634116, -7.616795460538019, 37519.0, 31139.0, 32927.0, 38911.0, 7.9537200927734375, 130.38998413085938, -16.220909118652344, 195.60882568359375, -0.3826245069503784, -1.3272086381912231, 0.7032567262649536, 1.2166978120803833, 1.2147960662841797, 1.59521484375, 1.39892578125, 0.0390167236328125, 1.52783203125
69684, -1.3895397186279297, -0.5256996750831604, 0.8420591950416565, 0.049088239669799805, -0.042569637298583984, 1.1077210903167725, 0.06658899784088135, 0.027009766548871994, -0.005076747853308916, 0.03076780214905739, -0.04238782450556755, 1.1232514381408691, 4.627519354567949, 1.4615171904552255, 0.2506015484465752, 37519.0, 31139.0, 32927.0, 38911.0, 7.9140496253967285, 114.51818084716797, -0.7076077461242676, 161.8944854736328, 0.2130841165781021, 1.1998438835144043, 2.126274824142456, 1.2166978120803833, 1.2147960662841797, 1.59521484375, 1.39892578125, 0.0390167236328125, 1.5439453125
69694, -0.4893275201320648, -0.6635269522666931, -1.2748833894729614, 0.04976258799433708, -0.042287636548280716, 1.10808527469635, 0.06830718368291855, 0.030308028683066368, 0.07787224650382996, 0.03110743686556816, -0.045913420617580414, 1.1228678226470947, -1.2342191579186361, 1.468723126966296, 2.562954192835982, 37519.0, 31139.0, 32927.0, 38911.0, 7.933885097503662, 135.6456298828125, 3.1816771030426025, -356.93328857421875, 0.33326417207717896, 1.2193673849105835, 1.1863024234771729, 1.2166978120803833, 1.2147960662841797, 1.59521484375, 1.39892578125, 0.0390167236328125, 1.53955078125
69704, 0.43969255685806274, -0.7315168380737305, -1.91652512550354, 0.05044466257095337, -0.04198731109499931, 1.1082606315612793, 0.06791000813245773, 0.03169175982475281, -0.04276483133435249, 0.030469950288534164, -0.043773263692855835, 1.1245042085647583, 2.342746791819799, 2.119231500185691, -4.104668654559538, 37519.0, 31139.0, 32927.0, 38911.0, 7.9537200927734375, -102.33766174316406, 9.474610328674316, 132.7797088623047, -1.004043698310852, -0.7343875765800476, 3.038710355758667, 1.2166978120803833, 1.2147960662841797, 1.59521484375, 1.39892578125, 0.0390167236328125, 1.53955078125
69764, -0.49665844440460205, -0.6866034865379333, 0.3063766062259674, 0.04700440913438797, -0.04266993701457977, 1.1110726594924927, 0.056325413286685944, 0.026956617832183838, 0.08496668934822083, 0.029915448278188705, -0.04240293800830841, 1.124884009361267, 2.1944238892510795, 1.6763004330342426, -6.626762296075065, 38646.0, 30829.0, 32215.0, 36631.0, 7.9140496253967285, -1.2633388042449951, -13.32663345336914, -289.3407897949219, 0.3111456036567688, 1.1574584245681763, 1.2044583559036255, 1.2166978120803833, 1.2147960662841797, 1.59521484375, 1.552734375, 0.3080596923828125, 1.5615234375
69774, 0.27835115790367126, -0.8994357585906982, -0.2706541121006012, 0.04700440913438797, -0.04266993701457977, 1.1110726594924927, 0.056325413286685944, 0.026956617832183838, 0.08496668934822083, 0.029911493882536888, -0.04092267155647278, 1.1262344121932983, 2.802321270278852, 1.8874061084020468, -7.514836863422837, 37589.0, 31060.0, 32319.0, 37677.0, 7.9537200927734375, -80.36290740966797, 9.590749740600586, 30.458026885986328, 0.3111456036567688, 1.1574584245681763, 1.2044583559036255, 1.2166978120803833, 1.2147960662841797, 1.59521484375, 1.552734375, 0.3080596923828125, 1.5615234375
69794, 0.729519248008728, -0.8450003266334534, 1.3200459480285645, 0.048724040389060974, -0.04183650389313698, 1.1114966869354248, 0.06068344786763191, 0.028726179152727127, 0.10934138298034668, 0.02931908518075943, -0.04107753932476044, 1.1265281438827515, 3.8036819172640692, 1.5501556256614037, -3.692731141628922, 37589.0, 31060.0, 32319.0, 37677.0, 7.9140496253967285, -1.8113679885864258, -29.249263763427734, -305.6898498535156, 0.7087685465812683, -2.3804759979248047, -0.08268516510725021, 1.2166978120803833, 1.2147960662841797, 1.59521484375, 1.552734375, 0.3080596923828125, 1.5615234375
69814, -1.0579544305801392, -0.7942551970481873, 2.475566864013672, 0.04630414769053459, -0.04249231517314911, 1.1128530502319336, 0.052416861057281494, 0.0257677361369133, 0.02916323021054268, 0.030010588467121124, -0.045766718685626984, 1.1248520612716675, -0.6694886265063129, 1.4799507150118245, 1.5881115185463275, 37145.0, 31348.0, 34433.0, 38084.0, 7.9537200927734375, -173.79116821289062, 33.69194412231445, -429.11053466796875, 0.6392619013786316, 1.972532033920288, 0.8979324102401733, 1.2166978120803833, 1.2147960662841797, 1.59521484375, 1.552734375, 0.3080596923828125, 1.565185546875
69824, -1.4599367380142212, -0.7881934642791748, 0.8110198974609375, 0.04630414769053459, -0.04249231517314911, 1.1128530502319336, 0.052416861057281494, 0.0257677361369133, 0.02916323021054268, 0.0297494325786829, -0.04418107494711876, 1.1260894536972046, 2.1140783377413137, 1.9971796514708728, -2.786592506991205, 38535.0, 31299.0, 33943.0, 36622.0, 8.013224601745605, 93.33927917480469, 12.084864616394043, 93.64960479736328, 0.6392619013786316, 1.972532033920288, 0.8979324102401733, 1.2166978120803833, 1.2147960662841797, 1.59521484375, 1.552734375, 0.3080596923828125, 1.565185546875
69864, 0.9364853501319885, -1.0908070802688599, 2.504390239715576, 0.04538506269454956, -0.04287635535001755, 1.1148122549057007, 0.05164235457777977, 0.025605613365769386, 0.11633341759443283, 0.030367322266101837, -0.04448147863149643, 1.1266206502914429, 1.8058129318047862, 1.5410181820256525, 1.7615515200931944, 38535.0, 31299.0, 33943.0, 36622.0, 7.9537200927734375, 131.63174438476562, 7.138379096984863, -252.36790466308594, -0.47106102108955383, -1.1736594438552856, 0.7529712319374084, 1.2166978120803833, 1.2147960662841797, 1.59521484375, 1.552734375, 0.3080596923828125, 1.560791015625
69874, 0.8712365627288818, -1.0721473693847656, 0.6872031688690186, 0.045902084559202194, -0.042620155960321426, 1.1155195236206055, 0.05161616951227188, 0.027719739824533463, 0.025119120255112648, 0.03019099496304989, -0.044770579785108566, 1.1257966756820679, -1.3534640568644698, 1.6383057369382072, 1.445908564396049, 38535.0, 31299.0, 33943.0, 36622.0, 7.933885097503662, 131.63174438476562, 7.138379096984863, -252.36790466308594, 0.7584214210510254, 2.135500431060791, 0.9514335989952087, 1.2166978120803833, 1.2147960662841797, 1.59521484375, 1.552734375, 0.3080596923828125, 1.560791015625
69884, -0.6861929297447205, -0.9366339445114136, 4.903388023376465, 0.04642752185463905, -0.04235024377703667, 1.1157500743865967, 0.053451038897037506, 0.026213467121124268, 0.020998334512114525, 0.02985405921936035, -0.043326009064912796, 1.1274700164794922, 1.9678729946254119, 2.3679750654922884, -2.908362781743152, 38535.0, 31299.0, 33943.0, 36622.0, 7.99338960647583, -181.37779235839844, 35.47903060913086, -450.292724609375, 0.7584214210510254, 2.135500431060791, 0.9514335989952087, 1.2166978120803833, 1.2147960662841797, 1.59521484375, 1.552734375, 0.3080596923828125, 1.560791015625
69894, -1.1944016218185425, -0.9039475321769714, 3.4272375106811523, 0.046970341354608536, -0.042094700038433075, 1.1159093379974365, 0.05541568621993065, 0.024841032922267914, 0.010964843444526196, 0.029794618487358093, -0.04119390994310379, 1.1259872913360596, 2.041308100213627, 2.0696557619910436, -6.71567097934384, 38535.0, 31299.0, 33943.0, 36622.0, 7.933885097503662, 96.9931869506836, -1.2903441190719604, 72.14783477783203, 0.7584214210510254, 2.135500431060791, 0.9514335989952087, 1.2166978120803833, 1.2147960662841797, 1.59521484375, 1.552734375, 0.3080596923828125, 1.560791015625
69924, -0.11356384307146072, -1.0824357271194458, -2.112428903579712, 0.047536514699459076, -0.04183579608798027, 1.1163156032562256, 0.05782362073659897, 0.027409158647060394, 0.070273257791996, 0.029601633548736572, -0.04033370688557625, 1.1277592182159424, 3.202785923592462, 2.1740992794780993, -3.935825643745331, 36911.0, 31434.0, 32959.0, 38287.0, 7.973554611206055, -38.40068817138672, 31.61499786376953, 138.0938262939453, -0.7081260085105896, -1.3229316473007202, 3.069563388824463, 1.2166978120803833, 1.2147960662841797, 1.59521484375, 1.552734375, 0.3080596923828125, 1.575439453125
69934, 0.8898892402648926, -1.1751246452331543, 2.053182601928711, 0.047536514699459076, -0.04183579608798027, 1.1163156032562256, 0.05782362073659897, 0.027409158647060394, 0.070273257791996, 0.029647137969732285, -0.040188681334257126, 1.1267629861831665, 4.025137162230839, 1.9616956525559317, -0.5851347952955158, 36957.0, 31346.0, 34208.0, 38452.0, 7.9537200927734375, -38.40068817138672, 31.61499786376953, 138.0938262939453, -0.7081260085105896, -1.3229316473007202, 3.069563388824463, 1.2166978120803833, 1.2147960662841797, 1.59521484375, 1.552734375, 0.3080596923828125, 1.575439453125
69944, 0.7506685853004456, -1.018082618713379, -0.4516138434410095, 0.047536514699459076, -0.04183579608798027, 1.1163156032562256, 0.05782362073659897, 0.027409158647060394, 0.070273257791996, 0.030506571754813194, -0.04312476888298988, 1.1266143321990967, 2.1629717768637944, 1.55137935749363, 1.6848002368025734, 36627.0, 31190.0, 34231.0, 38641.0, 7.9537200927734375, -55.92929458618164, 3.1155192852020264, 407.8929138183594, -0.7081260085105896, -1.3229316473007202, 3.069563388824463, 1.2166978120803833, 1.2147960662841797, 1.59521484375, 1.552734375, 0.3080596923828125, 1.575439453125
69974, -0.6134859323501587, -1.0454704761505127, -0.9925683736801147, 0.04366298392415047, -0.04164137318730354, 1.1183453798294067, 0.049709998071193695, 0.025709515437483788, 0.07225341349840164, 0.029420608654618263, -0.040940556675195694, 1.126373529434204, 1.8233395206744774, 2.0852996262470924, -6.097141237230801, 36848.0, 31008.0, 34107.0, 38214.0, 7.9140496253967285, -55.92929458618164, 3.1155192852020264, 407.8929138183594, 0.2144799530506134, 1.2807270288467407, 0.8225526809692383, 1.092537522315979, 0.7667980194091797, 1.55859375, 1.552734375, 0.3080596923828125, 1.5556640625
69994, 0.0028051063418388367, -1.0305758714675903, -3.2771823406219482, 0.04466275870800018, -0.04111197590827942, 1.1182018518447876, 0.05126097425818443, 0.027800163254141808, -0.033754944801330566, 0.02977956458926201, -0.03833170607686043, 1.1260355710983276, -0.34722524632836144, 2.333532624496371, -6.2877309981445375, 36915.0, 31168.0, 34904.0, 38097.0, 7.973554611206055, -55.92929458618164, 3.1155192852020264, 407.8929138183594, 1.1710240840911865, -1.4445922374725342, -0.12066348642110825, 1.092537522315979, 0.7667980194091797, 1.55859375, 1.552734375, 0.3080596923828125, 1.55126953125
70004, 1.1590793132781982, -1.105476975440979, 2.1203958988189697, 0.045198164880275726, -0.04084487631917, 1.1185880899429321, 0.055696576833724976, 0.026737216860055923, 0.11101969331502914, 0.02890235371887684, -0.03995482251048088, 1.1273666620254517, 4.763626174353134, 1.4649657631856314, -1.8094521954738465, 36915.0, 31168.0, 34904.0, 38097.0, 7.933885097503662, -55.92929458618164, 3.1155192852020264, 407.8929138183594, -0.586633563041687, -2.2381293773651123, 0.6746361255645752, 1.092537522315979, 0.7667980194091797, 1.55859375, 1.552734375, 0.3080596923828125, 1.55126953125
70014, 1.1914153099060059, -0.9894565939903259, 0.04650263488292694, 0.04575558006763458, -0.04057753086090088, 1.1192327737808228, 0.05572786554694176, 0.02873845398426056, 0.01791352592408657, 0.029612725600600243, -0.043140485882759094, 1.1268309354782104, 1.5956828625270685, 1.4035799984735888, 1.7118061169293177, 36915.0, 31168.0, 34904.0, 38097.0, 7.933885097503662, -38.63738250732422, -7.035172462463379, 458.1589050292969, -0.586633563041687, -2.2381293773651123, 0.6746361255645752, 1.092537522315979, 0.7667980194091797, 1.55859375, 1.552734375, 0.3080596923828125, 1.55126953125
70044, -0.3491750657558441, -0.9739219546318054, 1.2674834728240967, 0.04364387318491936, -0.040894825011491776, 1.1202104091644287, 0.05174020305275917, 0.023617776110768318, 0.05307113006711006, 0.028410695493221283, -0.04111441597342491, 1.127265453338623, 2.0478240580136617, 2.0641348676264784, -4.323461264672611, 37828.0, 30842.0, 33913.0, 36904.0, 7.9140496253967285, 108.94281005859375, 26.45331573486328, -386.8304443359375, -0.4573148190975189, -0.5818273425102234, 0.0970437228679657, 1.092537522315979, 0.7667980194091797, 1.55859375, 1.552734375, 0.3080596923828125, 1.55126953125
70054, 0.6583121418952942, -1.0940232276916504, -0.5784614682197571, 0.04364387318491936, -0.040894825011491776, 1.1202104091644287, 0.05174020305275917, 0.023617776110768318, 0.05307113006711006, 0.028490379452705383, -0.03986173868179321, 1.1262297630310059, 1.6886942918175567, 1.7639432936057347, -7.13045743640975, 37599.0, 30796.0, 32180.0, 37217.0, 7.9140496253967285, -12.790122985839844, 48.293113708496094, 140.5451202392578, -0.4573148190975189, -0.5818273425102234, 0.0970437228679657, 1.092537522315979, 0.7667980194091797, 1.55859375, 1.552734375, 0.3080596923828125, 1.55126953125
70064, 0.16622082889080048, -1.1339688301086426, -1.3959062099456787, 0.04364387318491936, -0.040894825011491776, 1.1202104091644287, 0.05174020305275917, 0.023617776110768318, 0.05307113006711006, 0.02878851816058159, -0.038749225437641144, 1.1275851726531982, 2.353164364299391, 2.0787298437656148, -7.7460571682613715, 36851.0, 31224.0, 32733.0, 38187.0, 7.973554611206055, -12.790122985839844, 48.293113708496094, 140.5451202392578, -0.4573148190975189, -0.5818273425102234, 0.0970437228679657, 1.092537522315979, 0.7667980194091797, 1.55859375, 1.552734375, 0.3080596923828125, 1.55126953125
70074, 1.1804094314575195, -1.134974479675293, 2.249934196472168, 0.04364387318491936, -0.040894825011491776, 1.1202104091644287, 0.05174020305275917, 0.023617776110768318, 0.05307113006711006, 0.02923613414168358, -0.0396060049533844, 1.126695990562439, 0.8660796422019342, 2.0469544183316657, -6.867275037678723, 36851.0, 31224.0, 32733.0, 38187.0, 7.973554611206055, 43.01820373535156, -21.185638427734375, 81.98843383789062, -0.4573148190975189, -0.5818273425102234, 0.0970437228679657, 1.092537522315979, 0.7667980194091797, 1.55859375, 1.552734375, 0.3080596923828125, 1.541748046875
70094, 0.19205498695373535, -1.013856291770935, 3.9129798412323, 0.042694445699453354, -0.041039422154426575, 1.1210606098175049, 0.050022125244140625, 0.020245607942342758, -0.010308872908353806, 0.028388869017362595, -0.039287418127059937, 1.1265208721160889, 3.1283664089007814, 1.5521516159531927, 0.4463860820877498, 36851.0, 31224.0, 32733.0, 38187.0, 7.973554611206055, -23.889108657836914, -8.47230052947998, 150.90965270996094, -0.31983187794685364, 1.8124955892562866, 1.1375290155410767, 1.092537522315979, 0.7667980194091797, 1.55859375, 1.552734375, 0.3080596923828125, 1.56591796875
70114, -0.4283592104911804, -1.1156882047653198, 1.2906163930892944, 0.043737828731536865, -0.04066558927297592, 1.121173620223999, 0.05471727252006531, 0.01905282586812973, 0.04283616319298744, 0.02864437736570835, -0.04168384149670601, 1.126701831817627, -1.8455748730696724, 1.4510980438892318, 0.9879704364203987, 36851.0, 31224.0, 32733.0, 38187.0, 7.9140496253967285, -23.889108657836914, -8.47230052947998, 150.90965270996094, 0.014812360517680645, 1.416297197341919, 0.1843034327030182, 1.092537522315979, 0.7667980194091797, 1.55859375, 1.552734375, 0.3080596923828125, 1.56591796875
70124, 0.6026067733764648, -1.1505330801010132, -1.3522199392318726, 0.043737828731536865, -0.04066558927297592, 1.121173620223999, 0.05471727252006531, 0.01905282586812973, 0.04283616319298744, 0.02844899520277977, -0.04164664447307587, 1.1273592710494995, 1.3528877432840498, 2.122339109407932, -2.162558835811188, 37809.0, 31066.0, 31877.0, 37022.0, 7.9537200927734375, -23.889108657836914, -8.47230052947998, 150.90965270996094, -0.27173176407814026, -1.0566922426223755, 2.921738386154175, 1.092537522315979, 0.7667980194091797, 1.55859375, 1.552734375, 0.3080596923828125, 1.56591796875
70154, 1.1503053903579712, -1.075715184211731, 0.05495300143957138, 0.0418892502784729, -0.040643736720085144, 1.121351718902588, 0.05219899117946625, 0.018522148951888084, 0.08017656952142715, 0.028308093547821045, -0.03783063590526581, 1.1277892589569092, 2.6261871710220785, 2.017364126969653, -4.939694351450358, 36589.0, 31145.0, 34309.0, 38527.0, 7.933885097503662, 46.21037292480469, -16.461116790771484, 185.5048065185547, 0.05212817341089249, 2.2824974060058594, 1.2582916021347046, 1.092537522315979, 0.7667980194091797, 1.55859375, 1.552734375, 0.3080596923828125, 1.53369140625
70164, 0.312534362077713, -0.980920135974884, 3.432359457015991, 0.0418892502784729, -0.040643736720085144, 1.121351718902588, 0.05219899117946625, 0.018522148951888084, 0.08017656952142715, 0.028173360973596573, -0.037471428513526917, 1.12800931930542, 5.065073331992057, 1.415923586941176, -1.5347559346197845, 36518.0, 30953.0, 34252.0, 38402.0, 7.9537200927734375, 46.21037292480469, -16.461116790771484, 185.5048065185547, 0.05212817341089249, 2.2824974060058594, 1.2582916021347046, 1.092537522315979, 0.7667980194091797, 1.55859375, 1.552734375, 0.3080596923828125, 1.53369140625
70174, -1.2982829809188843, -0.9623662233352661, 1.5043176412582397, 0.0418892502784729, -0.040643736720085144, 1.121351718902588, 0.05219899117946625, 0.018522148951888084, 0.08017656952142715, 0.028573522344231606, -0.041254155337810516, 1.1274529695510864, 1.1379707008684474, 1.6528326774940467, 2.1782279942153737, 37602.0, 30870.0, 33414.0, 37261.0, 8.013224601745605, 75.28507232666016, -55.175453186035156, 159.19393920898438, 0.05212817341089249, 2.2824974060058594, 1.2582916021347046, 1.092537522315979, 0.7667980194091797, 1.55859375, 1.552734375, 0.3080596923828125, 1.53369140625
70194, 0.48658984899520874, -0.9356356263160706, -1.6101330518722534, 0.0406959094107151, -0.04027082026004791, 1.1227655410766602, 0.049830369651317596, 0.01600405015051365, 0.03286424279212952, 0.028107061982154846, -0.03836751729249954, 1.128193974494934, 2.216670166447693, 2.270199203621985, -4.2599307610075146, 37602.0, 30870.0, 33414.0, 37261.0, 8.013224601745605, 31.39438819885254, 31.94803237915039, 195.7808837890625, 0.018521783873438835, 1.2253565788269043, -0.21110199391841888, 1.0853201150894165, 0.08584022521972656, 1.5029296875, 1.552734375, 0.3080596923828125, 1.527099609375
70204, 0.056579891592264175, -1.0409095287322998, -1.251924991607666, 0.0406959094107151, -0.04027082026004791, 1.1227655410766602, 0.049830369651317596, 0.01600405015051365, 0.03286424279212952, 0.028120199218392372, -0.03692936897277832, 1.1273552179336548, 1.8673794068501264, 2.0025161471023694, -6.89498281643289, 37602.0, 30870.0, 33414.0, 37261.0, 8.013224601745605, 31.39438819885254, 31.94803237915039, 195.7808837890625, 0.9679486751556396, -0.8096458911895752, 0.3602283298969269, 1.0853201150894165, 0.08584022521972656, 1.5029296875, 1.552734375, 0.3080596923828125, 1.535888671875
70274, -0.009463055990636349, -0.9029049873352051, -0.7139827609062195, 0.04197821021080017, -0.039925578981637955, 1.1218373775482178, 0.05194472521543503, 0.01708071306347847, -0.11524132639169693, 0.027313653379678726, -0.03645959496498108, 1.1286875009536743, 2.2624269423647005, 2.096191298416983, -4.591905726208503, 37587.0, 30855.0, 33965.0, 37424.0, 7.933885097503662, -78.49148559570312, -49.164222717285156, -420.337158203125, 0.32089322805404663, -0.5617413520812988, 2.525689125061035, 1.0853201150894165, 0.08584022521972656, 1.5029296875, 1.552734375, 0.3080596923828125, 1.553466796875
70304, 0.26944056153297424, -0.7107149958610535, 2.906790256500244, 0.040366481989622116, -0.04052324593067169, 1.1227353811264038, 0.04873078316450119, 0.01404605247080326, -0.04475577175617218, 0.02686767280101776, -0.03405793383717537, 1.1295347213745117, 3.1769247393473883, 1.8890385183007652, -3.64774557694155, 36657.0, 30996.0, 34372.0, 38542.0, 7.9537200927734375, -198.1280517578125, -14.314855575561523, 324.5014953613281, -0.17383643984794617, 1.9045428037643433, 1.2308027744293213, 1.0853201150894165, 0.08584022521972656, 1.5029296875, 1.552734375, 0.3080596923828125, 1.553466796875
70384, -1.6671955585479736, -0.9656384587287903, 2.200052261352539, 0.04140159487724304, -0.03960200771689415, 1.121233582496643, 0.05299089848995209, 0.015947988256812096, -0.04280729964375496, 0.0270947627723217, -0.033927056938409805, 1.12807035446167, 3.005787543847293, 1.4895873470247807, 1.1336002414151836, 36797.0, 31101.0, 34060.0, 38565.0, 7.933885097503662, -2.2934184074401855, -5.007036209106445, -163.04603576660156, 0.09719693660736084, -0.07124845683574677, 1.838721752166748, 1.0853201150894165, 0.08584022521972656, 1.5029296875, 1.552734375, 0.3080596923828125, 1.554931640625
70394, -1.0487560033798218, -0.84527188539505, 2.4722185134887695, 0.04140159487724304, -0.03960200771689415, 1.121233582496643, 0.05299089848995209, 0.015947988256812096, -0.04280729964375496, 0.02717096172273159, -0.03662567585706711, 1.1285239458084106, 1.384889469731621, 1.525892687487726, 2.1821097974580232, 38772.0, 30996.0, 32527.0, 36597.0, 7.933885097503662, 39.3630485534668, 45.06681823730469, -411.8902282714844, 0.09719693660736084, -0.07124845683574677, 1.838721752166748, 1.0853201150894165, 0.08584022521972656, 1.5029296875, 1.552734375, 0.3080596923828125, 1.554931640625
70404, -0.14710956811904907, -1.0210410356521606, -1.4659126996994019, 0.039423368871212006, -0.039395321160554886, 1.122018814086914, 0.048362646251916885, 0.018687130883336067, -0.018799802288413048, 0.02707996405661106, -0.03488503769040108, 1.128344178199768, -1.6673081960104135, 1.6519740477414189, 0.531584482294235, 38772.0, 30996.0, 32527.0, 36597.0, 7.933885097503662, 39.3630485534668, 45.06681823730469, -411.8902282714844, 0.6766434907913208, -0.11075349152088165, 2.0851612091064453, 1.0853201150894165, 0.08584022521972656, 1.5029296875, 1.552734375, 0.3080596923828125, 1.554931640625
70414, -0.06780745089054108, -1.2262413501739502, -0.608801543712616, 0.039423368871212006, -0.039395321160554886, 1.122018814086914, 0.048362646251916885, 0.018687130883336067, -0.018799802288413048, 0.026938697323203087, -0.0350319966673851, 1.1288360357284546, 2.026859231260216, 2.2510823997583884, -2.2516659069074967, 37439.0, 30955.0, 32724.0, 38047.0, 7.9537200927734375, 39.3630485534668, 45.06681823730469, -411.8902282714844, 0.6766434907913208, -0.11075349152088165, 2.0851612091064453, 1.0853201150894165, 0.08584022521972656, 1.5029296875, 1.552734375, 0.3080596923828125, 1.554931640625
70464, -0.9734292030334473, -0.8149096369743347, 2.5430448055267334, 0.03924604877829552, -0.03903953731060028, 1.1215617656707764, 0.05033528804779053, 0.017295053228735924, -0.030080802738666534, 0.026639513671398163, -0.031176099553704262, 1.1287555694580078, 5.017802385311995, 1.8557152552749017, -1.2185113619181815, 37439.0, 30955.0, 32724.0, 38047.0, 7.99338960647583, -172.5659637451172, 2.0724387168884277, 494.3306884765625, 0.40225324034690857, 0.867397665977478, -0.7125927805900574, 1.0853201150894165, 0.08584022521972656, 1.5029296875, 1.2861328125, 0.0716094970703125, 1.524169921875
70494, 0.20449942350387573, -0.935060977935791, -1.31461763381958, 0.0377148799598217, -0.03919972851872444, 1.1218630075454712, 0.04743354767560959, 0.01969807967543602, 0.008766356855630875, 0.02658306062221527, -0.0327727384865284, 1.1281245946884155, 2.9288282897628326, 2.474164605658956, -3.921220620684345, 37408.0, 30820.0, 32971.0, 38002.0, 7.9537200927734375, -172.5659637451172, 2.0724387168884277, 494.3306884765625, -0.10275103151798248, -2.6470069885253906, 0.19904297590255737, 1.0853201150894165, 0.08584022521972656, 1.5029296875, 1.119873046875, 1.0350341796875, 1.56005859375
70524, -1.3642079830169678, -0.8515077829360962, 2.514590263366699, 0.03869986534118652, -0.03881034627556801, 1.1219969987869263, 0.050340089946985245, 0.020122865214943886, -0.03665850684046745, 0.027816209942102432, -0.02908598817884922, 1.1269828081130981, 1.2120234579794356, 1.9570471009845107, -5.781519446682491, 37334.0, 30715.0, 33783.0, 37889.0, 8.013224601745605, -172.5659637451172, 2.0724387168884277, 494.3306884765625, 0.09352466464042664, 1.6165863275527954, 0.7230169177055359, 1.0853201150894165, 0.08584022521972656, 1.5029296875, 1.119873046875, 1.0350341796875, 1.56005859375
70564, 0.3011275827884674, -0.9016263484954834, -1.7031809091567993, 0.03831951320171356, -0.03764113038778305, 1.1219428777694702, 0.050180740654468536, 0.02216748334467411, 0.004765266086906195, 0.02593255043029785, -0.03118416853249073, 1.128221035003662, 2.4706885427678906, 2.4882953142043505, -4.127478163797878, 37063.0, 31245.0, 33959.0, 38264.0, 7.9537200927734375, -68.1583480834961, -14.520739555358887, -238.5197296142578, -0.04035184904932976, -2.591719388961792, 0.16935886442661285, 1.0853201150894165, 0.08584022521972656, 1.5029296875, 1.119873046875, 1.0350341796875, 1.534423828125
70584, 0.6158931255340576, -0.8279306292533875, 1.6525769233703613, 0.039362143725156784, -0.037208691239356995, 1.122260332107544, 0.05320056527853012, 0.022186122834682465, -0.02513313479721546, 0.026795191690325737, -0.0305698923766613, 1.1274720430374146, 1.799601834821592, 1.9389922783070404, -6.838629515957066, 37063.0, 31245.0, 33959.0, 38264.0, 7.933885097503662, -32.17365264892578, -5.001970291137695, -449.4197082519531, 0.22105573117733002, 1.461952567100525, 0.8105008006095886, 1.0853201150894165, 0.08584022521972656, 1.5029296875, 1.119873046875, 1.0350341796875, 1.541748046875
70624, 0.3379247784614563, -1.2028642892837524, -0.3101012408733368, 0.038534168154001236, -0.036191247403621674, 1.1232467889785767, 0.049292273819446564, 0.023724988102912903, -0.10596422851085663, 0.025304235517978668, -0.03205465152859688, 1.1271226406097412, -1.6050930922125262, 1.653229526116462, 1.0569161647280938, 37063.0, 31245.0, 33959.0, 38264.0, 7.9537200927734375, -77.86451721191406, -4.455316543579102, -145.86659240722656, 0.6011509895324707, 0.5094925761222839, 1.523162603378296, 1.0853201150894165, 0.08584022521972656, 1.5029296875, 1.349853515625, 0.015350341796875, 1.56591796875
70644, 1.075248122215271, -0.9554815292358398, 2.0412628650665283, 0.03904493898153305, -0.035951655358076096, 1.1226773262023926, 0.053137585520744324, 0.02339118719100952, -0.00793788954615593, 0.025204120203852654, -0.028943847864866257, 1.1260721683502197, 2.1824617997432196, 1.2354017001882767, -7.390409640564686, 36747.0, 31327.0, 34377.0, 38332.0, 7.933885097503662, 139.8555908203125, 44.69765090942383, 879.790283203125, 0.30282846093177795, -2.3996920585632324, -0.045701343566179276, 1.0853201150894165, 0.08584022521972656, 1.5029296875, 1.349853515625, 0.015350341796875, 1.56591796875
70664, -0.9686682820320129, -0.9417543411254883, 3.1729135513305664, 0.03699507564306259, -0.036019038408994675, 1.1242948770523071, 0.04798916354775429, 0.02231220155954361, -0.02621324546635151, 0.023671725764870644, -0.028458768501877785, 1.129669189453125, 3.3671593474954404, 1.6083560665778407, -3.428927066932082, 36957.0, 30937.0, 33784.0, 37842.0, 8.013224601745605, 139.8555908203125, 44.69765090942383, 879.790283203125, 0.465740442276001, 1.5823577642440796, 0.8570473194122314, 1.0853201150894165, 0.08584022521972656, 1.5029296875, 1.349853515625, 0.015350341796875, 1.564453125
70674, -0.838992178440094, -0.818957507610321, 2.443362236022949, 0.03699507564306259, -0.036019038408994675, 1.1242948770523071, 0.04798916354775429, 0.02231220155954361, -0.02621324546635151, 0.02412630431354046, -0.029550306499004364, 1.126768946647644, 3.672150094133616, 1.4575029297282072, 0.22301951134864684, 36957.0, 30937.0, 33784.0, 37842.0, 7.8942155838012695, 139.8555908203125, 44.69765090942383, 879.790283203125, 0.465740442276001, 1.5823577642440796, 0.8570473194122314, 1.0853201150894165, 0.08584022521972656, 1.5029296875, 1.349853515625, 0.015350341796875, 1.53955078125
70714, 1.207464575767517, -0.954612135887146, 2.4554688930511475, 0.03699992597103119, -0.03521181270480156, 1.1242254972457886, 0.05078640952706337, 0.01978994533419609, 0.04904922470450401, 0.024423034861683846, -0.02987355925142765, 1.1269463300704956, 2.0881588821043837, 1.3857587570348358, -7.002419728633012, 36957.0, 30937.0, 33784.0, 37842.0, 7.9537200927734375, -60.50938415527344, 2.2847375869750977, -8.732251167297363, -0.37139028310775757, -0.7254579067230225, 0.828936755657196, 1.0853201150894165, 0.08584022521972656, 1.5029296875, 1.27587890625, 0.092620849609375, 1.518310546875
70724, 0.9654467701911926, -0.8631428480148315, 0.7282680869102478, 0.03750871494412422, -0.03501414135098457, 1.1242834329605103, 0.051019880920648575, 0.021393314003944397, -0.03748735412955284, 0.023043178021907806, -0.028400689363479614, 1.1281100511550903, 3.4142452959850367, 1.592056550118258, -3.954456027989498, 36957.0, 30937.0, 33784.0, 37842.0, 7.933885097503662, -60.50938415527344, 2.2847375869750977, -8.732251167297363, 0.5478590726852417, 1.9121392965316772, 0.9897385835647583, 1.0853201150894165, 0.08584022521972656, 1.5029296875, 1.27587890625, 0.092620849609375, 1.518310546875
70744, -0.8286225199699402, -0.67817622423172, 2.5361762046813965, 0.03856232017278671, -0.03462507203221321, 1.1235474348068237, 0.05431123450398445, 0.01773359440267086, -0.04019199684262276, 0.023387238383293152, -0.031860120594501495, 1.126396656036377, -1.5100921451231097, 1.2848772409478215, 1.7221424004776398, 38239.0, 30625.0, 33042.0, 36751.0, 7.9537200927734375, -173.2528839111328, 22.711833953857422, -443.7623291015625, -0.2989061176776886, 0.11754776537418365, -0.5788928270339966, 1.0853201150894165, 0.08584022521972656, 1.5029296875, 1.27587890625, 0.092620849609375, 1.518310546875
70764, 0.6787133812904358, -0.9477795362472534, -0.272739440202713, 0.03658782318234444, -0.03378129005432129, 1.1243290901184082, 0.0472487173974514, 0.021969202905893326, -0.10965754091739655, 0.02432670071721077, -0.02904343046247959, 1.126570224761963, 2.668881899692081, 1.2405369148418686, -7.339135734221643, 38372.0, 30570.0, 32015.0, 36633.0, 7.9537200927734375, 133.15576171875, -3.3356547355651855, -236.1366424560547, -0.8224778771400452, -1.2810853719711304, 3.1341967582702637, 1.0853201150894165, 0.08584022521972656, 1.5029296875, 1.27587890625, 0.092620849609375, 1.521240234375
70794, 1.1599595546722412, -0.6498067378997803, 0.44050946831703186, 0.03810770437121391, -0.033152125775814056, 1.1234018802642822, 0.052572883665561676, 0.02206791378557682, -0.042115356773138046, 0.02344644069671631, -0.03269463777542114, 1.1264978647232056, 1.0240222373970862, 1.9081258197676902, -0.7985189658803313, 36614.0, 30779.0, 34161.0, 38627.0, 7.9537200927734375, 2.0662992000579834, -26.787397384643555, -316.8389892578125, 0.5343988537788391, 2.223733425140381, 0.9628787636756897, 1.0853201150894165, 0.08584022521972656, 1.5029296875, 1.27587890625, 0.092620849609375, 1.54833984375
70804, -0.30170148611068726, -0.5328953862190247, 4.0214385986328125, 0.03810770437121391, -0.033152125775814056, 1.1234018802642822, 0.052572883665561676, 0.02206791378557682, -0.042115356773138046, 0.023215141147375107, -0.03002035617828369, 1.1272183656692505, 2.224577536980324, 2.1722807581254244, -3.6909751377150757, 36846.0, 30745.0, 33675.0, 38271.0, 7.9537200927734375, 2.0662992000579834, -26.787397384643555, -316.8389892578125, 0.1513948291540146, 1.2956748008728027, 1.8194235563278198, 1.0853201150894165, 0.08584022521972656, 1.5029296875, 1.27587890625, 0.092620849609375, 1.54833984375
70814, -0.9062629342079163, -0.45703113079071045, 2.219965934753418, 0.03810770437121391, -0.033152125775814056, 1.1234018802642822, 0.052572883665561676, 0.02206791378557682, -0.042115356773138046, 0.023631960153579712, -0.02796351909637451, 1.1272248029708862, 2.3841095884724717, 2.0069676643957166, -7.255256201727065, 36846.0, 30745.0, 33675.0, 38271.0, 7.9537200927734375, 109.0850601196289, -17.48372459411621, 210.56346130371094, 0.1513948291540146, 1.2956748008728027, 1.8194235563278198, 1.0853201150894165, 0.08584022521972656, 1.5029296875, 1.27587890625, 0.092620849609375, 1.53076171875
70874, -0.1260947585105896, -0.4919307827949524, 4.027601718902588, 0.03634142875671387, -0.03202972188591957, 1.1230394840240479, 0.04530636966228485, 0.01782960258424282, -0.04886116459965706, 0.02379273995757103, -0.030260182917118073, 1.127455234527588, 1.8303701086141395, 2.3586305275978248, -2.540474430187561, 36846.0, 30745.0, 33675.0, 38271.0, 7.973554611206055, -49.07420349121094, -3.3656599521636963, 362.4780578613281, -0.007397714536637068, 1.516511082649231, 1.645121693611145, 1.0853201150894165, 0.08584022521972656, 1.5029296875, 1.27587890625, 0.092620849609375, 1.53076171875
70884, -0.959822416305542, -0.5079469084739685, 2.162928342819214, 0.036798667162656784, -0.03186095878481865, 1.12251877784729, 0.04635576158761978, 0.015888867899775505, -0.055208902806043625, 0.023688102141022682, -0.028142482042312622, 1.125081181526184, 2.0154945838501184, 2.0409542250887966, -6.81049904047293, 36846.0, 30745.0, 33675.0, 38271.0, 7.9140496253967285, 124.2873306274414, -26.3499755859375, 223.5705108642578, -0.007397714536637068, 1.516511082649231, 1.645121693611145, 1.0853201150894165, 0.08584022521972656, 1.5029296875, 1.27587890625, 0.092620849609375, 1.53076171875
70894, -0.20310115814208984, -0.6885379552841187, 0.8596087694168091, 0.036798667162656784, -0.03186095878481865, 1.12251877784729, 0.04635576158761978, 0.015888867899775505, -0.055208902806043625, 0.024733949452638626, -0.028724581003189087, 1.1256403923034668, 1.850416002133829, 1.839533868738073, -6.892550483999649, 38562.0, 30602.0, 32023.0, 36662.0, 7.933885097503662, 116.31934356689453, 24.21927261352539, -394.1329650878906, -0.007397714536637068, 1.516511082649231, 1.645121693611145, 1.0853201150894165, 0.08584022521972656, 1.5029296875, 1.27587890625, 0.092620849609375, 1.53076171875
70904, 0.8216603398323059, -0.7777029871940613, -0.5309314131736755, 0.036798667162656784, -0.03186095878481865, 1.12251877784729, 0.04635576158761978, 0.015888867899775505, -0.055208902806043625, 0.0236866045743227, -0.027424966916441917, 1.125878930091858, 4.997958809623763, 1.6020030684102267, -1.8812780832953944, 37815.0, 30929.0, 32115.0, 37437.0, 7.933885097503662, -44.2453727722168, 44.252681732177734, 176.3640594482422, -0.007397714536637068, 1.516511082649231, 1.645121693611145, 1.0853201150894165, 0.08584022521972656, 1.5029296875, 1.27587890625, 0.092620849609375, 1.53076171875
70914, 0.1750883162021637, -0.7451305985450745, -2.1530048847198486, 0.03553743660449982, -0.03146979585289955, 1.1222608089447021, 0.04128992557525635, 0.018394187092781067, -0.0913606584072113, 0.024466663599014282, -0.030306175351142883, 1.1253206729888916, 2.0539275284879683, 1.5958169026387452, 2.046824535020067, 37815.0, 30929.0, 32115.0, 37437.0, 7.9537200927734375, -44.2453727722168, 44.252681732177734, 176.3640594482422, -0.007397714536637068, 1.516511082649231, 1.645121693611145, 1.0853201150894165, 0.08584022521972656, 1.5029296875, 1.27587890625, 0.092620849609375, 1.5322265625
70924, 1.2976319789886475, -0.8069307208061218, 2.2589731216430664, 0.035967063158750534, -0.03130386024713516, 1.1221011877059937, 0.0445418618619442, 0.016412215307354927, 0.05946555361151695, 0.024259252473711967, -0.03193394094705582, 1.1240930557250977, -0.7162448688695273, 1.5498609515306612, 2.4386348962767697, 37815.0, 30929.0, 32115.0, 37437.0, 7.9537200927734375, 21.86243438720703, -14.647722244262695, -123.00518798828125, -0.007397714536637068, 1.516511082649231, 1.645121693611145, 1.0853201150894165, 0.08584022521972656, 1.5029296875, 1.27587890625, 0.092620849609375, 1.522705078125
70974, 0.760572075843811, -1.0318788290023804, -1.02102792263031, 0.035277288407087326, -0.030147377401590347, 1.1224708557128906, 0.04100145027041435, 0.01782367378473282, -0.08416212350130081, 0.022689376026391983, -0.026316355913877487, 1.1254409551620483, 3.167260984863878, 1.9915163211929894, -3.962739692869127, 37815.0, 30929.0, 32115.0, 37437.0, 7.9537200927734375, -25.9914493560791, 51.546531677246094, 246.85826110839844, 0.06830432265996933, 1.4070442914962769, 0.49779385328292847, 1.0853201150894165, 0.08584022521972656, 1.5029296875, 1.811279296875, 1.0143890380859375, 1.528564453125
71004, 1.2425222396850586, -1.0291399955749512, -0.02074785716831684, 0.036612432450056076, -0.02963520586490631, 1.1216018199920654, 0.047233227640390396, 0.01829073391854763, -0.024938147515058517, 0.022365937009453773, -0.02626895159482956, 1.1217666864395142, 2.342492069889747, 2.3972810341904562, -5.846299856115093, 37815.0, 30929.0, 32115.0, 37437.0, 7.9140496253967285, -26.16093635559082, -5.339809417724609, 228.71705627441406, -0.44642356038093567, -2.5642201900482178, 0.711043655872345, 1.0853201150894165, 0.08584022521972656, 1.5029296875, 1.811279296875, 1.0143890380859375, 1.532958984375
71024, -1.1042240858078003, -1.0452899932861328, 2.0057191848754883, 0.03442129120230675, -0.02969316765666008, 1.122304081916809, 0.042345140129327774, 0.013632422313094139, -0.035500310361385345, 0.02270132303237915, -0.025821415707468987, 1.1214454174041748, 2.7941306424839936, 2.2584830442550583, -4.48726228978533, 36720.0, 31161.0, 34118.0, 38412.0, 7.933885097503662, 116.31779479980469, -46.39626693725586, 227.91224670410156, -0.2743798792362213, 1.7475625276565552, 1.2496564388275146, 1.0853201150894165, 0.08584022521972656, 1.5029296875, 1.811279296875, 1.0143890380859375, 1.54833984375
71034, -0.2754369378089905, -1.1165231466293335, 1.631946086883545, 0.03442129120230675, -0.02969316765666008, 1.122304081916809, 0.042345140129327774, 0.013632422313094139, -0.035500310361385345, 0.021935878321528435, -0.02659192867577076, 1.1190743446350098, 2.917288659176199, 2.54762517691168, -4.16549979888368, 38556.0, 30766.0, 32132.0, 36513.0, 7.933885097503662, 95.56942749023438, 36.25996017456055, -530.349609375, -0.2743798792362213, 1.7475625276565552, 1.2496564388275146, 1.0853201150894165, 0.08584022521972656, 1.5029296875, 1.811279296875, 1.0143890380859375, 1.54833984375
71044, 0.7570539116859436, -1.2118866443634033, -0.9915156960487366, 0.03442129120230675, -0.02969316765666008, 1.122304081916809, 0.042345140129327774, 0.013632422313094139, -0.035500310361385345, 0.022782910615205765, -0.024455055594444275, 1.1176878213882446, 2.4549540858056966, 1.7856879144868287, -7.177981516119689, 38556.0, 30766.0, 32132.0, 36513.0, 7.933885097503662, -13.760186195373535, 57.29307556152344, 247.79249572753906, -0.2743798792362213, 1.7475625276565552, 1.2496564388275146, 1.0853201150894165, 0.08584022521972656, 1.5029296875, 1.811279296875, 1.0143890380859375, 1.54833984375
71144, 1.1095417737960815, -1.1203933954238892, 0.3984724283218384, 0.033063314855098724, -0.029146654531359673, 1.1217995882034302, 0.04430530592799187, 0.013939850963652134, -0.11655889451503754, 0.022665847092866898, -0.024570796638727188, 1.1154375076293945, 2.7167492244973204, 1.9692750417143543, -6.848400224166087, 36834.0, 31031.0, 33591.0, 38572.0, 7.9537200927734375, -5.559186935424805, -4.568661212921143, -25.102235794067383, -0.5068055987358093, -2.898369550704956, 0.6346935033798218, 1.0853201150894165, 0.08584022521972656, 1.5029296875, 1.811279296875, 1.0143890380859375, 1.5322265625
71154, 0.3393552303314209, -1.048031210899353, 3.500553846359253, 0.033063314855098724, -0.029146654531359673, 1.1217995882034302, 0.04430530592799187, 0.013939850963652134, -0.11655889451503754, 0.022352462634444237, -0.02505822479724884, 1.1149743795394897, 1.549089855876226, 2.361613256833124, -6.367227865931691, 36748.0, 30855.0, 33604.0, 38507.0, 7.933885097503662, -214.90716552734375, -27.486324310302734, 216.9903106689453, -0.5068055987358093, -2.898369550704956, 0.6346935033798218, 1.0853201150894165, 0.08584022521972656, 1.5029296875, 1.811279296875, 1.0143890380859375, 1.5322265625
71174, -0.5664814114570618, -0.9022077322006226, 2.323789358139038, 0.03252827003598213, -0.028494708240032196, 1.1219130754470825, 0.04863196983933449, 0.011381354182958603, -0.00861403439193964, 0.02143036387860775, -0.025204280391335487, 1.1139185428619385, 3.0059903246351163, 1.977506699476919, 1.2767326149043856, 36748.0, 30855.0, 33604.0, 38507.0, 7.933885097503662, 69.0925521850586, -49.94834518432617, 62.92870330810547, 0.22931122779846191, 1.1209073066711426, -0.19863925874233246, 1.0853201150894165, 0.08584022521972656, 1.5029296875, 1.811279296875, 1.0143890380859375, 1.5556640625
71224, 0.36605989933013916, -0.7734816074371338, 3.341404914855957, 0.03227246552705765, -0.028427010402083397, 1.1215635538101196, 0.049238171428442, 0.012194066308438778, -0.05226898193359375, 0.021367382258176804, -0.02423710934817791, 1.1121370792388916, 2.528573171399862, 1.8773369688295247, -6.75144104417963, 36854.0, 31023.0, 33877.0, 38619.0, 7.973554611206055, 69.0925521850586, -49.94834518432617, 62.92870330810547, -0.2508023679256439, 1.6420732736587524, 0.7498605251312256, 1.0853201150894165, 0.08584022521972656, 1.5029296875, 1.60400390625, 0.4266204833984375, 1.530029296875
71244, -0.6282971501350403, -0.713764488697052, 2.7115907669067383, 0.0332900732755661, -0.028214870020747185, 1.1208080053329468, 0.05264171585440636, 0.010538258589804173, -0.01365042757242918, 0.019695335999131203, -0.023647822439670563, 1.1109232902526855, 3.606210451759206, 2.0057232512424434, 0.47052519887965955, 36854.0, 31023.0, 33877.0, 38619.0, 7.9537200927734375, 69.0925521850586, -49.94834518432617, 62.92870330810547, -0.009491189382970333, -0.49204427003860474, 1.3824013471603394, 1.0853201150894165, 0.08584022521972656, 1.5029296875, 1.60400390625, 0.4266204833984375, 1.53662109375
71274, 0.6703562140464783, -0.8905019760131836, 0.4857310652732849, 0.0332900732755661, -0.028214870020747185, 1.1208080053329468, 0.05264171585440636, 0.010538258589804173, -0.01365042757242918, 0.01966073550283909, -0.025476066395640373, 1.1101957559585571, -1.6074392388674021, 1.8713365439071765, 0.780588408337523, 37298.0, 30805.0, 32227.0, 38136.0, 7.9140496253967285, 126.93062591552734, 0.648110568523407, 791.1896362304688, 0.5334640741348267, -0.2512121796607971, 2.1862905025482178, 1.276806116104126, 2.666309356689453, 1.7138671875, 1.60400390625, 0.4266204833984375, 1.525634765625
71364, 0.6947782039642334, -0.8989467620849609, 2.7131247520446777, 0.03489184007048607, -0.028118524700403214, 1.1206003427505493, 0.057354751974344254, 0.01105955895036459, -0.0032896280754357576, 0.018076680600643158, -0.02727723866701126, 1.1068710088729858, -0.7927886648873413, 1.5615928667437515, 2.7773667657611973, 36365.0, 30961.0, 33795.0, 38322.0, 7.933885097503662, -159.2630615234375, 6.236607551574707, 516.06298828125, -0.20448718965053558, 1.5243521928787231, 1.2565845251083374, 1.0827665328979492, 1.5194339752197266, 1.6201171875, 1.60400390625, 0.4266204833984375, 1.564453125
71374, -1.1748789548873901, -0.9216721653938293, 2.6686322689056396, 0.03489184007048607, -0.028118524700403214, 1.1206003427505493, 0.057354751974344254, 0.01105955895036459, -0.0032896280754357576, 0.018082894384860992, -0.027287613600492477, 1.1090878248214722, 0.9795243552648989, 2.114833520483046, -0.38757208239927443, 37127.0, 30936.0, 32963.0, 37409.0, 7.933885097503662, -7.817347049713135, -1.4586818218231201, -211.55014038085938, -0.20448718965053558, 1.5243521928787231, 1.2565845251083374, 1.0827665328979492, 1.5194339752197266, 1.6201171875, 1.60400390625, 0.4266204833984375, 1.564453125
71484, 0.29870256781578064, -0.9068246483802795, -2.0462517738342285, 0.0334014929831028, -0.027128683403134346, 1.123367428779602, 0.05621468275785446, 0.004936084151268005, -0.010650837793946266, 0.017505723983049393, -0.021245773881673813, 1.1069687604904175, -0.3760303772017354, 2.8288444222294515, -7.10797851640072, 37127.0, 30936.0, 32963.0, 37409.0, 7.99338960647583, 133.06353759765625, 40.056766510009766, 596.1923828125, 0.33273443579673767, 0.8490490317344666, 2.1285953521728516, 1.0827665328979492, 1.5194339752197266, 1.6201171875, 1.60400390625, 0.4266204833984375, 1.564453125
71604, -0.2672557234764099, -0.6077207326889038, 1.1632403135299683, 0.033263083547353745, -0.0270059946924448, 1.1225918531417847, 0.05649081990122795, 0.003492743009701371, 0.0632312223315239, 0.017181169241666794, -0.027267809957265854, 1.1055229902267456, -0.6503900371055341, 1.52710194211042, 3.5050198323410586, 38417.0, 30641.0, 30852.0, 36442.0, 7.9140496253967285, 90.59034729003906, 30.668615341186523, -571.8679809570312, 1.0492860078811646, -1.6262751817703247, -0.23207612335681915, 1.0827665328979492, 1.5194339752197266, 1.6201171875, 1.60400390625, 0.4266204833984375, 1.564453125
71614, 0.6038124561309814, -0.7022117376327515, -0.3666315972805023, 0.033263083547353745, -0.0270059946924448, 1.1225918531417847, 0.05649081990122795, 0.003492743009701371, 0.0632312223315239, 0.01689787395298481, -0.025783706456422806, 1.1071431636810303, 1.4960491974541688, 1.9783251295636148, -0.7721817263742287, 37682.0, 30844.0, 31016.0, 37244.0, 7.933885097503662, 90.59034729003906, 30.668615341186523, -571.8679809570312, 1.0492860078811646, -1.6262751817703247, -0.23207612335681915, 1.0827665328979492, 1.5194339752197266, 1.6201171875, 1.60400390625, 0.4266204833984375, 1.564453125
71624, -0.04764037951827049, -0.5996391773223877, -1.7516720294952393, 0.033263083547353745, -0.0270059946924448, 1.1225918531417847, 0.05649081990122795, 0.003492743009701371, 0.0632312223315239, 0.01731143333017826, -0.0222233384847641, 1.1055899858474731, 1.4829369036574886, 1.2167618189290863, -5.728680300088714, 37682.0, 30844.0, 31016.0, 37244.0, 7.933885097503662, 25.565378189086914, -38.03977966308594, -262.18585205078125, 1.0492860078811646, -1.6262751817703247, -0.23207612335681915, 1.0827665328979492, 1.5194339752197266, 1.6201171875, 0.49072265625, 39.72129821777344, 1.54248046875
71634, 1.0749988555908203, -0.5887366533279419, 2.4237353801727295, 0.033263083547353745, -0.0270059946924448, 1.1225918531417847, 0.05649081990122795, 0.003492743009701371, 0.0632312223315239, 0.017572108656167984, -0.022369999438524246, 1.1069040298461914, 2.9857656069453764, 1.2213134552461895, -7.770322284203646, 37135.0, 30876.0, 33009.0, 38202.0, 7.933885097503662, 42.97977828979492, -8.988059997558594, 55.198089599609375, 1.0492860078811646, -1.6262751817703247, -0.23207612335681915, 1.0827665328979492, 1.5194339752197266, 1.6201171875, 0.49072265625, 39.72129821777344, 1.54248046875
71644, 1.1640677452087402, -0.6103208661079407, 0.692884087562561, 0.033263083547353745, -0.0270059946924448, 1.1225918531417847, 0.05649081990122795, 0.003492743009701371, 0.0632312223315239, 0.017030509188771248, -0.020558342337608337, 1.1061549186706543, 0.016919046686602712, 2.1886754293559534, -6.5792132198654105, 37135.0, 30876.0, 33009.0, 38202.0, 7.933885097503662, -13.842647552490234, -6.619924068450928, 127.10475158691406, 1.0492860078811646, -1.6262751817703247, -0.23207612335681915, 1.0827665328979492, 1.5194339752197266, 1.6201171875, 0.49072265625, 39.72129821777344, 1.582763671875
71664, -1.2342785596847534, -0.4649781882762909, 2.3084521293640137, 0.03215326741337776, -0.025876550003886223, 1.1196939945220947, 0.04860600084066391, 0.0038501189555972815, -0.03550644963979721, 0.016029227524995804, -0.022227004170417786, 1.1072028875350952, 5.084520131831356, 1.5360958136141107, -1.4081922303789616, 37135.0, 30876.0, 33009.0, 38202.0, 7.933885097503662, 97.62358856201172, -48.056392669677734, 143.35540771484375, -0.3075989782810211, 1.7913216352462769, 0.9854645133018494, 1.0827665328979492, 1.5194339752197266, 1.6201171875, 0.49072265625, 39.72129821777344, 1.582763671875
71674, -0.4062516689300537, -0.542934238910675, 1.8451210260391235, 0.03264511749148369, -0.025837479159235954, 1.1195954084396362, 0.04977419599890709, 0.005023980513215065, 0.01574881561100483, 0.016157280653715134, -0.026041442528367043, 1.1061005592346191, 0.4054986499682591, 1.5692907378482914, 3.347011511934913, 38537.0, 30545.0, 31136.0, 36471.0, 7.933885097503662, 69.98715209960938, 52.72666549682617, -575.2496337890625, 0.03495672345161438, 1.336769938468933, 0.028580645099282265, 1.0827665328979492, 1.5194339752197266, 1.6201171875, 0.49072265625, 39.72129821777344, 1.530029296875
71684, 0.59505695104599, -0.6229284405708313, -0.6929264664649963, 0.033143218606710434, -0.025786152109503746, 1.1193121671676636, 0.04968986287713051, 0.006510212551802397, -0.0723843201994896, 0.016190599650144577, -0.024754321202635765, 1.1072381734848022, -1.418231314200645, 1.7891171395872902, 1.2114956713247524, 38537.0, 30545.0, 31136.0, 36471.0, 7.933885097503662, 13.58266830444336, 58.15463638305664, 286.9885559082031, -0.1302289515733719, -0.7116762399673462, 2.8713884353637695, 1.0827665328979492, 1.5194339752197266, 1.6201171875, 0.49072265625, 39.72129821777344, 1.53076171875
71694, -0.06873957067728043, -0.6556190252304077, -1.3358712196350098, 0.03364351764321327, -0.02571832947432995, 1.118465781211853, 0.0503857247531414, 0.0074555156752467155, -0.0968722254037857, 0.015689751133322716, -0.022327963262796402, 1.1062790155410767, 2.0824242578386074, 1.6041382336554761, -6.957981935998746, 37131.0, 30859.0, 31823.0, 38134.0, 7.9537200927734375, -17.35844612121582, -59.742279052734375, -411.4338073730469, 1.2836079597473145, -0.9685672521591187, 0.22350408136844635, 1.0827665328979492, 1.5194339752197266, 1.6201171875, 0.49072265625, 39.72129821777344, 1.5146484375
71754, 0.5470408201217651, -0.7103114724159241, -0.9100799560546875, 0.033256251364946365, -0.025807354599237442, 1.1165884733200073, 0.04817934334278107, 0.0061042215675115585, -0.06726155430078506, 0.015683703124523163, -0.026405788958072662, 1.1082959175109863, 1.098979968461588, 1.8819547337295148, 0.1429810213089923, 38729.0, 30567.0, 31226.0, 36586.0, 7.933885097503662, 66.77703094482422, 53.63602066040039, -573.1522827148438, 0.2502650320529938, -0.5180074572563171, 2.628065586090088, 1.0827665328979492, 1.5194339752197266, 1.6201171875, 0.509765625, 37.029876708984375, 1.5146484375
71774, 0.9764949083328247, -0.7590649724006653, 1.6798884868621826, 0.030821070075035095, -0.02591503970324993, 1.1147630214691162, 0.04323679208755493, 0.005746485665440559, 0.042222511023283005, 0.016048327088356018, -0.021386170759797096, 1.1060560941696167, 2.0713571863794744, 0.9562226235477169, -7.607753680934231, 38729.0, 30567.0, 31226.0, 36586.0, 7.933885097503662, -61.25748825073242, -53.97180938720703, -475.33380126953125, -0.3982452154159546, -3.0301365852355957, 0.548426628112793, 1.0827665328979492, 1.5194339752197266, 1.6201171875, 0.509765625, 37.029876708984375, 1.550537109375
71804, -1.29332435131073, -0.8504552245140076, 2.5107667446136475, 0.032149787992239, -0.025745300576090813, 1.1137815713882446, 0.04615553468465805, 0.00395055441185832, -0.053592342883348465, 0.01594647765159607, -0.025499265640974045, 1.1079550981521606, 1.7998728852598938, 1.177674983998429, 2.9984196753870838, 38068.0, 30721.0, 32158.0, 37788.0, 7.99338960647583, -202.7627716064453, -21.969112396240234, 305.205322265625, -0.023084387183189392, -0.4698268175125122, 1.459834098815918, 1.0827665328979492, 1.5194339752197266, 1.6201171875, 0.509765625, 37.029876708984375, 1.571044921875
71824, 0.5626635551452637, -0.9367994666099548, -0.9837852716445923, 0.02980750985443592, -0.025151945650577545, 1.1125918626785278, 0.039983686059713364, 0.0074377842247486115, -0.06502929329872131, 0.015534035861492157, -0.02425972744822502, 1.1098941564559937, 1.9701510154333384, 1.9731739804651909, -2.0614293648114064, 38068.0, 30721.0, 32158.0, 37788.0, 7.933885097503662, 55.87577438354492, 59.2568359375, -492.442138671875, 0.4048413634300232, -0.40193578600883484, 2.547476291656494, 1.0827665328979492, 1.5194339752197266, 1.6201171875, 0.509765625, 37.029876708984375, 1.571044921875
71834, 0.08538114279508591, -1.120241641998291, -0.8141857981681824, 0.03020978905260563, -0.025075940415263176, 1.1116350889205933, 0.040394607931375504, 0.008846074342727661, -0.12630480527877808, 0.015260469168424606, -0.022221017628908157, 1.1078041791915894, 2.1900854176415328, 1.5960213729614736, -6.796655661278406, 38068.0, 30721.0, 32158.0, 37788.0, 7.9537200927734375, -63.973384857177734, -54.10713195800781, -453.5796203613281, 0.4048413634300232, -0.40193578600883484, 2.547476291656494, 1.0827665328979492, 1.5194339752197266, 1.6201171875, 0.509765625, 37.029876708984375, 1.571044921875
71874, -1.3556079864501953, -1.0010873079299927, 2.295633554458618, 0.031090781092643738, -0.024925535544753075, 1.1112853288650513, 0.04595114663243294, 0.008629249408841133, -0.027163859456777573, 0.0157468318939209, -0.022979969158768654, 1.1081924438476562, 3.2409494511322334, 1.31356538118672, 1.6085165332176463, 37125.0, 30885.0, 33159.0, 39007.0, 7.9537200927734375, -201.7810821533203, -24.81070327758789, 319.15283203125, 0.010026397183537483, -0.4880638122558594, 1.4887199401855469, 1.0827665328979492, 1.5194339752197266, 1.6201171875, 0.509765625, 37.029876708984375, 1.54248046875
71894, 0.5024236440658569, -1.100409746170044, -1.5050950050354004, 0.029678892344236374, -0.024196390062570572, 1.109363317489624, 0.043762098997831345, 0.009304462932050228, -0.05951731279492378, 0.01570526324212551, -0.026722164824604988, 1.1099172830581665, 1.0476335612165226, 1.8332624711974574, 0.1417818152090898, 39246.0, 30847.0, 31534.0, 36972.0, 7.9140496253967285, 61.9796028137207, 35.99307632446289, 200.99050903320312, 0.26307398080825806, 0.826778769493103, -0.47035762667655945, 1.0827665328979492, 1.5194339752197266, 1.6201171875, 0.509765625, 37.029876708984375, 1.540283203125
71954, -0.5422617793083191, -1.1378861665725708, 2.605515956878662, 0.029219062998890877, -0.02406405471265316, 1.1074742078781128, 0.0485476553440094, 0.007854782976210117, 0.014024458825588226, 0.0163666233420372, -0.02384352870285511, 1.109184741973877, 2.883578986590038, 1.3015236916874926, 1.864404305152638, 39246.0, 30847.0, 31534.0, 36972.0, 7.874380588531494, 61.9796028137207, 35.99307632446289, 200.99050903320312, 0.15690594911575317, 0.9573125243186951, -0.34972408413887024, 1.0827665328979492, 1.5194339752197266, 1.6201171875, 0.648193359375, 21.293548583984375, 1.512451171875
71984, 1.0119835138320923, -1.2304049730300903, 1.5031445026397705, 0.027328114956617355, -0.024080514907836914, 1.106695294380188, 0.04743506386876106, 0.00932055152952671, 0.08181315660476685, 0.016133731231093407, -0.024994155392050743, 1.1096774339675903, 2.626696552147286, 2.1786672472712496, -2.393870856442091, 37612.0, 31293.0, 33178.0, 38714.0, 7.933885097503662, 83.52076721191406, -13.40765380859375, 405.473876953125, 0.2526351511478424, -0.48085758090019226, 2.7844667434692383, 1.0827665328979492, 1.5194339752197266, 1.6201171875, 0.648193359375, 21.293548583984375, 1.512451171875
72004, 0.18767701089382172, -1.1567307710647583, 3.968857526779175, 0.028295403346419334, -0.023887479677796364, 1.1071429252624512, 0.04974440485239029, 0.00943701807409525, -0.016347119584679604, 0.017932750284671783, -0.022520065307617188, 1.1100385189056396, 3.026347968902998, 1.4847734331606546, -7.99525250897287, 37027.0, 30877.0, 33356.0, 38866.0, 7.973554611206055, -6.493154048919678, 8.635133743286133, -72.97805786132812, -0.38882797956466675, 1.7915003299713135, 0.9827640056610107, 1.0827665328979492, 1.5194339752197266, 1.6201171875, 0.648193359375, 21.293548583984375, 1.576171875
72014, -1.3296517133712769, -1.2364238500595093, 2.4530622959136963, 0.028803987428545952, -0.023803897202014923, 1.107029676437378, 0.05217190831899643, 0.007611664943397045, -0.006239509675651789, 0.016676554456353188, -0.02221861481666565, 1.1105958223342896, 5.16317423334274, 1.561168002830243, -1.9856278134837735, 38210.0, 30782.0, 32403.0, 37592.0, 7.973554611206055, 71.84601593017578, -41.19638442993164, 35.532840728759766, -0.18582500517368317, -0.8200395703315735, 1.0775636434555054, 1.0827665328979492, 1.5194339752197266, 1.6201171875, 0.648193359375, 21.293548583984375, 1.53662109375
72024, -0.4517984688282013, -1.1831345558166504, 2.2192983627319336, 0.029341064393520355, -0.023729190230369568, 1.1072306632995605, 0.05526792258024216, 0.00865138228982687, 0.04641808569431305, 0.017601072788238525, -0.02469402737915516, 1.110173225402832, 2.5261315510816806, 1.5674075133334213, 2.4817765062324173, 38210.0, 30782.0, 32403.0, 37592.0, 7.874380588531494, 71.84601593017578, -41.19638442993164, 35.532840728759766, 0.13138948380947113, 1.0925328731536865, -0.26231640577316284, 1.0827665328979492, 1.5194339752197266, 1.6201171875, 0.648193359375, 21.293548583984375, 1.599609375
72044, 0.01174289919435978, -1.4020204544067383, -1.4799903631210327, 0.027092820033431053, -0.023267962038517, 1.106734037399292, 0.04824240133166313, 0.01223439909517765, -0.06734121590852737, 0.017349617555737495, -0.02582309953868389, 1.1106609106063843, 1.6576725696444834, 2.3551856497928156, -1.2231746093230702, 38210.0, 30782.0, 32403.0, 37592.0, 7.933885097503662, 32.82870864868164, 50.594181060791016, 232.68157958984375, 1.1045387983322144, -0.7283353805541992, 0.29210165143013, 1.0827665328979492, 1.5194339752197266, 1.6201171875, 0.648193359375, 21.293548583984375, 1.599609375
72074, 0.25566139817237854, -1.2031673192977905, 3.9494619369506836, 0.028715068474411964, -0.02293238788843155, 1.1076864004135132, 0.05696064978837967, 0.011166191659867764, 0.001514132833108306, 0.01830952987074852, -0.022733652964234352, 1.110471487045288, 2.807416408236556, 1.7178401760490942, -4.776603720271436, 38210.0, 30782.0, 32403.0, 37592.0, 7.9537200927734375, -222.5399932861328, -24.216976165771484, 285.28961181640625, -0.058411817997694016, 2.2978062629699707, 1.3294808864593506, 1.0827665328979492, 1.5194339752197266, 1.6201171875, 0.648193359375, 21.293548583984375, 1.599609375
72104, 0.717888355255127, -1.3330415487289429, -1.0832675695419312, 0.028715068474411964, -0.02293238788843155, 1.1076864004135132, 0.05696064978837967, 0.011166191659867764, 0.001514132833108306, 0.01784970425069332, -0.025504156947135925, 1.111502766609192, -1.7020086989975023, 2.1849037026360065, 0.9511710484462728, 38137.0, 31005.0, 31492.0, 37237.0, 7.9140496253967285, 27.878013610839844, 51.37982177734375, 206.22613525390625, 0.1940852254629135, 1.1485655307769775, -0.23578645288944244, 1.0827665328979492, 1.5194339752197266, 1.6201171875, 0.648193359375, 21.293548583984375, 1.553466796875
72114, 0.17339324951171875, -1.4412254095077515, -1.5030499696731567, 0.028715068474411964, -0.02293238788843155, 1.1076864004135132, 0.05696064978837967, 0.011166191659867764, 0.001514132833108306, 0.0173299852758646, -0.024931620806455612, 1.111445426940918, 2.9656452581058166, 2.4623431487700316, -3.5575483850127867, 38137.0, 31005.0, 31492.0, 37237.0, 7.933885097503662, 27.878013610839844, 51.37982177734375, 206.22613525390625, 0.1940852254629135, 1.1485655307769775, -0.23578645288944244, 1.0827665328979492, 1.5194339752197266, 1.6201171875, 0.648193359375, 21.293548583984375, 1.550537109375
72184, 0.19270555675029755, -1.4703927040100098, -1.0908243656158447, 0.028694890439510345, -0.022218132391572, 1.1088263988494873, 0.06307590752840042, 0.010621357709169388, -0.06384848803281784, 0.01734503172338009, -0.027582282200455666, 1.1117771863937378, 3.78102975719219, 2.1512780170213546, -2.570586435813581, 38072.0, 30943.0, 31286.0, 37149.0, 7.9537200927734375, 67.45891571044922, 47.49857711791992, -552.3539428710938, 0.963164746761322, -0.5321335792541504, 0.47391048073768616, 1.0827665328979492, 1.5194339752197266, 1.6201171875, 1.067138671875, 1.7234954833984375, 1.57763671875
72194, 1.1440492868423462, -1.3579312562942505, 1.576454997062683, 0.028694890439510345, -0.022218132391572, 1.1088263988494873, 0.06307590752840042, 0.010621357709169388, -0.06384848803281784, 0.016976812854409218, -0.023618634790182114, 1.111570954322815, 2.050036878862727, 2.209372193902368, -6.870822678324856, 37262.0, 31356.0, 33224.0, 38305.0, 7.933885097503662, 67.45891571044922, 47.49857711791992, -552.3539428710938, -0.38583117723464966, -3.063969135284424, 0.6147299408912659, 1.0827665328979492, 1.5194339752197266, 1.6201171875, 1.067138671875, 1.7234954833984375, 1.57763671875
72204, 1.3409398794174194, -1.3055797815322876, 0.8099397420883179, 0.028694890439510345, -0.022218132391572, 1.1088263988494873, 0.06307590752840042, 0.010621357709169388, -0.06384848803281784, 0.018459144979715347, -0.023451292887330055, 1.1122007369995117, 2.6315940596573837, 1.7598737105983844, -7.264380725739537, 36782.0, 31246.0, 33374.0, 38671.0, 7.9140496253967285, 0.5588549971580505, 6.8021159172058105, -108.90634155273438, -0.38583117723464966, -3.063969135284424, 0.6147299408912659, 1.0827665328979492, 1.5194339752197266, 1.6201171875, 1.067138671875, 1.7234954833984375, 1.57763671875
72224, -1.124038577079773, -1.3571256399154663, 2.611173152923584, 0.028058718889951706, -0.022467250004410744, 1.1097050905227661, 0.06641128659248352, 0.004973842296749353, 0.0072956145741045475, 0.016810651868581772, -0.02302347868680954, 1.1123024225234985, 3.9111266892839476, 2.058307217314905, 0.2550777964861678, 36782.0, 31246.0, 33374.0, 38671.0, 7.9140496253967285, -203.2687225341797, -22.07645034790039, 321.6112365722656, -0.38583117723464966, -3.063969135284424, 0.6147299408912659, 1.0827665328979492, 1.5194339752197266, 1.6201171875, 1.067138671875, 1.7234954833984375, 1.55712890625
72244, 0.6509638428688049, -1.3283891677856445, -1.1574259996414185, 0.02604147605597973, -0.022357206791639328, 1.1097867488861084, 0.06148269772529602, 0.006563694681972265, -0.006953533738851547, 0.017062271013855934, -0.02644854411482811, 1.1124210357666016, -1.6710704566100776, 2.0468953654459767, 1.405320307242187, 38149.0, 31184.0, 30837.0, 37065.0, 7.933885097503662, 63.23591995239258, 30.69080924987793, 119.01585388183594, 0.2169501930475235, 0.9337831735610962, -0.4661703109741211, 1.0827665328979492, 1.5194339752197266, 1.6201171875, 1.067138671875, 1.7234954833984375, 1.55712890625
72264, 1.0661044120788574, -1.3227920532226562, 1.0966686010360718, 0.02731047384440899, -0.022226490080356598, 1.109395146369934, 0.0686257854104042, 0.00599438464269042, 0.08442709594964981, 0.017630651593208313, -0.02340916357934475, 1.1110291481018066, 1.3647756128759392, 1.6882437697119599, -6.414593228258627, 38149.0, 31184.0, 30837.0, 37065.0, 7.933885097503662, 105.45252227783203, -20.28472328186035, 582.944580078125, 0.6408392786979675, -0.3988056480884552, 0.8058059811592102, 1.0827665328979492, 1.5194339752197266, 1.6201171875, 1.067138671875, 1.7234954833984375, 1.562255859375
72274, 1.32606840133667, -1.2147397994995117, 0.7549948692321777, 0.028001947328448296, -0.022167546674609184, 1.109948992729187, 0.06985589116811752, 0.006655761506408453, 0.026349008083343506, 0.017994636669754982, -0.023409131914377213, 1.112357497215271, 2.6122194029179067, 1.8771898938905736, -6.889415577799862, 38149.0, 31184.0, 30837.0, 37065.0, 7.8942155838012695, 105.45252227783203, -20.28472328186035, 582.944580078125, -0.22422075271606445, 1.7068204879760742, 1.2239843606948853, 1.0827665328979492, 1.5194339752197266, 1.6201171875, 1.067138671875, 1.7234954833984375, 1.562255859375
72314, 0.5531615018844604, -1.0639152526855469, -1.6076613664627075, 0.0275387205183506, -0.022101715207099915, 1.109792709350586, 0.06883729994297028, 0.004739679396152496, -0.00709236366674304, 0.01656852662563324, -0.027619970962405205, 1.1129798889160156, 0.9070734555915779, 2.479179803569224, -0.5209989658598838, 38786.0, 30757.0, 31517.0, 36649.0, 7.933885097503662, 94.28990173339844, 4.47880744934082, 85.21310424804688, 0.2866014838218689, 0.8527021408081055, -0.5680059790611267, 1.0827665328979492, 1.5194339752197266, 1.6201171875, 1.067138671875, 1.7234954833984375, 1.53369140625
72354, 0.6848485469818115, -0.7962033748626709, 3.3946781158447266, 0.029693400487303734, -0.0219622440636158, 1.1097038984298706, 0.07561369985342026, 0.004813391715288162, 0.020940721035003662, 0.015349509194493294, -0.02239333465695381, 1.1129205226898193, 3.717380388292199, 2.424677312327873, -2.6482701047382013, 36774.0, 30887.0, 33849.0, 38778.0, 7.933885097503662, -187.95835876464844, -20.00679588317871, 407.7374572753906, -0.20411401987075806, 1.4857920408248901, 1.2515316009521484, 1.0827665328979492, 1.5194339752197266, 1.6201171875, 1.067138671875, 1.7234954833984375, 1.505859375
72364, -1.1863809823989868, -0.8745019435882568, 2.6766529083251953, 0.027814790606498718, -0.02265792153775692, 1.1095826625823975, 0.06983912736177444, -0.00019267726747784764, -0.005005154758691788, 0.01631777361035347, -0.024548552930355072, 1.1113497018814087, 2.614304328039892, 1.95125903783088, 1.8321399519719688, 36774.0, 30887.0, 33849.0, 38778.0, 7.933885097503662, -20.932147979736328, -3.2491185665130615, -220.9105682373047, -0.20411401987075806, 1.4857920408248901, 1.2515316009521484, 1.0827665328979492, 1.5194339752197266, 1.6201171875, 1.067138671875, 1.7234954833984375, 1.53955078125
72434, -1.2829242944717407, -0.8415350317955017, 2.7048747539520264, 0.029712388291954994, -0.023158812895417213, 1.1104350090026855, 0.07282561808824539, -0.0028767611365765333, 0.010002631694078445, 0.01471048966050148, -0.02213863469660282, 1.1115593910217285, 4.191595286855207, 2.5093637729643206, -0.13668984308991936, 36774.0, 30887.0, 33849.0, 38778.0, 7.9537200927734375, 102.00768280029297, -4.061431407928467, 2.575275182723999, 0.1585160344839096, -0.040732938796281815, 1.9235132932662964, 1.0827665328979492, 1.5194339752197266, 1.6201171875, 1.53076171875, 0.2596435546875, 1.524169921875
72444, -0.5946787595748901, -0.6668698191642761, 3.023996591567993, 0.029712388291954994, -0.023158812895417213, 1.1104350090026855, 0.07282561808824539, -0.0028767611365765333, 0.010002631694078445, 0.015541206113994122, -0.024905472993850708, 1.1112549304962158, 2.3026848823467048, 2.0434380195963797, 2.2025889901187905, 38683.0, 30836.0, 31671.0, 36484.0, 7.9537200927734375, 36.0534553527832, 42.92529296875, -327.711181640625, 0.1585160344839096, -0.040732938796281815, 1.9235132932662964, 1.0827665328979492, 1.5194339752197266, 1.6201171875, 1.53076171875, 0.2596435546875, 1.524169921875
72454, 0.2973810136318207, -0.8456385731697083, -1.246207356452942, 0.029712388291954994, -0.023158812895417213, 1.1104350090026855, 0.07282561808824539, -0.0028767611365765333, 0.010002631694078445, 0.015234135091304779, -0.0274103581905365, 1.1099026203155518, -0.39966019336498293, 2.219110791296373, 2.9943590657693484, 38304.0, 30935.0, 31134.0, 36823.0, 7.9140496253967285, 36.0534553527832, 42.92529296875, -327.711181640625, 0.7088934183120728, 0.20814721286296844, 2.0616726875305176, 1.0827665328979492, 1.5194339752197266, 1.6201171875, 1.53076171875, 0.2596435546875, 1.524169921875
72464, 0.16785487532615662, -1.059232234954834, -0.32686352729797363, 0.029712388291954994, -0.023158812895417213, 1.1104350090026855, 0.07282561808824539, -0.0028767611365765333, 0.010002631694078445, 0.014803296886384487, -0.025815825909376144, 1.1114650964736938, 1.5105312862084423, 2.7365868308665426, -1.1316340027311709, 37265.0, 31015.0, 31759.0, 37921.0, 7.933885097503662, -94.80307006835938, -26.901748657226562, -370.6419982910156, 0.7088934183120728, 0.20814721286296844, 2.0616726875305176, 1.0827665328979492, 1.5194339752197266, 1.6201171875, 1.53076171875, 0.2596435546875, 1.524169921875
72474, 0.6166498064994812, -0.9281604290008545, 0.16712552309036255, 0.029712388291954994, -0.023158812895417213, 1.1104350090026855, 0.07282561808824539, -0.0028767611365765333, 0.010002631694078445, 0.015092818066477776, -0.022373154759407043, 1.1100796461105347, 1.6256221700511253, 2.006167709659678, -5.420029047047044, 37199.0, 31108.0, 32992.0, 38114.0, 7.933885097503662, 141.9519500732422, -6.7428107261657715, 815.4996948242188, 0.7088934183120728, 0.20814721286296844, 2.0616726875305176, 1.0827665328979492, 1.5194339752197266, 1.6201171875, 1.53076171875, 0.2596435546875, 1.524169921875
72484, 1.1089823246002197, -0.7938854098320007, 1.2450196743011475, 0.029712388291954994, -0.023158812895417213, 1.1104350090026855, 0.07282561808824539, -0.0028767611365765333, 0.010002631694078445, 0.014247391372919083, -0.02206779643893242, 1.1121327877044678, 2.526549024049949, 2.786995003215168, -6.711356188145737, 36754.0, 31094.0, 33364.0, 38440.0, 7.9140496253967285, -1.612707257270813, 8.789727210998535, -283.53729248046875, 0.7088934183120728, 0.20814721286296844, 2.0616726875305176, 1.0827665328979492, 1.5194339752197266, 1.6201171875, 1.53076171875, 0.2596435546875, 1.524169921875
72504, -1.3198765516281128, -0.8549896478652954, 3.067122459411621, 0.028099123388528824, -0.02323833480477333, 1.112040400505066, 0.06620220839977264, -0.002699948148801923, 0.022315645590424538, 0.013489980250597, -0.022075314074754715, 1.1133499145507812, 2.9643453164652867, 2.4223048404240615, -3.1615725892093955, 36754.0, 31094.0, 33364.0, 38440.0, 7.933885097503662, -1.612707257270813, 8.789727210998535, -283.53729248046875, 0.24310636520385742, 0.24094386398792267, 2.070859909057617, 1.0827665328979492, 1.5194339752197266, 1.6201171875, 1.53076171875, 0.2596435546875, 1.564453125
72534, 0.18715012073516846, -1.1319851875305176, 0.03810356929898262, 0.030143387615680695, -0.023303693160414696, 1.112494707107544, 0.06890164315700531, 0.00040061608888208866, -0.06663544476032257, 0.013048662804067135, -0.026722578331828117, 1.1118515729904175, 0.8779067022094016, 2.522608065966523, 0.0730449687892215, 37162.0, 30898.0, 31470.0, 37701.0, 7.9537200927734375, -1.612707257270813, 8.789727210998535, -283.53729248046875, -0.34350886940956116, -0.3708796799182892, 2.144707441329956, 1.0827665328979492, 1.5194339752197266, 1.6201171875, 1.51025390625, 0.2164154052734375, 1.55419921875
72574, -1.188015341758728, -0.8439480066299438, 3.293715476989746, 0.029482822865247726, -0.024096505716443062, 1.1133369207382202, 0.06816504150629044, -0.0038776330184191465, 0.018518729135394096, 0.011393745429813862, -0.022025538608431816, 1.1113783121109009, 4.420083955726517, 1.80731243841322, -2.764298766461268, 37046.0, 31111.0, 32589.0, 38010.0, 7.973554611206055, -107.67013549804688, 30.16329002380371, -437.46173095703125, 0.25814372301101685, 1.5851037502288818, 0.7902182340621948, 1.0827665328979492, 1.5194339752197266, 1.6201171875, 1.51025390625, 0.2164154052734375, 1.55419921875
72584, -0.7423858046531677, -0.6645521521568298, 3.085843801498413, 0.029482822865247726, -0.024096505716443062, 1.1133369207382202, 0.06816504150629044, -0.0038776330184191465, 0.018518729135394096, 0.011800376698374748, -0.024502074345946312, 1.1108418703079224, 2.1350944316142653, 1.60933901936869, 1.6958566852199095, 38326.0, 30721.0, 31671.0, 36414.0, 7.973554611206055, 49.3761100769043, 24.205650329589844, -34.116458892822266, 0.25814372301101685, 1.5851037502288818, 0.7902182340621948, 1.0827665328979492, 1.5194339752197266, 1.6201171875, 1.51025390625, 0.2164154052734375, 1.541015625
72604, 0.33654719591140747, -1.0348992347717285, 0.10671836137771606, 0.031586602330207825, -0.024204513058066368, 1.1136938333511353, 0.07059000432491302, -0.001365910517051816, -0.07518557459115982, 0.011154494248330593, -0.024502716958522797, 1.1110107898712158, -1.6485892632089378, 1.7882509713475088, 0.7919750979591299, 38166.0, 30645.0, 30949.0, 36592.0, 7.9140496253967285, -74.26062774658203, -4.214158535003662, -121.02812194824219, 0.25814372301101685, 1.5851037502288818, 0.7902182340621948, 1.0827665328979492, 1.5194339752197266, 1.6201171875, 1.51025390625, 0.2164154052734375, 1.52490234375
72614, 0.26155975461006165, -0.8213214874267578, -1.5787290334701538, 0.031586602330207825, -0.024204513058066368, 1.1136938333511353, 0.07059000432491302, -0.001365910517051816, -0.07518557459115982, 0.010156909003853798, -0.023224657401442528, 1.1114736795425415, 2.071839635904825, 2.2156661444847714, -3.517341540621113, 38166.0, 30645.0, 30949.0, 36592.0, 7.9140496253967285, 147.5347137451172, 39.69005584716797, 802.27099609375, 0.25814372301101685, 1.5851037502288818, 0.7902182340621948, 1.0827665328979492, 1.5194339752197266, 1.6201171875, 1.51025390625, 0.2164154052734375, 1.53955078125
72684, 0.07725299894809723, -0.7080243825912476, -2.1684703826904297, 0.029858559370040894, -0.0243073757737875, 1.112561821937561, 0.06446046382188797, -0.00155480089597404, -0.020973987877368927, 0.008589308708906174, -0.02176085114479065, 1.1107399463653564, 1.7852226165698317, 1.8631175881450304, -5.448756059938615, 37193.0, 31054.0, 32248.0, 38269.0, 7.9537200927734375, 128.85826110839844, 28.292505264282227, 446.9309997558594, -0.883430004119873, -1.2099512815475464, 3.089592695236206, 1.0827665328979492, 1.5194339752197266, 1.6201171875, 1.51025390625, 0.2164154052734375, 1.547607421875
72704, 1.0004217624664307, -0.5973106622695923, 1.1239756345748901, 0.031191127374768257, -0.024355333298444748, 1.1129759550094604, 0.06748978793621063, -0.0010159933008253574, -0.021091319620609283, 0.00934556033462286, -0.021662110462784767, 1.1112205982208252, 1.2370866302104357, 1.7749035862221092, -6.469143929670049, 37086.0, 30951.0, 33275.0, 38500.0, 7.9140496253967285, 128.85826110839844, 28.292505264282227, 446.9309997558594, 0.5575984716415405, 2.233295440673828, 0.9368617534637451, 1.0827665328979492, 1.5194339752197266, 1.6201171875, 1.51025390625, 0.2164154052734375, 1.547607421875
72724, -0.8998793959617615, -0.43028905987739563, 2.7348849773406982, 0.028883744031190872, -0.02451304905116558, 1.112229347229004, 0.06039527431130409, -0.004992558155208826, -0.034299373626708984, 0.008520420640707016, -0.022489462047815323, 1.1110661029815674, 2.480672719452032, 1.4675807871981874, 1.2122410670999266, 37086.0, 30951.0, 33275.0, 38500.0, 7.99338960647583, 107.39743041992188, -18.261781692504883, 181.30941772460938, 0.21764376759529114, 1.343522548675537, 1.888579249382019, 1.0827665328979492, 1.5194339752197266, 1.6201171875, 1.51025390625, 0.2164154052734375, 1.5556640625
72784, -0.5273656249046326, -0.3944166302680969, 4.411498069763184, 0.028630781918764114, -0.02497040666639805, 1.1114282608032227, 0.05605990067124367, -0.004233424551784992, -0.020409516990184784, 0.007093475200235844, -0.01948942430317402, 1.1130138635635376, 3.410901669400213, 1.8415863794987786, -3.5052539045408375, 37069.0, 30454.0, 33077.0, 38468.0, 7.9537200927734375, -58.856021881103516, 26.367061614990234, 145.0874786376953, -0.006101319566369057, 1.5071775913238525, 1.7101165056228638, 1.0827665328979492, 1.5194339752197266, 1.6201171875, 1.51025390625, 0.2164154052734375, 1.5849609375
72814, 0.5233732461929321, -0.6799409985542297, 0.10100775212049484, 0.029770081862807274, -0.02507418394088745, 1.1112499237060547, 0.057977814227342606, -0.0038984951097518206, 0.04248178005218506, 0.00698238518089056, -0.024041196331381798, 1.1132967472076416, 1.194694100009058, 1.99654046142129, 0.37607175858270725, 37853.0, 30834.0, 31233.0, 37674.0, 7.9140496253967285, -58.210330963134766, 38.938560485839844, 207.147216796875, 0.2709933817386627, 1.3838387727737427, 0.7487091422080994, 1.0827665328979492, 1.5194339752197266, 1.6201171875, 1.51025390625, 0.2164154052734375, 1.54541015625
72834, 0.9855411648750305, -0.5563123226165771, 2.5596625804901123, 0.029770081862807274, -0.02507418394088745, 1.1112499237060547, 0.057977814227342606, -0.0038984951097518206, 0.04248178005218506, 0.006399478763341904, -0.019365664571523666, 1.1120517253875732, 2.6180326316270377, 1.8471245561991623, -6.425086353312551, 37357.0, 31079.0, 33078.0, 38469.0, 7.9140496253967285, 13.102795600891113, -5.337318420410156, -148.47767639160156, 0.2709933817386627, 1.3838387727737427, 0.7487091422080994, 1.0827665328979492, 1.5194339752197266, 1.6201171875, 1.51025390625, 0.2164154052734375, 1.521240234375
72854, -0.5992814302444458, -0.5714319944381714, 4.443849086761475, 0.02866254560649395, -0.024719879031181335, 1.1108372211456299, 0.05219739302992821, -0.0020472754258662462, -0.011050375178456306, 0.007119676098227501, -0.019124742597341537, 1.1120445728302002, 3.0940685468390474, 1.0824674520779922, -4.721376448525154, 37069.0, 30671.0, 32814.0, 38396.0, 7.99338960647583, -235.8470001220703, 22.913286209106445, -116.78270721435547, 0.32938745617866516, 2.4757449626922607, 1.0278762578964233, 1.0827665328979492, 1.5194339752197266, 1.6201171875, 1.51025390625, 0.2164154052734375, 1.58935546875
72864, -1.254807472229004, -0.5422236919403076, 3.0604701042175293, 0.02866254560649395, -0.024719879031181335, 1.1108372211456299, 0.05219739302992821, -0.0020472754258662462, -0.011050375178456306, 0.006065493915230036, -0.018785513937473297, 1.113004207611084, 5.030840054219198, 1.3501863535313703, -1.28299216554719, 37069.0, 30671.0, 32814.0, 38396.0, 7.99338960647583, -235.8470001220703, 22.913286209106445, -116.78270721435547, -0.43069741129875183, -0.6619526147842407, 0.1077892929315567, 1.0827665328979492, 1.5194339752197266, 1.6201171875, 1.51025390625, 0.2164154052734375, 1.512451171875
72884, 0.3557640612125397, -0.9366646409034729, -0.03814854845404625, 0.026503650471568108, -0.024160554632544518, 1.1108779907226562, 0.04445313289761543, 0.0015604192158207297, -0.06859990954399109, 0.00646266620606184, -0.023235758766531944, 1.1117119789123535, -0.6518387637521704, 1.0214638646150718, 2.6492547552551184, 37069.0, 30671.0, 32814.0, 38396.0, 7.9140496253967285, 111.30567932128906, 28.003307342529297, -522.3734741210938, -0.8075346350669861, -1.04348623752594, 3.169078826904297, 1.0827665328979492, 1.5194339752197266, 1.6201171875, 1.51025390625, 0.2164154052734375, 1.54833984375
72904, 0.877790629863739, -0.8462355136871338, 2.1449575424194336, 0.027436889708042145, -0.0241231732070446, 1.1104881763458252, 0.0496734194457531, 0.0021603114437311888, 0.08412104845046997, 0.005528387613594532, -0.01942397467792034, 1.112210988998413, 2.2269159708387822, 1.3401454489877835, -6.2117076662435995, 37069.0, 30671.0, 32814.0, 38396.0, 7.933885097503662, 76.16966247558594, -4.652883529663086, -62.413150787353516, -0.5019205212593079, -2.2899563312530518, 0.704724907875061, 1.0827665328979492, 1.5194339752197266, 1.6201171875, 1.51025390625, 0.2164154052734375, 1.54833984375
72924, -0.5894346833229065, -0.8057850003242493, 4.207695007324219, 0.024487534537911415, -0.023995667695999146, 1.1109304428100586, 0.04058164358139038, 0.0027210735715925694, -0.008527192287147045, 0.006187592167407274, -0.01744617335498333, 1.1119773387908936, 0.9089808718681788, 1.2202222710465662, -5.558718673604939, 36862.0, 31002.0, 33297.0, 38666.0, 7.9537200927734375, 76.16966247558594, -4.652883529663086, -62.413150787353516, -0.09037278592586517, 1.7823631763458252, 1.3945668935775757, 1.0827665328979492, 1.5194339752197266, 1.6201171875, 1.51025390625, 0.2164154052734375, 1.525634765625
72944, -0.660747766494751, -1.058445930480957, 1.1584562063217163, 0.02533331699669361, -0.02395225316286087, 1.1109986305236816, 0.044416628777980804, 0.004057435318827629, 0.051159609109163284, 0.005812382325530052, -0.020915474742650986, 1.1127326488494873, 2.846177080061862, 0.8363609759346389, 2.3180201510033154, 38350.0, 30842.0, 32300.0, 36959.0, 7.8942155838012695, 76.16966247558594, -4.652883529663086, -62.413150787353516, -0.34645384550094604, -0.6130086779594421, 0.1928778439760208, 1.0827665328979492, 1.5194339752197266, 1.6201171875, 1.51025390625, 0.2164154052734375, 1.52197265625
72954, 0.29533079266548157, -1.1752774715423584, -0.12812401354312897, 0.02533331699669361, -0.02395225316286087, 1.1109986305236816, 0.044416628777980804, 0.004057435318827629, 0.051159609109163284, 0.005493559874594212, -0.023615028709173203, 1.111352562904358, 0.32464392937605896, 1.0590368925853682, 3.6224013113770073, 37981.0, 30781.0, 31388.0, 37330.0, 7.933885097503662, -23.08011245727539, 57.63687515258789, 279.7832946777344, -0.34645384550094604, -0.6130086779594421, 0.1928778439760208, 1.0827665328979492, 1.5194339752197266, 1.6201171875, 1.51025390625, 0.2164154052734375, 1.52197265625
72974, 0.8839473128318787, -1.067315697669983, 2.64924955368042, 0.02533331699669361, -0.02395225316286087, 1.1109986305236816, 0.044416628777980804, 0.004057435318827629, 0.051159609109163284, 0.005853872746229172, -0.019545508548617363, 1.1115158796310425, 2.335749839449412, 0.6291509384052176, -5.482791408554615, 37981.0, 30781.0, 31388.0, 37330.0, 7.933885097503662, 31.859731674194336, -3.7349534034729004, 35.437129974365234, 1.485992670059204, -1.3304479122161865, -0.05001256614923477, 1.1526985168457031, 0.7130374908447266, 1.55419921875, 1.51025390625, 0.2164154052734375, 1.5234375
73014, -0.6468319892883301, -1.2229883670806885, 1.6362495422363281, 0.02449948713183403, -0.023955248296260834, 1.1105257272720337, 0.04650525748729706, 0.0067444839514791965, 0.042091939598321915, 0.0059844255447387695, -0.02153051272034645, 1.1127378940582275, 2.5801731766376195, 0.9205136248388612, 2.2892546495798647, 37981.0, 30781.0, 31388.0, 37330.0, 7.874380588531494, 105.24523162841797, 42.68051528930664, -496.5430603027344, -0.4308412969112396, -0.5409740805625916, 0.46360597014427185, 1.1526985168457031, 0.7130374908447266, 1.55419921875, 1.51025390625, 0.2164154052734375, 1.540283203125
73064, -0.0034983851946890354, -1.025359034538269, 4.004135608673096, 0.022903837263584137, -0.023167382925748825, 1.1101136207580566, 0.045263126492500305, 0.009385195560753345, -0.027206288650631905, 0.0065518892370164394, -0.017466619610786438, 1.1117984056472778, 0.03449830695411091, 2.138411693478133, -5.660256995533853, 38096.0, 30904.0, 30806.0, 37397.0, 7.9537200927734375, -1.9845616817474365, 61.11244201660156, 245.30604553222656, -0.3327953517436981, 1.7960704565048218, 1.114791750907898, 1.1526985168457031, 0.7130374908447266, 1.55419921875, 1.51025390625, 0.2164154052734375, 1.5263671875
73084, -0.38910049200057983, -1.0640733242034912, 1.6370488405227661, 0.0202487763017416, -0.02252213843166828, 1.110403060913086, 0.04091239720582962, 0.010473117232322693, 0.04542885720729828, 0.006509730592370033, -0.022872619330883026, 1.1117148399353027, 0.6905992921228693, 1.5641045388277064, 3.399445688327318, 38734.0, 30598.0, 31595.0, 36822.0, 7.9140496253967285, 81.2130355834961, 49.733306884765625, -537.5646362304688, -0.19876253604888916, -0.6054588556289673, 0.6965435147285461, 1.1526985168457031, 0.7130374908447266, 1.55419921875, 1.51025390625, 0.2164154052734375, 1.5263671875
73094, 0.6936034560203552, -1.1696715354919434, -0.5507301688194275, 0.02065817452967167, -0.02241707406938076, 1.1103837490081787, 0.04078754037618637, 0.011708926409482956, -0.04928569495677948, 0.006765748839825392, -0.022269356995821, 1.1123210191726685, -1.8551471389960759, 1.7470237903461623, 1.3679149734849423, 38734.0, 30598.0, 31595.0, 36822.0, 7.9140496253967285, 14.4985933303833, 66.90042114257812, 306.47369384765625, -0.19876253604888916, -0.6054588556289673, 0.6965435147285461, 1.1526985168457031, 0.7130374908447266, 1.55419921875, 1.51025390625, 0.2164154052734375, 1.522705078125
73134, 0.34498295187950134, -1.0454294681549072, 4.2279863357543945, 0.018859148025512695, -0.021912550553679466, 1.1109254360198975, 0.0400942787528038, 0.010778970085084438, -0.0015598532045260072, 0.006240345537662506, -0.019043419510126114, 1.1152856349945068, 3.3018121842339747, 1.8866508615582518, -2.442695244246542, 36678.0, 30924.0, 33334.0, 38559.0, 7.9537200927734375, 14.4985933303833, 66.90042114257812, 306.47369384765625, -0.3908980190753937, 1.8003573417663574, 0.9494858980178833, 1.1526985168457031, 0.7130374908447266, 1.55419921875, 1.51025390625, 0.2164154052734375, 1.518310546875
73154, -0.19777093827724457, -1.2232341766357422, 2.0626699924468994, 0.01970484107732773, -0.021732555702328682, 1.1111302375793457, 0.04505371302366257, 0.009134707972407341, 0.0515279546380043, 0.007349106948822737, -0.022666199132800102, 1.1122149229049683, -1.3634335747408344, 1.771165041539689, 0.7402041671596021, 38536.0, 30630.0, 31302.0, 36595.0, 7.8942155838012695, 82.06303405761719, -48.676856994628906, 118.09717559814453, 0.13869909942150116, 1.2202798128128052, -0.1236242949962616, 1.1526985168457031, 0.7130374908447266, 1.55419921875, 1.51025390625, 0.2164154052734375, 1.518310546875
73164, 0.8809530138969421, -1.325656533241272, -0.5244094729423523, 0.01970484107732773, -0.021732555702328682, 1.1111302375793457, 0.04505371302366257, 0.009134707972407341, 0.0515279546380043, 0.006455088034272194, -0.021507930010557175, 1.1124117374420166, 2.710062893801997, 2.1269438105630343, -4.06184128426185, 37931.0, 30828.0, 31135.0, 37169.0, 7.933885097503662, 82.06303405761719, -48.676856994628906, 118.09717559814453, -0.0021491735242307186, -0.8485175967216492, 2.79032301902771, 1.1526985168457031, 0.7130374908447266, 1.55419921875, 1.51025390625, 0.2164154052734375, 1.518310546875
73194, 1.4712607860565186, -1.335178256034851, 0.5217562317848206, 0.01767965406179428, -0.021690204739570618, 1.111260175704956, 0.04380246624350548, 0.007867151871323586, 0.10543090850114822, 0.006605047732591629, -0.020259013399481773, 1.1131700277328491, 5.025273212829308, 1.7445127911728093, -1.581173259135503, 36570.0, 31290.0, 33108.0, 38664.0, 7.933885097503662, -9.96129035949707, 2.8361377716064453, -75.01827239990234, -0.3960641324520111, -2.991631031036377, 0.5339614152908325, 1.1526985168457031, 0.7130374908447266, 1.55419921875, 1.51025390625, 0.2164154052734375, 1.5234375
73204, 0.6274007558822632, -1.306550145149231, 3.9697232246398926, 0.01767965406179428, -0.021690204739570618, 1.111260175704956, 0.04380246624350548, 0.007867151871323586, 0.10543090850114822, 0.007444854825735092, -0.02373461052775383, 1.1128463745117188, 1.7147645058767644, 1.4171604457357319, 2.7408737485769965, 36532.0, 31062.0, 33024.0, 38461.0, 7.973554611206055, -198.0787353515625, -18.098974227905273, 271.97076416015625, -0.3960641324520111, -2.991631031036377, 0.5339614152908325, 1.1526985168457031, 0.7130374908447266, 1.55419921875, 1.51025390625, 0.2164154052734375, 1.5234375
73214, -0.8869122862815857, -1.431215524673462, 2.256673574447632, 0.01767965406179428, -0.021690204739570618, 1.111260175704956, 0.04380246624350548, 0.007867151871323586, 0.10543090850114822, 0.007238777820020914, -0.024785015732049942, 1.1118977069854736, -1.4138873706017425, 1.4929241252414158, 2.9957347398977987, 37649.0, 30837.0, 32130.0, 37286.0, 7.8942155838012695, -198.0787353515625, -18.098974227905273, 271.97076416015625, -0.15219667553901672, -0.47274553775787354, 1.1812673807144165, 1.1526985168457031, 0.7130374908447266, 1.55419921875, 1.51025390625, 0.2164154052734375, 1.5234375
73224, -0.12182000279426575, -1.4487441778182983, 2.476024866104126, 0.019547613337635994, -0.02142300270497799, 1.1123241186141968, 0.05192942172288895, 0.004761835560202599, 0.04360438883304596, 0.007026835344731808, -0.024958616122603416, 1.1123783588409424, 3.3304650084906418, 1.913707344375979, -1.6323440448443665, 37649.0, 30837.0, 32130.0, 37286.0, 7.8942155838012695, 53.67256546020508, 59.203678131103516, -528.1012573242188, -0.15219667553901672, -0.47274553775787354, 1.1812673807144165, 1.1526985168457031, 0.7130374908447266, 1.55419921875, 1.51025390625, 0.2164154052734375, 1.5234375
73244, 0.38099077343940735, -1.7539037466049194, -0.9456254243850708, 0.01723102293908596, -0.020802097395062447, 1.1119905710220337, 0.04505567625164986, 0.00843015592545271, -0.07116331905126572, 0.0072082215920090675, -0.020644599571824074, 1.1137877702713013, 2.4265223456187366, 2.2042420020414966, -7.174283211017818, 37649.0, 30837.0, 32130.0, 37286.0, 7.9537200927734375, 53.67256546020508, 59.203678131103516, -528.1012573242188, 0.9389836192131042, -0.3248215913772583, 0.5952179431915283, 1.1526985168457031, 0.7130374908447266, 1.55419921875, 0.664306640625, 19.853042602539062, 1.5234375
73284, -0.9315783977508545, -1.63240647315979, 2.6811838150024414, 0.01879425346851349, -0.020620249211788177, 1.1127573251724243, 0.055605534464120865, 0.005422612186521292, -0.009390573017299175, 0.006687975488603115, -0.02494228258728981, 1.112045407295227, 0.3205084415769895, 1.8412802533283639, 3.4022584868457626, 36497.0, 31078.0, 33165.0, 38513.0, 7.973554611206055, 53.67256546020508, 59.203678131103516, -528.1012573242188, -0.016725042834877968, -0.06241324171423912, 1.5891978740692139, 1.1526985168457031, 0.7130374908447266, 1.55419921875, 1.248046875, 0.169647216796875, 1.557861328125
73304, 0.7315961718559265, -1.67078697681427, -1.173004150390625, 0.01716354489326477, -0.02011941932141781, 1.1129169464111328, 0.055210381746292114, 0.004686335567384958, -0.012845161370933056, 0.00645781122148037, -0.022131387144327164, 1.1138279438018799, 1.9496327589032454, 2.3079779537783622, -3.8675730881164836, 38545.0, 31007.0, 31214.0, 36469.0, 7.933885097503662, 53.67256546020508, 59.203678131103516, -528.1012573242188, 0.29438516497612, 0.7116948366165161, -0.5326369404792786, 1.1526985168457031, 0.7130374908447266, 1.55419921875, 1.248046875, 0.169647216796875, 1.537353515625
73314, 0.4480205178260803, -1.865488052368164, -0.38545098900794983, 0.01716354489326477, -0.02011941932141781, 1.1129169464111328, 0.055210381746292114, 0.004686335567384958, -0.012845161370933056, 0.007135522086173296, -0.020501427352428436, 1.1121189594268799, 2.3281114786268637, 1.4262317425085485, -7.331615679618432, 37162.0, 31031.0, 31407.0, 38055.0, 7.933885097503662, -93.18291473388672, -47.9599609375, -408.89013671875, 0.29438516497612, 0.7116948366165161, -0.5326369404792786, 1.1526985168457031, 0.7130374908447266, 1.55419921875, 1.248046875, 0.169647216796875, 1.537353515625
73324, 1.068726897239685, -1.6706591844558716, 0.6486237049102783, 0.01716354489326477, -0.02011941932141781, 1.1129169464111328, 0.055210381746292114, 0.004686335567384958, -0.012845161370933056, 0.007624919526278973, -0.021962948143482208, 1.1129592657089233, 1.6688651638474956, 1.7577328888577028, -6.666845357802818, 37235.0, 31146.0, 32694.0, 38221.0, 7.933885097503662, 128.2430877685547, -23.584848403930664, 646.0696411132812, 0.29438516497612, 0.7116948366165161, -0.5326369404792786, 1.1526985168457031, 0.7130374908447266, 1.55419921875, 1.248046875, 0.169647216796875, 1.537353515625
73334, 1.4813416004180908, -1.493443250656128, 0.9022788405418396, 0.01895534060895443, -0.019997624680399895, 1.1126270294189453, 0.06534584611654282, 0.0036321261432021856, 0.013373035006225109, 0.006213970948010683, -0.020389601588249207, 1.1142164468765259, 3.099172387102893, 2.023490734123669, -3.3594332876922772, 37235.0, 31146.0, 32694.0, 38221.0, 7.933885097503662, 128.2430877685547, -23.584848403930664, 646.0696411132812, -0.21817609667778015, 1.4162622690200806, 1.2007689476013184, 1.1526985168457031, 0.7130374908447266, 1.55419921875, 1.248046875, 0.169647216796875, 1.537353515625
73384, 0.4717155694961548, -1.5431084632873535, -0.2980130612850189, 0.01882077381014824, -0.020372625440359116, 1.1111699342727661, 0.06636681407690048, 0.0013616858050227165, -0.11276884377002716, 0.0062113916501402855, -0.021197769790887833, 1.1120349168777466, 1.977800580791119, 2.031361143669045, -6.771495946808253, 38392.0, 30627.0, 31156.0, 37103.0, 7.9537200927734375, -108.11249542236328, -31.04558563232422, -339.516357421875, 0.7095602750778198, 0.2877385914325714, 2.0024592876434326, 1.1526985168457031, 0.7130374908447266, 1.55419921875, 1.248046875, 0.169647216796875, 1.5556640625
73404, 1.4427696466445923, -1.1694469451904297, 1.2683846950531006, 0.016728855669498444, -0.020730208605527878, 1.1114598512649536, 0.0656672865152359, -0.0021109844092279673, 0.005918934475630522, 0.005827475339174271, -0.020154805853962898, 1.1124433279037476, 4.640883011795377, 1.5871598182374953, -1.0471711966599602, 38392.0, 30627.0, 31156.0, 37103.0, 7.8942155838012695, 10.243558883666992, 7.931514263153076, -199.51205444335938, -0.20244760811328888, -2.9286227226257324, 0.28598079085350037, 1.1526985168457031, 0.7130374908447266, 1.55419921875, 1.248046875, 0.169647216796875, 1.5556640625
73414, 0.9433359503746033, -1.1504186391830444, 3.099184513092041, 0.017391730099916458, -0.020755505189299583, 1.1112905740737915, 0.06706881523132324, -0.0025052614510059357, -0.03976893797516823, 0.006956099066883326, -0.023415762931108475, 1.1118656396865845, 1.93397489490888, 1.4891506306464635, 2.487590837085525, 38392.0, 30627.0, 31156.0, 37103.0, 7.9537200927734375, -178.47723388671875, -23.545766830444336, 373.5205078125, -0.20244760811328888, -2.9286227226257324, 0.28598079085350037, 1.1526985168457031, 0.7130374908447266, 1.55419921875, 1.248046875, 0.169647216796875, 1.5556640625
73424, -1.0701943635940552, -1.2071958780288696, 3.0588676929473877, 0.017391730099916458, -0.020755505189299583, 1.1112905740737915, 0.06706881523132324, -0.0025052614510059357, -0.03976893797516823, 0.006951657123863697, -0.025319872424006462, 1.1104741096496582, -0.5777587199458836, 1.4439545476252817, 2.5129471135690844, 37614.0, 30554.0, 32582.0, 38029.0, 7.933885097503662, -178.47723388671875, -23.545766830444336, 373.5205078125, 0.24541668593883514, 0.33563166856765747, 2.0573079586029053, 1.1526985168457031, 0.7130374908447266, 1.55419921875, 1.248046875, 0.169647216796875, 1.5556640625
73434, -0.3932346999645233, -1.0407156944274902, 3.3809597492218018, 0.017391730099916458, -0.020755505189299583, 1.1112905740737915, 0.06706881523132324, -0.0025052614510059357, -0.03976893797516823, 0.0064801848493516445, -0.02527639828622341, 1.112369418144226, 0.7938860693648078, 2.24611059741261, -0.36140587964047566, 38932.0, 30706.0, 31610.0, 36774.0, 7.933885097503662, 67.8605728149414, 26.330106735229492, -215.13108825683594, 0.24541668593883514, 0.33563166856765747, 2.0573079586029053, 1.1526985168457031, 0.7130374908447266, 1.55419921875, 1.248046875, 0.169647216796875, 1.5556640625
73444, 0.43709394335746765, -1.192589521408081, -1.230998158454895, 0.016348455101251602, -0.02052898518741131, 1.1108883619308472, 0.06533697247505188, -0.003319379175081849, -0.013070906512439251, 0.006022718735039234, -0.021709611639380455, 1.1111640930175781, 2.095025031786096, 2.2419193547743816, -4.464422052078822, 38932.0, 30706.0, 31610.0, 36774.0, 7.8942155838012695, 116.66515350341797, -16.699039459228516, -94.22373962402344, 0.24541668593883514, 0.33563166856765747, 2.0573079586029053, 1.1526985168457031, 0.7130374908447266, 1.55419921875, 1.248046875, 0.169647216796875, 1.5556640625
73454, 0.34584516286849976, -1.3727701902389526, -0.1790846735239029, 0.016348455101251602, -0.02052898518741131, 1.1108883619308472, 0.06533697247505188, -0.003319379175081849, -0.013070906512439251, 0.006005291827023029, -0.02068263478577137, 1.1105631589889526, 2.1611361583724578, 2.187540062991644, -6.449918428488855, 37604.0, 31061.0, 31507.0, 38294.0, 7.8942155838012695, -116.49305725097656, -23.140981674194336, -280.4034118652344, 0.24541668593883514, 0.33563166856765747, 2.0573079586029053, 1.1526985168457031, 0.7130374908447266, 1.55419921875, 1.248046875, 0.169647216796875, 1.5556640625
73464, 0.6253507733345032, -1.2314822673797607, -0.2239035665988922, 0.017676886171102524, -0.020590854808688164, 1.1097567081451416, 0.07067923992872238, -0.0034945406951010227, 0.029301537200808525, 0.007126129698008299, -0.021305382251739502, 1.1106675863265991, 1.7464508921858386, 2.0912269322444956, -5.463937878450989, 37604.0, 31061.0, 31507.0, 38294.0, 7.8942155838012695, 156.83966064453125, -10.270866394042969, 762.6911010742188, 0.24541668593883514, 0.33563166856765747, 2.0573079586029053, 1.1526985168457031, 0.7130374908447266, 1.55419921875, 1.248046875, 0.169647216796875, 1.528564453125
73544, 1.1287117004394531, -1.098183274269104, 0.9499154686927795, 0.020464055240154266, -0.020790528506040573, 1.1101759672164917, 0.07985126972198486, -0.004265476018190384, 0.04729714244604111, 0.007121453993022442, -0.017861809581518173, 1.107454776763916, 0.40775490712273915, 2.627309929892931, -5.201086820982817, 37395.0, 31153.0, 32849.0, 38311.0, 7.933885097503662, 57.551185607910156, 32.99931335449219, -210.10203552246094, -0.13771161437034607, -2.928950309753418, 0.3439006209373474, 1.1526985168457031, 0.7130374908447266, 1.55419921875, 1.248046875, 0.169647216796875, 1.541748046875
73554, 0.6616273522377014, -1.0727076530456543, 2.489455461502075, 0.017726534977555275, -0.021196670830249786, 1.1108908653259277, 0.07171748578548431, -0.00518354307860136, 0.0031772060319781303, 0.006008821539580822, -0.01910378597676754, 1.1084853410720825, 4.80274248501494, 2.3643602246312696, -0.6486440350359002, 37395.0, 31153.0, 32849.0, 38311.0, 7.933885097503662, -171.97442626953125, -7.2254438400268555, 468.9906005859375, -0.13771161437034607, -2.928950309753418, 0.3439006209373474, 1.1526985168457031, 0.7130374908447266, 1.55419921875, 1.248046875, 0.169647216796875, 1.51318359375
73564, -1.338543176651001, -1.148151159286499, 3.0303993225097656, 0.01845361664891243, -0.021258890628814697, 1.110965371131897, 0.07378170639276505, -0.0071370964869856834, 0.011741516180336475, 0.0060660457238554955, -0.023150213062763214, 1.106736660003662, 0.866507942096827, 2.5863208417376597, 3.0560928209163314, 37395.0, 31153.0, 32849.0, 38311.0, 7.99338960647583, -171.97442626953125, -7.2254438400268555, 468.9906005859375, 0.29613786935806274, 0.2519683539867401, 2.0694751739501953, 1.1526985168457031, 0.7130374908447266, 1.55419921875, 1.248046875, 0.169647216796875, 1.51318359375
73604, 0.3672550916671753, -1.1628435850143433, -0.9887368679046631, 0.021548166871070862, -0.02149936556816101, 1.1110564470291138, 0.08297605812549591, -0.004641596227884293, 0.05965789407491684, 0.005875987466424704, -0.018920408561825752, 1.1070421934127808, 2.8095487841260596, 2.6352433874229177, -6.6390313450253435, 37395.0, 31153.0, 32849.0, 38311.0, 7.933885097503662, 61.46919631958008, 31.9196834564209, -173.08421325683594, 0.03894006088376045, -2.7456772327423096, 0.16675965487957, 1.1526985168457031, 0.7130374908447266, 1.55419921875, 1.248046875, 0.169647216796875, 1.62744140625
73624, 0.7269178628921509, -1.0473992824554443, 2.2556066513061523, 0.019487744197249413, -0.02209736406803131, 1.1124695539474487, 0.07698507606983185, -0.00597007293254137, 0.016734465956687927, 0.004973332863301039, -0.01979864574968815, 1.105043888092041, 3.4685103151101053, 2.086643528467903, 0.9142242682520654, 36452.0, 30945.0, 33880.0, 38468.0, 7.9537200927734375, -4.338834285736084, -3.4211859703063965, -336.9093322753906, 0.3482356369495392, 1.5740116834640503, 0.7664340734481812, 1.1526985168457031, 0.7130374908447266, 1.55419921875, 1.248046875, 0.169647216796875, 1.62744140625
73634, -1.237949252128601, -1.083531379699707, 3.2268831729888916, 0.020267613232135773, -0.022167209535837173, 1.1126922369003296, 0.07903748005628586, -0.007894949056208134, 0.027828823775053024, 0.004687175154685974, -0.023251082748174667, 1.10404634475708, 0.684023967971975, 2.204162542721747, 3.202263802961429, 36452.0, 30945.0, 33880.0, 38468.0, 7.973554611206055, -103.3718032836914, 30.867656707763672, -404.2833557128906, 0.3482356369495392, 1.5740116834640503, 0.7664340734481812, 1.1526985168457031, 0.7130374908447266, 1.55419921875, 1.248046875, 0.169647216796875, 1.62744140625
73654, 0.01933019421994686, -1.1420108079910278, -0.659030556678772, 0.020267613232135773, -0.022167209535837173, 1.1126922369003296, 0.07903748005628586, -0.007894949056208134, 0.027828823775053024, 0.004218756686896086, -0.02160862646996975, 1.106028437614441, 1.9171349993734406, 2.3696508369605453, -2.1275958942168587, 38114.0, 30817.0, 31365.0, 36472.0, 7.933885097503662, -103.3718032836914, 30.867656707763672, -404.2833557128906, 0.6822214722633362, 0.7916377782821655, 1.4715228080749512, 1.1526985168457031, 0.7130374908447266, 1.55419921875, 1.248046875, 0.169647216796875, 1.62744140625
73674, 0.2305494248867035, -1.1364916563034058, -1.4938974380493164, 0.019749417901039124, -0.022188186645507812, 1.113379716873169, 0.07750947773456573, -0.004943571984767914, 0.056756384670734406, 0.003982288297265768, -0.01894078031182289, 1.1052967309951782, 2.4305201631484716, 2.1217773383922065, -6.431539539146483, 36836.0, 31260.0, 32785.0, 37907.0, 7.933885097503662, 154.98101806640625, 31.787677764892578, 775.8890991210938, -0.6684058904647827, -0.5967026948928833, 2.5316240787506104, 1.1526985168457031, 0.7130374908447266, 1.55419921875, 1.248046875, 0.169647216796875, 1.62744140625
73684, 1.0774195194244385, -1.0737531185150146, 1.8331266641616821, 0.020539384335279465, -0.022240836173295975, 1.1140987873077393, 0.0803917869925499, -0.005635836161673069, 0.08706264197826385, 0.0033223945647478104, -0.019598089158535004, 1.1038612127304077, 2.8737567699511444, 1.8970364908909971, -4.963591996779207, 36836.0, 31260.0, 32785.0, 37907.0, 7.933885097503662, -5.360636234283447, -15.322064399719238, -327.10040283203125, -0.6684058904647827, -0.5967026948928833, 2.5316240787506104, 1.1526985168457031, 0.7130374908447266, 1.55419921875, 1.248046875, 0.169647216796875, 1.54248046875
73814, -0.05196321755647659, -0.8532458543777466, -2.049752712249756, 0.022205665707588196, -0.02274775132536888, 1.1147074699401855, 0.07916957885026932, -0.003391275880858302, -0.06435909867286682, 0.0011260685278102756, -0.018124649301171303, 1.101157546043396, 0.014465752503475192, 2.191498691782755, -7.26600948251421, 37516.0, 30659.0, 31344.0, 37289.0, 7.8942155838012695, -31.98596954345703, 37.15457534790039, 215.9932403564453, 1.3290742635726929, -1.368313193321228, -0.0744980201125145, 1.1526985168457031, 0.7130374908447266, 1.55419921875, 1.248046875, 0.169647216796875, 1.51611328125
73854, -1.0856462717056274, -0.573509931564331, 2.164902925491333, 0.02197592705488205, -0.02299381233751774, 1.1141635179519653, 0.0779055580496788, -0.00546589819714427, -0.012202586978673935, 0.0009298156946897507, -0.021681685000658035, 1.1022403240203857, -1.4163406495644675, 1.5752985550973335, 1.245453670222663, 37516.0, 30659.0, 31344.0, 37289.0, 7.874380588531494, -31.98596954345703, 37.15457534790039, 215.9932403564453, -0.2905977964401245, -0.5821781754493713, 0.3848271369934082, 1.0407979488372803, 0.4531993865966797, 1.532958984375, 1.248046875, 0.169647216796875, 1.575439453125
73884, 0.04625397175550461, -0.6321510672569275, -1.8150606155395508, 0.020200103521347046, -0.022454770281910896, 1.1126519441604614, 0.06975053995847702, -0.0003620897768996656, -0.06559555977582932, 0.0018903828458860517, -0.020439989864826202, 1.1020532846450806, 1.6245064357459806, 1.3847015854089761, -7.238077175358608, 37516.0, 30659.0, 31344.0, 37289.0, 7.933885097503662, -3.7287580966949463, 62.351341247558594, 297.5786437988281, 1.2415151596069336, -0.7843329310417175, -0.0066808853298425674, 1.0407979488372803, 0.4531993865966797, 1.532958984375, 1.248046875, 0.169647216796875, 1.575439453125
73894, 1.1809546947479248, -0.5803747773170471, 2.724919080734253, 0.020200103521347046, -0.022454770281910896, 1.1126519441604614, 0.06975053995847702, -0.0003620897768996656, -0.06559555977582932, 0.00043859798461198807, -0.018803413957357407, 1.1037803888320923, 3.2285384565538218, 1.5274810296649548, -3.546159195599655, 37052.0, 30727.0, 33404.0, 38276.0, 7.933885097503662, 40.145484924316406, -3.4477133750915527, 122.82040405273438, 1.2415151596069336, -0.7843329310417175, -0.0066808853298425674, 1.0407979488372803, 0.4531993865966797, 1.532958984375, 1.248046875, 0.169647216796875, 1.575439453125
73904, 1.2493261098861694, -0.5563520789146423, 0.5272337198257446, 0.020200103521347046, -0.022454770281910896, 1.1126519441604614, 0.06975053995847702, -0.0003620897768996656, -0.06559555977582932, 0.000577104976400733, -0.019139183685183525, 1.1025586128234863, 3.9158842719858824, 1.3568120619502793, 0.47615398159612576, 36612.0, 30630.0, 33426.0, 38624.0, 7.8942155838012695, 40.145484924316406, -3.4477133750915527, 122.82040405273438, 0.039144717156887054, 2.1906399726867676, 1.2094786167144775, 1.0407979488372803, 0.4531993865966797, 1.532958984375, 1.248046875, 0.169647216796875, 1.575439453125
73924, -1.1088941097259521, -0.501103937625885, 2.2403159141540527, 0.018985262140631676, -0.02185027487576008, 1.1117628812789917, 0.06398345530033112, -0.0017754539148882031, -0.02410130202770233, 0.0007688181940466166, -0.023448579013347626, 1.1036224365234375, 0.9504531912658588, 1.5590742508478286, 0.5141919632513988, 36627.0, 30657.0, 33135.0, 38464.0, 7.973554611206055, 74.69852447509766, -44.86275863647461, 126.73622131347656, 0.039144717156887054, 2.1906399726867676, 1.2094786167144775, 1.0407979488372803, 0.4531993865966797, 1.532958984375, 1.248046875, 0.169647216796875, 1.50439453125
73934, -0.3539653718471527, -0.574822187423706, 2.126242160797119, 0.018985262140631676, -0.02185027487576008, 1.1117628812789917, 0.06398345530033112, -0.0017754539148882031, -0.02410130202770233, 0.00044435448944568634, -0.019505197182297707, 1.1029698848724365, 1.9002456745911616, 1.3575745778134376, -6.096407814374967, 36627.0, 30657.0, 33135.0, 38464.0, 7.8942155838012695, 73.17474365234375, 45.88074493408203, -558.5250244140625, 0.039144717156887054, 2.1906399726867676, 1.2094786167144775, 1.0407979488372803, 0.4531993865966797, 1.532958984375, 1.248046875, 0.169647216796875, 1.51904296875
73984, 0.35686442255973816, -0.6912200450897217, 3.8606343269348145, 0.01890619657933712, -0.02181352861225605, 1.1096307039260864, 0.059662941843271255, 1.0861224836844485e-05, -0.04777776449918747, 0.0008086030138656497, -0.022382918745279312, 1.106393814086914, 2.28311032157948, 1.7262706601884759, -2.2776590164604107, 36874.0, 30956.0, 33092.0, 38689.0, 7.973554611206055, 78.87372589111328, -7.084568977355957, 380.13323974609375, -0.33530282974243164, 1.5836695432662964, 0.7927113771438599, 1.0407979488372803, 0.4531993865966797, 1.532958984375, 2.530517578125, 22.296539306640625, 1.59228515625
74024, 0.09545087814331055, -1.2476212978363037, -0.9723756909370422, 0.021398743614554405, -0.02186099998652935, 1.1078166961669922, 0.0640232190489769, 0.0011503805872052908, -0.11372263729572296, 0.001965703908354044, -0.020388536155223846, 1.1086474657058716, 3.117181872185624, 1.3459406404517722, 0.8523683869615934, 38951.0, 30681.0, 31363.0, 36826.0, 7.933885097503662, -64.99022674560547, -54.1386833190918, -480.68817138671875, 0.32128143310546875, -0.42243996262550354, 2.607645273208618, 1.0407979488372803, 0.4531993865966797, 1.532958984375, 2.530517578125, 22.296539306640625, 1.5380859375
74034, 1.0110818147659302, -1.2100038528442383, 1.4205691814422607, 0.021398743614554405, -0.02186099998652935, 1.1078166961669922, 0.0640232190489769, 0.0011503805872052908, -0.11372263729572296, 0.002224012976512313, -0.023548243567347527, 1.1094914674758911, 1.2873390494918264, 1.0851307606010607, 3.2903124445223586, 37657.0, 31450.0, 33176.0, 38657.0, 7.933885097503662, -64.99022674560547, -54.1386833190918, -480.68817138671875, 0.32128143310546875, -0.42243996262550354, 2.607645273208618, 1.0407979488372803, 0.4531993865966797, 1.532958984375, 2.530517578125, 22.296539306640625, 1.5380859375
74044, 1.2200734615325928, -1.198673963546753, 0.6605247855186462, 0.021398743614554405, -0.02186099998652935, 1.1078166961669922, 0.0640232190489769, 0.0011503805872052908, -0.11372263729572296, 0.001977023668587208, -0.02213301509618759, 1.1098905801773071, -2.3133899484538483, 1.4778131956837797, 2.7599245830850174, 37187.0, 31354.0, 33394.0, 39073.0, 7.933885097503662, -2.8675742149353027, 16.37763214111328, -134.74742126464844, 0.32128143310546875, -0.42243996262550354, 2.607645273208618, 1.0407979488372803, 0.4531993865966797, 1.532958984375, 2.530517578125, 22.296539306640625, 1.5380859375
74054, 0.39621731638908386, -1.2139594554901123, 3.5089759826660156, 0.021398743614554405, -0.02186099998652935, 1.1078166961669922, 0.0640232190489769, 0.0011503805872052908, -0.11372263729572296, 0.0022720620036125183, -0.02238994464278221, 1.1115754842758179, 1.4291141379585461, 1.9397726246772606, -0.39501992558392807, 37187.0, 31354.0, 33394.0, 39073.0, 7.933885097503662, -199.42169189453125, -18.965984344482422, 330.0303039550781, 0.32128143310546875, -0.42243996262550354, 2.607645273208618, 1.0407979488372803, 0.4531993865966797, 1.532958984375, 2.530517578125, 22.296539306640625, 1.5380859375
74064, -1.288697361946106, -1.3626643419265747, 2.4270784854888916, 0.021398743614554405, -0.02186099998652935, 1.1078166961669922, 0.0640232190489769, 0.0011503805872052908, -0.11372263729572296, 0.002025092951953411, -0.020441528409719467, 1.1111009120941162, 2.182931845812011, 1.907601465885108, -3.7464441503595207, 37187.0, 31354.0, 33394.0, 39073.0, 7.933885097503662, 28.97618293762207, -27.088869094848633, -79.57762908935547, 0.32128143310546875, -0.42243996262550354, 2.607645273208618, 1.0407979488372803, 0.4531993865966797, 1.532958984375, 2.530517578125, 22.296539306640625, 1.5234375
74104, 0.938703179359436, -1.5482704639434814, 0.9044886827468872, 0.01771986484527588, -0.021158719435334206, 1.1037837266921997, 0.06350914388895035, 0.002309444360435009, 0.05087793990969658, 0.002830254379659891, -0.019512545317411423, 1.1138943433761597, 4.767565965719282, 1.8762374007125686, -1.83528859304597, 37187.0, 31354.0, 33394.0, 39073.0, 7.9140496253967285, 103.99832916259766, -15.565656661987305, 540.7510375976562, 0.7062445878982544, -0.42263633012771606, 0.647243082523346, 1.0407979488372803, 0.4531993865966797, 1.532958984375, 2.530517578125, 22.296539306640625, 1.549072265625
74114, 1.1516014337539673, -1.4612150192260742, 0.3573155701160431, 0.018359707668423653, -0.021135829389095306, 1.103966236114502, 0.06459340453147888, 0.0033304535318166018, -0.01438768208026886, 0.003776709083467722, -0.02337261475622654, 1.114218831062317, 1.6035518463154221, 1.4875794128720372, 1.5741147194924576, 37187.0, 31354.0, 33394.0, 39073.0, 7.874380588531494, -7.651641845703125, 9.717998504638672, -172.48240661621094, 0.7062445878982544, -0.42263633012771606, 0.647243082523346, 1.0407979488372803, 0.4531993865966797, 1.532958984375, 2.530517578125, 22.296539306640625, 1.549072265625
74134, -1.315424919128418, -1.4260915517807007, 2.187037229537964, 0.015305519104003906, -0.02066713385283947, 1.1029317378997803, 0.05758434906601906, 0.0017259554006159306, -0.04355895519256592, 0.003677284810692072, -0.022092130035161972, 1.117242455482483, 1.774291245195991, 2.1904529336241296, -2.6750907013903884, 38383.0, 31070.0, 33039.0, 38000.0, 7.973554611206055, 46.29609298706055, -39.74058532714844, -35.481834411621094, 0.7062445878982544, -0.42263633012771606, 0.647243082523346, 1.0407979488372803, 0.4531993865966797, 1.532958984375, 2.530517578125, 22.296539306640625, 1.549072265625
74144, -0.5052902698516846, -1.4079103469848633, 2.252819776535034, 0.015898915007710457, -0.020653143525123596, 1.1027315855026245, 0.06110357493162155, 0.0023576728999614716, 0.0035030427388846874, 0.0035705165937542915, -0.019976763054728508, 1.1156800985336304, 2.084418526872755, 1.9487206296336979, -7.010072359081852, 38383.0, 31070.0, 33039.0, 38000.0, 7.854546070098877, 65.89494323730469, 52.87922286987305, -507.5892639160156, 0.7062445878982544, -0.42263633012771606, 0.647243082523346, 1.0407979488372803, 0.4531993865966797, 1.532958984375, 2.530517578125, 22.296539306640625, 1.549072265625
74154, 0.5918234586715698, -1.5380339622497559, -1.3216209411621094, 0.015898915007710457, -0.020653143525123596, 1.1027315855026245, 0.06110357493162155, 0.0023576728999614716, 0.0035030427388846874, 0.005246977787464857, -0.020451273769140244, 1.117071509361267, 2.508944727756631, 1.552873864302029, -7.729061266238119, 38772.0, 30982.0, 31872.0, 37664.0, 7.9140496253967285, 65.89494323730469, 52.87922286987305, -507.5892639160156, 0.7062445878982544, -0.42263633012771606, 0.647243082523346, 1.0407979488372803, 0.4531993865966797, 1.532958984375, 2.530517578125, 22.296539306640625, 1.549072265625
74164, 0.06306243687868118, -1.6512372493743896, -1.3231887817382812, 0.015898915007710457, -0.020653143525123596, 1.1027315855026245, 0.06110357493162155, 0.0023576728999614716, 0.0035030427388846874, 0.0045308517292141914, -0.018187265843153, 1.1168100833892822, -0.48185639738678987, 2.5802673714970297, -6.965212127018968, 38772.0, 30982.0, 31872.0, 37664.0, 7.9140496253967285, -54.122718811035156, -60.036373138427734, -457.42987060546875, 0.7062445878982544, -0.42263633012771606, 0.647243082523346, 1.0407979488372803, 0.4531993865966797, 1.532958984375, 2.530517578125, 22.296539306640625, 1.5556640625
74174, 1.037569284439087, -1.5216670036315918, 1.3537578582763672, 0.015898915007710457, -0.020653143525123596, 1.1027315855026245, 0.06110357493162155, 0.0023576728999614716, 0.0035030427388846874, 0.003953585866838694, -0.019915618002414703, 1.1187241077423096, 5.05402731359722, 1.6217118676083828, -2.0637844628141324, 37862.0, 31019.0, 33911.0, 38933.0, 7.9140496253967285, -54.122718811035156, -60.036373138427734, -457.42987060546875, -0.4289373457431793, -3.2231955528259277, 0.646298885345459, 1.0407979488372803, 0.4531993865966797, 1.532958984375, 2.530517578125, 22.296539306640625, 1.5556640625
74184, 1.1778606176376343, -1.3299201726913452, 0.2762034833431244, 0.015898915007710457, -0.020653143525123596, 1.1027315855026245, 0.06110357493162155, 0.0023576728999614716, 0.0035030427388846874, 0.004790606442838907, -0.02123423106968403, 1.1183983087539673, 2.902831898998576, 1.6506517156832103, 1.288065078949559, 37862.0, 31019.0, 33911.0, 38933.0, 7.9140496253967285, -54.122718811035156, -60.036373138427734, -457.42987060546875, -0.10528433322906494, 2.2508106231689453, 1.2844557762145996, 1.0407979488372803, 0.4531993865966797, 1.532958984375, 2.530517578125, 22.296539306640625, 1.538818359375
74234, 0.1626376360654831, -1.5890053510665894, -2.006439208984375, 0.01753145270049572, -0.02063159830868244, 1.0996230840682983, 0.06970389187335968, 0.005779626779258251, -0.11823274195194244, 0.004767409060150385, -0.01890427991747856, 1.121711254119873, -0.2468235023086758, 2.6069779645143, -7.561809503397617, 37862.0, 31019.0, 33911.0, 38933.0, 7.933885097503662, 64.26194763183594, -41.859066009521484, 62.75037384033203, 1.0533864498138428, -0.789142906665802, 0.21838751435279846, 1.0407979488372803, 0.4531993865966797, 1.532958984375, 2.530517578125, 22.296539306640625, 1.5146484375
74274, -1.0228188037872314, -1.544161319732666, 3.286496162414551, 0.015488793142139912, -0.02080295979976654, 1.0992779731750488, 0.06860928982496262, 0.0032617179676890373, -0.06382889300584793, 0.005305286031216383, -0.020577769726514816, 1.1236515045166016, 1.5249400611106836, 1.0709371739888525, -5.702164966033967, 38907.0, 30845.0, 32842.0, 38050.0, 7.9140496253967285, -7.78637170791626, 7.0534491539001465, 3.0387766361236572, -0.40254995226860046, 1.9664376974105835, 1.1316474676132202, 1.0407979488372803, 0.4531993865966797, 1.532958984375, 2.530517578125, 22.296539306640625, 1.5146484375
74284, -0.18325842916965485, -1.6076818704605103, 2.9496707916259766, 0.015488793142139912, -0.02080295979976654, 1.0992779731750488, 0.06860928982496262, 0.0032617179676890373, -0.06382889300584793, 0.0045800767838954926, -0.01987353339791298, 1.126306176185608, 2.232591900092056, 1.904728656734136, -7.47117879591649, 38907.0, 30845.0, 32842.0, 38050.0, 7.8942155838012695, -7.78637170791626, 7.0534491539001465, 3.0387766361236572, -0.40254995226860046, 1.9664376974105835, 1.1316474676132202, 1.0407979488372803, 0.4531993865966797, 1.532958984375, 2.530517578125, 22.296539306640625, 1.53369140625
74294, 0.8690296411514282, -1.7465986013412476, 0.05904976278543472, 0.015488793142139912, -0.02080295979976654, 1.0992779731750488, 0.06860928982496262, 0.0032617179676890373, -0.06382889300584793, 0.005741925444453955, -0.021451473236083984, 1.1258385181427002, 1.435513552073701, 1.5272632794796266, -7.1745557735519485, 38907.0, 30845.0, 32842.0, 38050.0, 7.8942155838012695, 1.8839480876922607, 53.100284576416016, 195.81399536132812, -0.40254995226860046, 1.9664376974105835, 1.1316474676132202, 1.0407979488372803, 0.4531993865966797, 1.532958984375, 2.530517578125, 22.296539306640625, 1.52490234375
74334, -0.11172376573085785, -1.5622209310531616, 3.4828619956970215, 0.016431128606200218, -0.02039688266813755, 1.098434329032898, 0.0784950852394104, 0.00236249016597867, -0.02549835294485092, 0.006431519985198975, -0.02014731988310814, 1.12896728515625, 2.34241607715002, 1.2379739411337596, -7.319275650897231, 38907.0, 30845.0, 32842.0, 38050.0, 7.8942155838012695, -23.275413513183594, 6.660329818725586, 107.83180236816406, -0.1922561526298523, 1.8224101066589355, 1.4754838943481445, 1.0407979488372803, 0.4531993865966797, 1.532958984375, 2.0537109375, 2.74847412109375, 1.581298828125
74384, 1.3680089712142944, -1.4490474462509155, 1.6084637641906738, 0.01606263779103756, -0.01997671090066433, 1.099892258644104, 0.0842379778623581, 0.004043578170239925, 0.10502495616674423, 0.006211158353835344, -0.02227795496582985, 1.1298831701278687, -0.9797968902055831, 1.7648810778017605, -1.1866833849631404, 38452.0, 31000.0, 31913.0, 37850.0, 7.8942155838012695, -23.275413513183594, 6.660329818725586, 107.83180236816406, -0.5266751050949097, -2.2671337127685547, 0.730060338973999, 1.0407979488372803, 0.4531993865966797, 1.532958984375, 2.0537109375, 2.74847412109375, 1.581298828125
74394, 1.377705454826355, -1.3342266082763672, 0.26829105615615845, 0.01606263779103756, -0.01997671090066433, 1.099892258644104, 0.0842379778623581, 0.004043578170239925, 0.10502495616674423, 0.005647142417728901, -0.02067043073475361, 1.1304727792739868, 2.012593399580268, 2.020316959705525, -5.47530907451418, 37012.0, 30887.0, 35240.0, 39098.0, 7.9140496253967285, -23.275413513183594, 6.660329818725586, 107.83180236816406, 0.5036839842796326, 2.652254104614258, 1.0459517240524292, 1.0407979488372803, 0.4531993865966797, 1.532958984375, 2.0537109375, 2.74847412109375, 1.581298828125
74404, -0.02336519956588745, -1.1717636585235596, 5.129988193511963, 0.01606263779103756, -0.01997671090066433, 1.099892258644104, 0.0842379778623581, 0.004043578170239925, 0.10502495616674423, 0.005150308832526207, -0.018944863229990005, 1.1314748525619507, 2.673138181029991, 2.9664472789371246, -8.292009372789728, 37129.0, 30866.0, 34949.0, 38765.0, 7.973554611206055, -23.275413513183594, 6.660329818725586, 107.83180236816406, -0.14796003699302673, 1.502719759941101, 1.6323984861373901, 1.0407979488372803, 0.4531993865966797, 1.532958984375, 2.0537109375, 2.74847412109375, 1.581298828125
74414, -0.8573485612869263, -1.1424201726913452, 3.989954710006714, 0.01606263779103756, -0.01997671090066433, 1.099892258644104, 0.0842379778623581, 0.004043578170239925, 0.10502495616674423, 0.0071319881826639175, -0.02020256780087948, 1.1307882070541382, 1.4933697118630056, 1.842339577497313, -6.989788983371927, 38585.0, 30677.0, 33420.0, 37284.0, 7.973554611206055, 119.9736099243164, -37.004207611083984, 265.9642639160156, -0.14796003699302673, 1.502719759941101, 1.6323984861373901, 1.0407979488372803, 0.4531993865966797, 1.532958984375, 2.0537109375, 2.74847412109375, 1.581298828125
74474, -0.2912609279155731, -1.018100619316101, 3.1308352947235107, 0.015617194585502148, -0.020737776532769203, 1.1042417287826538, 0.08116001635789871, -0.00020993963698856533, -0.005287048872560263, 0.007860146462917328, -0.016003668308258057, 1.1300026178359985, -0.12810020846210513, 2.574491685394918, -4.845503753787383, 37234.0, 30704.0, 32896.0, 38627.0, 7.9537200927734375, -54.7534294128418, 0.7556541562080383, 339.94793701171875, -0.11072361469268799, 1.620721459388733, 1.6759579181671143, 1.021063208580017, 1.8867931365966797, 1.650146484375, 2.0537109375, 2.74847412109375, 1.52197265625
74484, -1.1022297143936157, -1.020780086517334, 1.2201461791992188, 0.016438087448477745, -0.02074970304965973, 1.1041841506958008, 0.08327087759971619, -0.0020823441445827484, -0.006126814987510443, 0.007277027238160372, -0.017089327797293663, 1.1310781240463257, 4.712360682640646, 1.846759955211951, -0.8899842141064117, 37234.0, 30704.0, 32896.0, 38627.0, 7.874380588531494, -54.7534294128418, 0.7556541562080383, 339.94793701171875, -0.32590794563293457, -0.6032068133354187, -0.04648340493440628, 1.021063208580017, 1.8867931365966797, 1.650146484375, 2.0537109375, 2.74847412109375, 1.52197265625
74504, 0.6105538606643677, -1.216403841972351, -1.5759981870651245, 0.016438087448477745, -0.02074970304965973, 1.1041841506958008, 0.08327087759971619, -0.0020823441445827484, -0.006126814987510443, 0.008253892883658409, -0.022454477846622467, 1.1291007995605469, 0.15830046263806277, 1.7085216401425214, 1.698394924023069, 38034.0, 31065.0, 32606.0, 37566.0, 7.9537200927734375, -54.7534294128418, 0.7556541562080383, 339.94793701171875, -0.8284767270088196, -1.0605231523513794, 3.269141674041748, 1.021063208580017, 1.8867931365966797, 1.650146484375, 2.0537109375, 2.74847412109375, 1.52197265625
74514, -0.013553421944379807, -1.0654194355010986, -3.2092490196228027, 0.016438087448477745, -0.02074970304965973, 1.1041841506958008, 0.08327087759971619, -0.0020823441445827484, -0.006126814987510443, 0.007738995831459761, -0.021043548360466957, 1.1300572156906128, 1.5344529987513342, 2.4410920342853046, -2.672797220153899, 37370.0, 31397.0, 33772.0, 38290.0, 7.9140496253967285, -54.7534294128418, 0.7556541562080383, 339.94793701171875, 1.226040005683899, -1.7324635982513428, -0.29874926805496216, 1.021063208580017, 1.8867931365966797, 1.650146484375, 2.0537109375, 2.74847412109375, 1.52197265625
74524, 1.3406739234924316, -1.036877155303955, 2.2150211334228516, 0.016438087448477745, -0.02074970304965973, 1.1041841506958008, 0.08327087759971619, -0.0020823441445827484, -0.006126814987510443, 0.007225264795124531, -0.01760975830256939, 1.1291779279708862, 2.215370346976714, 2.2768618608164672, -7.058518638250583, 37259.0, 31163.0, 35267.0, 38405.0, 7.9140496253967285, 15.195731163024902, -14.101184844970703, -155.4632568359375, 1.226040005683899, -1.7324635982513428, -0.29874926805496216, 1.021063208580017, 1.8867931365966797, 1.650146484375, 2.0537109375, 2.74847412109375, 1.530029296875
74534, 1.3501543998718262, -1.0095926523208618, 0.8920037746429443, 0.016438087448477745, -0.02074970304965973, 1.1041841506958008, 0.08327087759971619, -0.0020823441445827484, -0.006126814987510443, 0.007820498198270798, -0.016707349568605423, 1.1306649446487427, 2.4326797904081463, 2.411629376846605, -6.729220640054653, 36693.0, 30800.0, 35218.0, 38722.0, 7.9140496253967285, -51.58421325683594, -1.2294604778289795, 453.45526123046875, 1.226040005683899, -1.7324635982513428, -0.29874926805496216, 1.021063208580017, 1.8867931365966797, 1.650146484375, 2.0537109375, 2.74847412109375, 1.5263671875
74574, 0.7676111459732056, -1.2161319255828857, 0.5708401203155518, 0.016757221892476082, -0.02033957466483116, 1.1100670099258423, 0.07894483208656311, 0.0021253740414977074, -0.06880439072847366, 0.006622896529734135, -0.022302759811282158, 1.1272027492523193, 0.7126838409258274, 2.6891531095827474, 0.980612265890667, 37744.0, 30924.0, 30675.0, 37596.0, 7.933885097503662, -238.13507080078125, 17.84296989440918, -164.6287384033203, -0.6489754319190979, -0.986137866973877, 3.2090342044830322, 1.021063208580017, 1.8867931365966797, 1.650146484375, 2.0537109375, 2.74847412109375, 1.512451171875
74584, 0.005153454374521971, -1.1365104913711548, -1.292007327079773, 0.01755629852414131, -0.020316557958722115, 1.1094210147857666, 0.08092690259218216, 0.0022806304041296244, -0.060394302010536194, 0.007462298963218927, -0.020359426736831665, 1.127784013748169, 1.3838730008286824, 2.582751738722237, -3.0295750908602073, 37744.0, 30924.0, 30675.0, 37596.0, 7.9140496253967285, -238.13507080078125, 17.84296989440918, -164.6287384033203, 1.1148872375488281, -1.7577893733978271, -0.047441430389881134, 1.021063208580017, 1.8867931365966797, 1.650146484375, 2.0537109375, 2.74847412109375, 1.512451171875
74644, 0.3767696022987366, -1.3571698665618896, -1.826163411140442, 0.01779455877840519, -0.020736871287226677, 1.1132707595825195, 0.08286646008491516, 7.092344458214939e-05, 0.0711902305483818, 0.0073406267911195755, -0.019293563440442085, 1.1249748468399048, 1.7700087439204353, 2.5085980999799347, 0.7683611950761527, 37713.0, 30974.0, 32325.0, 36987.0, 7.9140496253967285, -27.769792556762695, 58.699363708496094, 326.55731201171875, 0.015406965278089046, 1.474756121635437, 0.4212207496166229, 1.021063208580017, 1.8867931365966797, 1.650146484375, 2.0537109375, 2.74847412109375, 1.52783203125
74694, -1.1847262382507324, -1.2092286348342896, 3.8953442573547363, 0.018064945936203003, -0.021318631246685982, 1.1168783903121948, 0.08171223849058151, 0.0009462167508900166, 0.00603549275547266, 0.0078064389526844025, -0.015733718872070312, 1.1219923496246338, 2.1479443462099495, 2.1431743432180212, -5.964675933921751, 37713.0, 30974.0, 32325.0, 36987.0, 7.9537200927734375, 49.47057342529297, -33.34999084472656, -221.94790649414062, 0.20526090264320374, 2.4538214206695557, 1.1197524070739746, 1.021063208580017, 1.8867931365966797, 1.650146484375, 2.0537109375, 2.74847412109375, 1.53955078125
74724, 0.07396789640188217, -1.3893171548843384, -0.0010052826255559921, 0.0175609290599823, -0.021202918142080307, 1.1191405057907104, 0.07821318507194519, 0.0029850315768271685, -0.06494565308094025, 0.0066817328333854675, -0.015570912510156631, 1.1224570274353027, 2.8524075361181187, 3.0770835746040177, -5.168612051642764, 37713.0, 30974.0, 32325.0, 36987.0, 7.933885097503662, -37.60451126098633, -56.556251525878906, -462.52117919921875, -0.012523729354143143, -0.8756718635559082, 2.8029003143310547, 1.021063208580017, 1.8867931365966797, 1.650146484375, 2.0537109375, 2.74847412109375, 1.53076171875
74754, 0.19514894485473633, -1.1447027921676636, 3.307450294494629, 0.020082199946045876, -0.021146422252058983, 1.120204210281372, 0.0867869183421135, 0.001860168413259089, -0.0012494281399995089, 0.006110835820436478, -0.018160473555326462, 1.119878888130188, -1.873387358044955, 2.814352497067347, 0.8636305084440421, 36283.0, 30939.0, 32087.0, 37902.0, 7.99338960647583, -186.3865203857422, -31.87135124206543, 271.2965393066406, -0.08106794953346252, 2.0677690505981445, 1.2988944053649902, 1.021063208580017, 1.8867931365966797, 1.650146484375, 2.0537109375, 2.74847412109375, 1.53076171875
74774, -0.7926201224327087, -1.0290212631225586, 1.7724026441574097, 0.020082199946045876, -0.021146422252058983, 1.120204210281372, 0.0867869183421135, 0.001860168413259089, -0.0012494281399995089, 0.0049014887772500515, -0.015286571346223354, 1.1200658082962036, 2.355047747751028, 3.2639552768511066, -4.73391487364477, 37321.0, 30869.0, 31468.0, 36754.0, 7.99338960647583, 47.722801208496094, 58.57797622680664, -480.6225891113281, -0.009932881221175194, -0.4619484841823578, 1.376673698425293, 1.021063208580017, 1.8867931365966797, 1.650146484375, 2.0537109375, 2.74847412109375, 1.560791015625
74784, 0.11795058101415634, -1.0702253580093384, -2.644881248474121, 0.020082199946045876, -0.021146422252058983, 1.120204210281372, 0.0867869183421135, 0.001860168413259089, -0.0012494281399995089, 0.005748201161623001, -0.01468379981815815, 1.1186798810958862, 2.834744402921936, 2.332241301727123, -8.030606682794692, 37646.0, 30786.0, 31265.0, 36363.0, 7.933885097503662, 47.722801208496094, 58.57797622680664, -480.6225891113281, 0.3227125108242035, -0.2938348948955536, 2.3502368927001953, 1.021063208580017, 1.8867931365966797, 1.650146484375, 2.0537109375, 2.74847412109375, 1.560791015625
74854, 0.42246004939079285, -0.6748439073562622, -0.17089946568012238, 0.020557081326842308, -0.02062126249074936, 1.124767780303955, 0.08368714153766632, 0.003702788380905986, 0.023915158584713936, 0.0016203555278480053, -0.014542220160365105, 1.1140631437301636, 3.42972178772331, 1.6320410532300968, -8.215674991660904, 37646.0, 30786.0, 31265.0, 36363.0, 7.933885097503662, 126.75534057617188, -23.12415313720703, -57.594058990478516, 0.03758029639720917, 0.4608890414237976, -0.6666660904884338, 1.021063208580017, 1.8867931365966797, 1.650146484375, 1.049560546875, 2.0084381103515625, 1.524169921875
74864, 0.737918496131897, -0.8411594033241272, 0.998553991317749, 0.02139323204755783, -0.02058488130569458, 1.1244275569915771, 0.08336075395345688, 0.005220151972025633, -0.09190727770328522, 0.0020325337536633015, -0.014470387250185013, 1.1146166324615479, 1.922097098638037, 1.7995626046523512, -7.844788556574857, 37646.0, 30786.0, 31265.0, 36363.0, 7.933885097503662, 126.75534057617188, -23.12415313720703, -57.594058990478516, 0.03758029639720917, 0.4608890414237976, -0.6666660904884338, 1.021063208580017, 1.8867931365966797, 1.650146484375, 1.049560546875, 2.0084381103515625, 1.524169921875
74874, 0.6788052320480347, -0.6654642820358276, -0.038631413131952286, 0.02139323204755783, -0.02058488130569458, 1.1244275569915771, 0.08336075395345688, 0.005220151972025633, -0.09190727770328522, 0.00014387816190719604, -0.013044817373156548, 1.114909052848816, 2.9784107878487482, 2.069642148061689, -5.045883975526025, 36466.0, 30933.0, 32823.0, 37767.0, 7.933885097503662, 126.75534057617188, -23.12415313720703, -57.594058990478516, 0.03758029639720917, 0.4608890414237976, -0.6666660904884338, 1.021063208580017, 1.8867931365966797, 1.650146484375, 1.049560546875, 2.0084381103515625, 1.524169921875
74894, 1.340171456336975, -0.5508394837379456, 3.3497891426086426, 0.020067036151885986, -0.020729290321469307, 1.1260606050491333, 0.07812847942113876, 0.0020994986407458782, -0.03497909754514694, -0.0009869770146906376, -0.01703822985291481, 1.1117138862609863, 0.12379893711043663, 1.6296782134813839, 2.571331130589686, 36237.0, 31042.0, 32968.0, 38032.0, 7.8942155838012695, -123.37908172607422, 25.815038681030273, 503.28643798828125, -0.35358336567878723, 0.006199970375746489, 0.9608155488967896, 1.021063208580017, 1.8867931365966797, 1.650146484375, 1.049560546875, 2.0084381103515625, 1.546875
74914, -0.4778691530227661, -0.50058513879776, 3.7892205715179443, 0.021652396768331528, -0.020737919956445694, 1.1253347396850586, 0.08031737804412842, -0.003056812332943082, -0.05024171993136406, -0.0017873968463391066, -0.014854274690151215, 1.1137443780899048, 1.654885188191171, 1.7930732884201461, -3.20778179416346, 36237.0, 31042.0, 32968.0, 38032.0, 7.874380588531494, 87.86991119384766, 4.267075538635254, 150.2082061767578, -0.35358336567878723, 0.006199970375746489, 0.9608155488967896, 1.021063208580017, 1.8867931365966797, 1.650146484375, 1.37548828125, 0.021820068359375, 1.546875
74944, 0.40258488059043884, -0.6387519836425781, -0.39268243312835693, 0.020355498418211937, -0.020024903118610382, 1.1253821849822998, 0.07432084530591965, 0.00020163734734524041, -0.005553902126848698, -0.003766174428164959, -0.011574354022741318, 1.1114779710769653, 3.300497253271446, 1.3153676410295816, -4.293153801218977, 36787.0, 31242.0, 30500.0, 37803.0, 7.933885097503662, 87.86991119384766, 4.267075538635254, 150.2082061767578, 0.7691357135772705, -2.070345401763916, -0.14142030477523804, 1.021063208580017, 1.8867931365966797, 1.650146484375, 1.37548828125, 0.021820068359375, 1.541748046875
74974, -0.5242834091186523, -0.32127290964126587, 3.851245164871216, 0.021878205239772797, -0.020042333751916885, 1.1257526874542236, 0.07698928564786911, -0.00023772376880515367, -0.023067176342010498, -0.0040274811908602715, -0.01432436890900135, 1.1097357273101807, -1.750441259363637, 0.9643874921979716, 0.9711846288153114, 36329.0, 30662.0, 31286.0, 37725.0, 7.9537200927734375, 87.86991119384766, 4.267075538635254, 150.2082061767578, 0.33439749479293823, 2.177483558654785, 1.024976372718811, 1.021063208580017, 1.8867931365966797, 1.650146484375, 1.37548828125, 0.021820068359375, 1.541748046875
74984, -0.7940119504928589, -0.11951456218957901, 3.106300115585327, 0.019737567752599716, -0.019434167072176933, 1.1262816190719604, 0.06932509690523148, -0.0028975093737244606, -0.029196955263614655, -0.004628865513950586, -0.012882518582046032, 1.109509825706482, 2.195317766387235, 1.2635996861431238, -4.261534672993661, 36329.0, 30662.0, 31286.0, 37725.0, 7.973554611206055, 87.86991119384766, 4.267075538635254, 150.2082061767578, -0.3649448752403259, -0.5995246767997742, 0.13265545666217804, 1.021063208580017, 1.8867931365966797, 1.650146484375, 1.37548828125, 0.021820068359375, 1.541748046875
74994, -0.06328002363443375, -0.41978466510772705, 0.7458649277687073, 0.019737567752599716, -0.019434167072176933, 1.1262816190719604, 0.06932509690523148, -0.0028975093737244606, -0.029196955263614655, -0.004013256169855595, -0.01068221777677536, 1.1075210571289062, 1.7845316111704106, 0.3388516492349254, -8.704679796848337, 37979.0, 30151.0, 29931.0, 36034.0, 7.973554611206055, 82.4228286743164, 19.256244659423828, -636.8644409179688, -0.3649448752403259, -0.5995246767997742, 0.13265545666217804, 1.021063208580017, 1.8867931365966797, 1.650146484375, 1.37548828125, 0.021820068359375, 1.541748046875
75004, 0.7659260630607605, -0.49257805943489075, -0.23799976706504822, 0.019737567752599716, -0.019434167072176933, 1.1262816190719604, 0.06932509690523148, -0.0028975093737244606, -0.029196955263614655, -0.003377146553248167, -0.012012635357677937, 1.1083091497421265, 1.921116614321773, 0.5862389394592356, -8.344411771122891, 37209.0, 30268.0, 30413.0, 36867.0, 7.973554611206055, -21.568660736083984, 45.30122375488281, 374.3941650390625, -0.3649448752403259, -0.5995246767997742, 0.13265545666217804, 1.021063208580017, 1.8867931365966797, 1.650146484375, 1.37548828125, 0.021820068359375, 1.541748046875
75014, 0.1808994561433792, -0.2056398093700409, -1.7512942552566528, 0.019737567752599716, -0.019434167072176933, 1.1262816190719604, 0.06932509690523148, -0.0028975093737244606, -0.029196955263614655, -0.0048866188153624535, -0.010733057744801044, 1.1089823246002197, 2.9417475131513973, 1.0195955049247232, -5.11292473760036, 36670.0, 30672.0, 31363.0, 37727.0, 7.933885097503662, 42.494720458984375, -43.46735382080078, -130.2252197265625, -0.3649448752403259, -0.5995246767997742, 0.13265545666217804, 1.021063208580017, 1.8867931365966797, 1.650146484375, 1.37548828125, 0.021820068359375, 1.541748046875
75114, 0.4493522644042969, 0.2297862470149994, 3.705120801925659, 0.019528450444340706, -0.01925424300134182, 1.1203352212905884, 0.05065428093075752, -0.0016650102334097028, -0.053628288209438324, -0.004651790484786034, -0.010604005306959152, 1.1062359809875488, 2.1144265048376503, 1.2626365538037874, -4.054598002065251, 36779.0, 30247.0, 32993.0, 38743.0, 7.933885097503662, -205.2363739013672, -13.697498321533203, 221.9176483154297, -0.02000739611685276, 2.116119861602783, 1.2209768295288086, 1.021063208580017, 1.8867931365966797, 1.650146484375, 0.708984375, 16.230926513671875, 1.5146484375
75124, -1.2760206460952759, 0.10444682836532593, 2.295164108276367, 0.019528450444340706, -0.01925424300134182, 1.1203352212905884, 0.05065428093075752, -0.0016650102334097028, -0.053628288209438324, -0.004422269761562347, -0.009300829842686653, 1.1043968200683594, 1.7969257431611456, 0.762397762854846, -7.234571917110193, 37894.0, 30112.0, 32081.0, 37537.0, 7.973554611206055, 26.935590744018555, -27.902681350708008, -17.914567947387695, -0.02000739611685276, 2.116119861602783, 1.2209768295288086, 1.021063208580017, 1.8867931365966797, 1.650146484375, 0.708984375, 16.230926513671875, 1.5146484375
75134, -0.3606702983379364, 0.1768556535243988, 2.858851194381714, 0.019528450444340706, -0.01925424300134182, 1.1203352212905884, 0.05065428093075752, -0.0016650102334097028, -0.053628288209438324, -0.003941785544157028, -0.008720537647604942, 1.1060774326324463, 2.0480941750573756, 0.9394643801078075, -7.705622506640808, 37894.0, 30112.0, 32081.0, 37537.0, 7.973554611206055, 61.02303695678711, 53.557926177978516, -523.1672973632812, -0.02000739611685276, 2.116119861602783, 1.2209768295288086, 1.021063208580017, 1.8867931365966797, 1.650146484375, 0.708984375, 16.230926513671875, 1.51904296875
75144, 0.5930135250091553, -0.0187870804220438, -1.2406433820724487, 0.01795046776533127, -0.018284277990460396, 1.1186740398406982, 0.04036292806267738, -0.000723081233445555, -0.08004653453826904, -0.002930901013314724, -0.009933965280652046, 1.1047881841659546, 1.9239216309998237, 0.5866954679718788, -7.821893578323936, 37894.0, 30112.0, 32081.0, 37537.0, 7.973554611206055, 57.10610580444336, 46.24506759643555, 220.43719482421875, -0.02000739611685276, 2.116119861602783, 1.2209768295288086, 1.021063208580017, 1.8867931365966797, 1.650146484375, 0.708984375, 16.230926513671875, 1.524169921875
75174, 1.165144920349121, -0.1882186233997345, 0.5418912172317505, 0.019162341952323914, -0.018303988501429558, 1.117037296295166, 0.040841780602931976, 0.0005996209220029414, -0.03547518700361252, -0.003681865055114031, -0.009433325380086899, 1.1039445400238037, 3.1886716855575052, 0.7391074016809114, 0.1403341151314381, 37894.0, 30112.0, 32081.0, 37537.0, 7.9140496253967285, -83.07263946533203, -56.55057907104492, -417.2004699707031, -0.2075505256652832, -3.1064412593841553, 0.6439292430877686, 1.021063208580017, 1.8867931365966797, 1.650146484375, 0.708984375, 16.230926513671875, 1.532958984375
75194, -1.4558136463165283, -0.35964760184288025, 2.4617390632629395, 0.0164280217140913, -0.017475901171565056, 1.1164226531982422, 0.03202931955456734, -8.65195324877277e-05, -0.057761065661907196, -0.0032464449759572744, -0.01331717986613512, 1.102900743484497, -0.3864780612193399, 0.8140629966472375, 2.1882889213510897, 37894.0, 30112.0, 32081.0, 37537.0, 7.973554611206055, -83.07263946533203, -56.55057907104492, -417.2004699707031, 0.027775265276432037, -0.29337388277053833, 1.5773465633392334, 1.021063208580017, 1.8867931365966797, 1.650146484375, 0.708984375, 16.230926513671875, 1.532958984375
75244, 1.168422818183899, -0.9267127513885498, 0.6892540454864502, 0.014134250581264496, -0.0172431580722332, 1.11430025100708, 0.026397597044706345, 0.0038424027152359486, -0.026005344465374947, -0.0011689126258715987, -0.008439991623163223, 1.1038397550582886, 2.371863605730825, 0.7344419927888168, -7.903783545722729, 37029.0, 31312.0, 33224.0, 38843.0, 7.8942155838012695, -83.07263946533203, -56.55057907104492, -417.2004699707031, -0.31350183486938477, -3.005065441131592, 0.44716665148735046, 1.021063208580017, 1.8867931365966797, 1.650146484375, 0.708984375, 16.230926513671875, 1.53955078125
75264, -1.3250863552093506, -1.1874008178710938, 2.4562487602233887, 0.014683876186609268, -0.01718609780073166, 1.113184928894043, 0.029098670929670334, 0.0013659836258739233, -0.06074180454015732, -0.0022847289219498634, -0.0076303668320178986, 1.1040936708450317, 4.7823162593992015, 1.076886306827447, -1.941919750429291, 36872.0, 31069.0, 33323.0, 38827.0, 7.8942155838012695, 3.672366142272949, -4.226410388946533, -159.48130798339844, -0.2360888421535492, 1.4847633838653564, 0.7519242167472839, 1.021063208580017, 1.8867931365966797, 1.650146484375, 0.708984375, 16.230926513671875, 1.56884765625
75294, 0.14862871170043945, -1.6948699951171875, -0.5718024969100952, 0.015637312084436417, -0.01712086983025074, 1.1112500429153442, 0.03289011865854263, 0.004840684588998556, -0.14015652239322662, -0.0008752066642045975, -0.011756587773561478, 1.1039550304412842, 0.9671049541957084, 1.5987335251003856, -1.285103951547031, 36872.0, 31069.0, 33323.0, 38827.0, 7.9140496253967285, 98.17112731933594, 11.96285629272461, 45.034122467041016, 0.30000707507133484, -0.31098252534866333, 1.10328209400177, 1.021063208580017, 1.8867931365966797, 1.650146484375, 0.708984375, 16.230926513671875, 1.5263671875
75354, 0.4974256157875061, -1.8708420991897583, -1.2887868881225586, 0.009593013674020767, -0.015169772319495678, 1.1095712184906006, 0.03104497492313385, 0.007803097367286682, -0.03491564095020294, 0.0012627907563000917, -0.00866846926510334, 1.1029058694839478, 5.801538182664802, 0.42075639608685833, -2.960760596170102, 39058.0, 30957.0, 31677.0, 36881.0, 7.973554611206055, 104.14030456542969, 2.234650135040283, -19.683088302612305, 0.40957945585250854, 0.726671040058136, -0.61314857006073, 1.021063208580017, 1.8867931365966797, 1.650146484375, 0.708984375, 16.230926513671875, 1.5322265625
75364, 0.33390405774116516, -2.103243827819824, -0.6355737447738647, 0.009593013674020767, -0.015169772319495678, 1.1095712184906006, 0.03104497492313385, 0.007803097367286682, -0.03491564095020294, 0.0006379364058375359, -0.0075095887295901775, 1.1021794080734253, 3.248247069958788, 1.3627147433914502, 0.20847804989504187, 37597.0, 31167.0, 31798.0, 38407.0, 7.973554611206055, -84.07797241210938, -38.38945388793945, -403.011474609375, 0.40957945585250854, 0.726671040058136, -0.61314857006073, 1.021063208580017, 1.8867931365966797, 1.650146484375, 0.708984375, 16.230926513671875, 1.5322265625
75374, 0.9187771677970886, -1.941038966178894, 0.1400536149740219, 0.009593013674020767, -0.015169772319495678, 1.1095712184906006, 0.03104497492313385, 0.007803097367286682, -0.03491564095020294, 0.0008627812494523823, -0.01095049362629652, 1.1014370918273926, 0.5653927170778731, 1.670532830184925, 2.373302404234085, 37557.0, 31183.0, 33136.0, 38591.0, 7.973554611206055, 129.8368682861328, -5.804986953735352, 729.2548217773438, -0.24217742681503296, -2.9192605018615723, 0.3499942123889923, 1.021063208580017, 1.8867931365966797, 1.650146484375, 0.708984375, 16.230926513671875, 1.5322265625
75384, 1.3184038400650024, -1.8320528268814087, 0.8013108968734741, 0.009593013674020767, -0.015169772319495678, 1.1095712184906006, 0.03104497492313385, 0.007803097367286682, -0.03491564095020294, 0.0014609679346904159, -0.009942705743014812, 1.1024696826934814, 1.5220855001528364, 1.8751232088410745, -2.035280429907181, 37120.0, 31102.0, 33593.0, 38927.0, 7.8942155838012695, -10.818415641784668, 12.632088661193848, -264.9903869628906, -0.24217742681503296, -2.9192605018615723, 0.3499942123889923, 1.021063208580017, 1.8867931365966797, 1.650146484375, 0.708984375, 16.230926513671875, 1.5322265625
75444, 1.0017554759979248, -2.0282108783721924, 0.5399225354194641, 0.009473437443375587, -0.013837647624313831, 1.1067990064620972, 0.05394755303859711, 0.007179525680840015, 0.0556037575006485, 0.0035398066975176334, -0.008658576756715775, 1.1018425226211548, 2.0249543959490346, 1.3536099986388876, 1.9930415069876448, 37120.0, 31102.0, 33593.0, 38927.0, 7.9140496253967285, -10.818415641784668, 12.632088661193848, -264.9903869628906, 0.11858149617910385, -0.1136111468076706, 1.2212615013122559, 1.309620976448059, 2.1018314361572266, 1.667724609375, 0.708984375, 16.230926513671875, 1.5439453125
75484, -0.339693546295166, -1.8844027519226074, 3.483710289001465, 0.006682253908365965, -0.013580677099525928, 1.1069648265838623, 0.047721896320581436, 0.006876329891383648, -0.025857970118522644, 0.003546925261616707, -0.005795784294605255, 1.1011513471603394, 2.0144599547201762, 1.9595523788506455, -7.277800130838349, 38929.0, 30848.0, 31370.0, 36682.0, 7.933885097503662, 51.33441925048828, 44.28612518310547, -311.2816162109375, 0.142623171210289, 0.049101732671260834, 1.9320436716079712, 1.309620976448059, 2.1018314361572266, 1.667724609375, 0.708984375, 16.230926513671875, 1.5439453125
75504, 0.41654402017593384, -2.2172818183898926, -0.1355118602514267, 0.008857250213623047, -0.01338217779994011, 1.1060187816619873, 0.05822974443435669, 0.0071452949196100235, -0.10219121724367142, 0.004345720633864403, -0.0049146548844873905, 1.102734923362732, 3.2362107426871427, 2.303489549662885, -4.8915007677403075, 38929.0, 30848.0, 31370.0, 36682.0, 7.9140496253967285, 108.70341491699219, -4.363769054412842, -51.00707244873047, 0.020695168524980545, -0.18819472193717957, 1.4775320291519165, 1.309620976448059, 2.1018314361572266, 1.667724609375, 0.708984375, 16.230926513671875, 1.51611328125
75514, 0.896289050579071, -2.077350616455078, 0.2595878541469574, 0.005994701758027077, -0.012852238491177559, 1.1057144403457642, 0.05850633978843689, 0.0063232798129320145, 0.05651114508509636, 0.004997776821255684, -0.008341221138834953, 1.1015640497207642, 1.7043328473933377, 1.6344723230896534, 1.8998860564552256, 37479.0, 31364.0, 32376.0, 38463.0, 7.9140496253967285, 138.28233337402344, -10.19974136352539, 764.6581420898438, -0.04456596076488495, -2.9836463928222656, 0.30473145842552185, 1.309620976448059, 2.1018314361572266, 1.667724609375, 0.708984375, 16.230926513671875, 1.51611328125
75524, 1.3424221277236938, -1.9242746829986572, 1.1070127487182617, 0.005994701758027077, -0.012852238491177559, 1.1057144403457642, 0.05850633978843689, 0.0063232798129320145, 0.05651114508509636, 0.005026568192988634, -0.00799519196152687, 1.1008868217468262, -1.5179539207425292, 1.8727106353422869, 1.368833034098084, 37059.0, 31269.0, 32789.0, 38807.0, 7.9140496253967285, -13.226590156555176, 13.213593482971191, -325.9833984375, -0.2860768437385559, 1.2029786109924316, 1.1617350578308105, 1.309620976448059, 2.1018314361572266, 1.667724609375, 0.708984375, 16.230926513671875, 1.54248046875
75534, 0.8157447576522827, -1.9214452505111694, 2.8451619148254395, 0.007216243539005518, -0.012735128402709961, 1.1062089204788208, 0.06323866546154022, 0.00571859534829855, -0.01993202418088913, 0.005033866502344608, -0.005051152780652046, 1.1013836860656738, 2.163963665080588, 2.328330942220333, -6.184031293798821, 37059.0, 31269.0, 32789.0, 38807.0, 7.9140496253967285, -174.42379760742188, -21.957189559936523, 485.5173034667969, -0.2860768437385559, 1.2029786109924316, 1.1617350578308105, 1.309620976448059, 2.1018314361572266, 1.667724609375, 0.708984375, 16.230926513671875, 1.563720703125
75564, 0.43563446402549744, -1.8929744958877563, -1.1270906925201416, 0.006195336114615202, -0.01151524018496275, 1.1057088375091553, 0.06562641263008118, 0.007604568265378475, 0.0016284417361021042, 0.005795312579721212, -0.008486106060445309, 1.1004257202148438, 0.4719262272114632, 2.2462036127468252, 2.445455351761387, 38889.0, 30901.0, 31438.0, 36646.0, 7.854546070098877, -34.231990814208984, 1.9164130687713623, -306.9779968261719, 0.7649816870689392, 0.28954339027404785, 2.0397090911865234, 1.309620976448059, 2.1018314361572266, 1.667724609375, 0.708984375, 16.230926513671875, 1.556396484375
75574, 0.37163394689559937, -2.048966646194458, -0.059026818722486496, 0.006851500831544399, -0.01143922284245491, 1.1052312850952148, 0.06549553573131561, 0.009046214632689953, -0.09710264950990677, 0.005605761893093586, -0.00455180648714304, 1.1023125648498535, 2.4700243583050447, 2.5914482746906344, -5.366560422172921, 37528.0, 31040.0, 31518.0, 38124.0, 7.933885097503662, -94.55284118652344, -32.304473876953125, -352.79400634765625, -0.02635081671178341, -0.10908529162406921, 1.56382155418396, 1.309620976448059, 2.1018314361572266, 1.667724609375, 0.708984375, 16.230926513671875, 1.556396484375
75594, 1.2970190048217773, -1.650804042816162, 1.3821038007736206, 0.007547925226390362, -0.011359169147908688, 1.1050304174423218, 0.07425691187381744, 0.0072956630028784275, 0.05690784752368927, 0.006842308212071657, -0.0020237513817846775, 1.1015925407409668, 0.9241742593747478, 2.220777596833699, -6.47826175351772, 37099.0, 31022.0, 33064.0, 38716.0, 7.9140496253967285, -0.49670669436454773, 2.436567544937134, -273.59869384765625, -0.15991105139255524, -2.9803848266601562, 0.3083708882331848, 1.309620976448059, 2.1018314361572266, 1.667724609375, 0.708984375, 16.230926513671875, 1.54541015625
75604, 0.8215840458869934, -1.5473768711090088, 3.0179367065429688, 0.007547925226390362, -0.011359169147908688, 1.1050304174423218, 0.07425691187381744, 0.0072956630028784275, 0.05690784752368927, 0.005254469346255064, -0.0027361921966075897, 1.1050889492034912, 3.4752612675919825, 2.2817258885311276, -3.235007700288231, 36881.0, 30911.0, 33129.0, 38722.0, 7.9140496253967285, -172.32015991210938, -17.478559494018555, 438.7123718261719, -0.15991105139255524, -2.9803848266601562, 0.3083708882331848, 1.309620976448059, 2.1018314361572266, 1.667724609375, 0.708984375, 16.230926513671875, 1.54541015625
75624, -0.47645071148872375, -1.3820204734802246, 3.4199740886688232, 0.00744925532490015, -0.010619357228279114, 1.1050375699996948, 0.07640261203050613, 0.0048265159130096436, 0.008030085824429989, 0.005706209223717451, -0.008231788873672485, 1.1040549278259277, 1.0311799381812394, 2.604459253781471, -0.1545958127474495, 36881.0, 30911.0, 33129.0, 38722.0, 7.933885097503662, -55.02546310424805, 14.331029891967773, -308.7601013183594, 0.1593281626701355, 0.5398761630058289, -0.7451999187469482, 1.309620976448059, 2.1018314361572266, 1.667724609375, 0.708984375, 16.230926513671875, 1.509521484375
75634, 0.3288307189941406, -1.582947015762329, -0.9209693074226379, 0.0082281194627285, -0.010559456422924995, 1.1051886081695557, 0.07931966334581375, 0.00701436260715127, 0.022219162434339523, 0.0059650130569934845, -0.003581210970878601, 1.1021157503128052, 3.4553572734370928, 1.789118836164846, -8.204169234519755, 38587.0, 30655.0, 30680.0, 36915.0, 7.8942155838012695, 131.46563720703125, -30.649845123291016, -99.04608917236328, 0.7243861556053162, 0.5430017709732056, 1.807361125946045, 1.309620976448059, 2.1018314361572266, 1.667724609375, 0.708984375, 16.230926513671875, 1.509521484375
75704, 0.3289559781551361, -1.3735759258270264, -0.8050957918167114, 0.010280842892825603, -0.010239645838737488, 1.1047685146331787, 0.08700505644083023, 0.0028646928258240223, 0.006288143806159496, 0.004519806243479252, -0.0030795405618846416, 1.1049695014953613, 4.6546848761379875, 2.321052004127182, -1.307648081971817, 38565.0, 30792.0, 30803.0, 36955.0, 7.854546070098877, -154.406982421875, -2.746488094329834, 528.4505615234375, 0.0701950266957283, 0.7008006572723389, -0.7693432569503784, 1.309620976448059, 2.1018314361572266, 1.667724609375, 1.96435546875, 1.8510894775390625, 1.5322265625
75734, 1.3621529340744019, -1.114917516708374, 1.9594520330429077, 0.011049690656363964, -0.00950818881392479, 1.1039705276489258, 0.08986379951238632, 0.0049626873806118965, 0.03942064195871353, 0.004170656204223633, -0.0038756486028432846, 1.1043168306350708, 2.194705775006479, 2.2889394980298903, -7.191726026209091, 37102.0, 31143.0, 32936.0, 38815.0, 7.933885097503662, -13.724698066711426, -7.879007339477539, -386.881591796875, 0.057529475539922714, -2.637861490249634, 0.06599293649196625, 1.309620976448059, 2.1018314361572266, 1.667724609375, 1.96435546875, 1.8510894775390625, 1.53955078125
75744, 0.998195469379425, -1.0937259197235107, 2.519209146499634, 0.011049690656363964, -0.00950818881392479, 1.1039705276489258, 0.08986379951238632, 0.0049626873806118965, 0.03942064195871353, 0.0054158358834683895, -0.0035265192855149508, 1.1049110889434814, 2.864063668190852, 1.8246733995387387, -7.619675905686769, 36949.0, 30791.0, 33048.0, 38849.0, 7.933885097503662, -145.43101501464844, 5.105096817016602, 520.9230346679688, 0.057529475539922714, -2.637861490249634, 0.06599293649196625, 1.309620976448059, 2.1018314361572266, 1.667724609375, 1.96435546875, 1.8510894775390625, 1.53955078125
75794, 0.6795030236244202, -1.0319124460220337, -1.4249062538146973, 0.01378862839192152, -0.008278761990368366, 1.1024593114852905, 0.09375034272670746, 0.005299820564687252, 0.009960399009287357, 0.003018699586391449, -0.003772532567381859, 1.104608178138733, 2.1123047238692805, 2.1331438019562086, -7.508413195111719, 37586.0, 31096.0, 32416.0, 38578.0, 7.933885097503662, 146.03953552246094, -34.15898132324219, -229.91146850585938, 0.20820339024066925, -2.389758348464966, -0.028772849589586258, 1.309620976448059, 2.1018314361572266, 1.667724609375, 1.612060546875, 0.4459686279296875, 1.56005859375
75844, 0.37248334288597107, -0.9003869891166687, -0.4888148009777069, 0.014393721707165241, -0.007657936308532953, 1.102095127105713, 0.09179530292749405, 0.001392484875395894, -0.023047789931297302, 0.0020488579757511616, -0.005038101226091385, 1.1056073904037476, 2.446949452609591, 2.369582233856562, -4.066638037211829, 38884.0, 30524.0, 31264.0, 37181.0, 7.874380588531494, 146.03953552246094, -34.15898132324219, -229.91146850585938, 0.060045599937438965, 0.5498409271240234, -0.6578288078308105, 1.309620976448059, 2.1018314361572266, 1.667724609375, 1.612060546875, 0.4459686279296875, 1.518310546875
75854, 0.7728101015090942, -1.052740454673767, 0.321612149477005, 0.014393721707165241, -0.007657936308532953, 1.102095127105713, 0.09179530292749405, 0.001392484875395894, -0.023047789931297302, 0.0020424099639058113, -0.0036987513303756714, 1.1046730279922485, 2.0020868358170563, 2.0383715347024065, -6.9809793288359225, 38884.0, 30524.0, 31264.0, 37181.0, 7.874380588531494, -74.1175765991211, -9.68637752532959, -139.73162841796875, 0.060045599937438965, 0.5498409271240234, -0.6578288078308105, 1.309620976448059, 2.1018314361572266, 1.667724609375, 1.612060546875, 0.4459686279296875, 1.522705078125
75964, -0.6164791584014893, -0.5675048828125, 3.707367181777954, 0.017810368910431862, -0.007231665309518576, 1.1017937660217285, 0.08972224593162537, -0.004185084719210863, 0.06695036590099335, 0.00011858443031087518, -0.004641057923436165, 1.1064964532852173, 2.1501061904655216, 2.0099547923009595, -3.268955195244883, 37447.0, 30575.0, 32465.0, 38193.0, 7.8942155838012695, -119.89822387695312, 38.475921630859375, -420.0739440917969, 0.39798930287361145, 1.8606168031692505, 0.8633244633674622, 1.309620976448059, 2.1018314361572266, 1.667724609375, 1.612060546875, 0.4459686279296875, 1.5263671875
75984, 0.5023705363273621, -0.6654072999954224, -0.49852436780929565, 0.01755717024207115, -0.0063080377876758575, 1.1026732921600342, 0.08317367732524872, -0.004289284814149141, 0.0550423339009285, 0.0002655222197063267, -0.000644889660179615, 1.1042650938034058, 0.20837047392703373, 1.9271331789503279, -6.463939724223946, 38727.0, 30717.0, 31571.0, 36866.0, 7.8942155838012695, 152.2567596435547, -31.00305938720703, -246.2296600341797, 0.39798930287361145, 1.8606168031692505, 0.8633244633674622, 1.309620976448059, 2.1018314361572266, 1.667724609375, 1.612060546875, 0.4459686279296875, 1.50732421875
76064, 0.752861738204956, -0.8784396648406982, 0.4602751135826111, 0.02019181288778782, -0.0062831854447722435, 1.1043983697891235, 0.07931998372077942, -0.007530451286584139, -0.06091742962598801, -0.0004535522311925888, -0.0031852703541517258, 1.1058295965194702, 2.750275189498189, 1.5835766061929633, -5.8064683267860016, 38727.0, 30717.0, 31571.0, 36866.0, 7.9140496253967285, 147.01873779296875, 30.870620727539062, 801.7841186523438, 0.6483240127563477, 0.9942534565925598, 1.4085407257080078, 1.1498918533325195, 1.8778324127197266, 1.6494140625, 1.612060546875, 0.4459686279296875, 1.564453125
76084, 1.3946701288223267, -0.5387892127037048, 2.1076436042785645, 0.02019181288778782, -0.0062831854447722435, 1.1043983697891235, 0.07931998372077942, -0.007530451286584139, -0.06091742962598801, -0.0005159147549420595, -0.0063600726425647736, 1.1053398847579956, 1.6613270946620096, 1.1306024201317086, 2.5333438063390243, 38727.0, 30717.0, 31571.0, 36866.0, 7.9140496253967285, 3.3770484924316406, -14.903388977050781, -293.37353515625, 0.39215853810310364, -2.1324148178100586, -0.22964045405387878, 1.1498918533325195, 1.8778324127197266, 1.6494140625, 1.1337890625, 0.890838623046875, 1.531494140625
76094, 1.248731017112732, -0.587705671787262, 1.752103328704834, 0.02019181288778782, -0.0062831854447722435, 1.1043983697891235, 0.07931998372077942, -0.007530451286584139, -0.06091742962598801, -0.0007357001304626465, -0.007182220928370953, 1.1040284633636475, -0.3881427731697489, 1.2533359229076382, 2.5875698637103914, 38727.0, 30717.0, 31571.0, 36866.0, 7.9140496253967285, -80.6366958618164, 1.8277676105499268, 445.148681640625, 0.39215853810310364, -2.1324148178100586, -0.22964045405387878, 1.1498918533325195, 1.8778324127197266, 1.6494140625, 1.1337890625, 0.890838623046875, 1.51171875
76104, -0.6166200041770935, -0.5522798895835876, 3.9549922943115234, 0.02019181288778782, -0.0062831854447722435, 1.1043983697891235, 0.07931998372077942, -0.007530451286584139, -0.06091742962598801, -0.0009237206541001797, -0.007332891225814819, 1.1068296432495117, 0.9849798414743854, 1.7728209250012696, -0.21445926240850743, 38727.0, 30717.0, 31571.0, 36866.0, 7.9140496253967285, -212.4191131591797, 34.482566833496094, -280.6274719238281, 0.39215853810310364, -2.1324148178100586, -0.22964045405387878, 1.1498918533325195, 1.8778324127197266, 1.6494140625, 1.1337890625, 0.890838623046875, 1.513916015625
76114, -0.565836489200592, -0.4441957473754883, 3.19466495513916, 0.02019181288778782, -0.0062831854447722435, 1.1043983697891235, 0.07931998372077942, -0.007530451286584139, -0.06091742962598801, -0.0010180167155340314, -0.00462573766708374, 1.1075180768966675, 2.0742063550075787, 1.7902669691061703, -2.899400790492721, 38727.0, 30717.0, 31571.0, 36866.0, 7.9140496253967285, 86.19324493408203, 5.226988315582275, 130.33607482910156, 0.39215853810310364, -2.1324148178100586, -0.22964045405387878, 1.1498918533325195, 1.8778324127197266, 1.6494140625, 1.1337890625, 0.890838623046875, 1.524169921875
76124, 0.10483618825674057, -0.7882483005523682, -0.12118236720561981, 0.02019181288778782, -0.0062831854447722435, 1.1043983697891235, 0.07931998372077942, -0.007530451286584139, -0.06091742962598801, -0.001335933804512024, -0.0026316512376070023, 1.1054025888442993, 2.3207584132290284, 1.466148243146847, -7.349605479735432, 38727.0, 30717.0, 31571.0, 36866.0, 7.9140496253967285, 86.19324493408203, 5.226988315582275, 130.33607482910156, 0.5220347046852112, 1.1179548501968384, 1.0372800827026367, 1.1498918533325195, 1.8778324127197266, 1.6494140625, 1.1337890625, 0.890838623046875, 1.557861328125
76154, 1.3246655464172363, -0.6766160726547241, 2.7336134910583496, 0.018782079219818115, -0.006871385034173727, 1.1058677434921265, 0.0699254497885704, -0.01357602421194315, 0.08962426334619522, -0.0015093162655830383, -0.0023146942257881165, 1.1088464260101318, 3.1476109914618577, 1.257201167635344, -3.5416701540826234, 38727.0, 30717.0, 31571.0, 36866.0, 7.9140496253967285, 86.19324493408203, 5.226988315582275, 130.33607482910156, -0.44015204906463623, -1.3630636930465698, 0.7154219746589661, 1.1498918533325195, 1.8778324127197266, 1.6494140625, 1.1337890625, 0.890838623046875, 1.557861328125
76164, 1.1471511125564575, -0.6991530656814575, 1.494758129119873, 0.018782079219818115, -0.006871385034173727, 1.1058677434921265, 0.0699254497885704, -0.01357602421194315, 0.08962426334619522, -0.0006013025995343924, -0.00457940436899662, 1.106218695640564, 2.6472073376601943, 1.068745162748229, 1.206944900146511, 36689.0, 30730.0, 33101.0, 38566.0, 7.874380588531494, 86.19324493408203, 5.226988315582275, 130.33607482910156, 0.5261374115943909, 2.149493932723999, 0.9666459560394287, 1.1498918533325195, 1.8778324127197266, 1.6494140625, 1.1337890625, 0.890838623046875, 1.557861328125
76184, -0.7519633173942566, -0.5645096302032471, 3.061746835708618, 0.020909789949655533, -0.007293569855391979, 1.106359839439392, 0.07272151857614517, -0.016448982059955597, -0.009597505442798138, -0.0008447209256701171, -0.006249483674764633, 1.1063307523727417, -1.6040857400070812, 1.2414896012010672, 1.9735610899232232, 37032.0, 30630.0, 32498.0, 38106.0, 7.9537200927734375, 86.19324493408203, 5.226988315582275, 130.33607482910156, 0.15595532953739166, 1.2341049909591675, 1.8068848848342896, 1.1498918533325195, 1.8778324127197266, 1.6494140625, 1.1337890625, 0.890838623046875, 1.557861328125
76204, 0.6457127332687378, -0.9589347243309021, 0.25968724489212036, 0.01785523258149624, -0.006536444183439016, 1.1061238050460815, 0.06137773394584656, -0.010871108621358871, -0.072878398001194, -0.0011775139719247818, -0.003030434250831604, 1.1071105003356934, 2.155207902232484, 1.348748115935166, -7.368158163185538, 38582.0, 30739.0, 30482.0, 36657.0, 7.874380588531494, 86.19324493408203, 5.226988315582275, 130.33607482910156, 0.24948225915431976, 1.346030354499817, 0.631523847579956, 1.1498918533325195, 1.8778324127197266, 1.6494140625, 1.1337890625, 0.890838623046875, 1.530029296875
76214, 0.1712409406900406, -0.760541558265686, -2.2490179538726807, 0.01785523258149624, -0.006536444183439016, 1.1061238050460815, 0.06137773394584656, -0.010871108621358871, -0.072878398001194, 0.0005746308597736061, -0.003032150911167264, 1.1081876754760742, 2.8781002821089086, 0.8991246862761102, -8.327073872421021, 37254.0, 31192.0, 31650.0, 38263.0, 7.874380588531494, 54.00294494628906, -34.76897430419922, -162.833251953125, 0.24948225915431976, 1.346030354499817, 0.631523847579956, 1.1498918533325195, 1.8778324127197266, 1.6494140625, 1.1337890625, 0.890838623046875, 1.530029296875
76224, 1.2491998672485352, -0.7886685132980347, 2.8945631980895996, 0.01785523258149624, -0.006536444183439016, 1.1061238050460815, 0.06137773394584656, -0.010871108621358871, -0.072878398001194, -0.00028084556106477976, -0.0011271936818957329, 1.1079444885253906, -0.21195286639153013, 2.0171227847899615, -7.328861187647036, 37254.0, 31192.0, 31650.0, 38263.0, 7.874380588531494, 18.740381240844727, -9.542140007019043, -39.20528030395508, 0.24948225915431976, 1.346030354499817, 0.631523847579956, 1.1498918533325195, 1.8778324127197266, 1.6494140625, 1.1337890625, 0.890838623046875, 1.522705078125
76264, -0.20749753713607788, -0.901437520980835, 0.7835320234298706, 0.01737077161669731, -0.006744752172380686, 1.1062757968902588, 0.06006818264722824, -0.012088952586054802, 0.05962888523936272, -0.00021049287170171738, -0.007245310116559267, 1.1102465391159058, 1.144673731166994, 1.67402570376197, -0.4764225963509556, 37254.0, 31192.0, 31650.0, 38263.0, 7.9140496253967285, 18.740381240844727, -9.542140007019043, -39.20528030395508, 0.22663697600364685, 1.3603246212005615, 0.1546889841556549, 1.1498918533325195, 1.8778324127197266, 1.6494140625, 1.1337890625, 0.890838623046875, 1.53515625
76324, -0.767779529094696, -0.8443330526351929, 2.6767945289611816, 0.015582825057208538, -0.007014716509729624, 1.1061545610427856, 0.05382063612341881, -0.010858425870537758, 0.004380802623927593, 0.00018961261957883835, -0.0033590886741876602, 1.1120357513427734, 3.155958050201209, 1.7982187690997193, -4.397556186339552, 37884.0, 30656.0, 31958.0, 37484.0, 7.874380588531494, 93.5172348022461, -50.64054489135742, 107.86616516113281, -0.20500653982162476, 1.8092323541641235, 1.2859952449798584, 1.1498918533325195, 1.8778324127197266, 1.6494140625, 1.1337890625, 0.890838623046875, 1.53515625
76354, 0.3840620517730713, -1.1376391649246216, -1.5363502502441406, 0.015582825057208538, -0.007014716509729624, 1.1061545610427856, 0.05382063612341881, -0.010858425870537758, 0.004380802623927593, 0.0003936551511287689, -0.007789975497871637, 1.1110825538635254, 0.7051414211954209, 1.7445311525308966, 2.733662779516069, 38642.0, 30480.0, 30800.0, 36734.0, 7.9140496253967285, -17.438156127929688, -62.582847595214844, -467.33917236328125, -0.20500653982162476, 1.8092323541641235, 1.2859952449798584, 1.1498918533325195, 1.8778324127197266, 1.6494140625, 1.1337890625, 0.890838623046875, 1.53515625
76424, 0.41679778695106506, -1.4147655963897705, -1.476503849029541, 0.01692788302898407, -0.007598754018545151, 1.1053857803344727, 0.06074496731162071, -0.01573692075908184, 0.03310999274253845, 0.0017653534887358546, -0.002901752246543765, 1.1128712892532349, 2.8093370460730704, 1.214898055062065, -8.261542804772244, 38642.0, 30480.0, 30800.0, 36734.0, 7.8942155838012695, -17.438156127929688, -62.582847595214844, -467.33917236328125, 0.8414056897163391, -0.09386032074689865, 0.4609125852584839, 1.1498918533325195, 1.8778324127197266, 1.6494140625, 2.209716796875, 5.670654296875, 1.51171875
76434, 1.489181637763977, -1.2851966619491577, 2.6591625213623047, 0.01692788302898407, -0.007598754018545151, 1.1053857803344727, 0.06074496731162071, -0.01573692075908184, 0.03310999274253845, 0.0025757597759366035, -0.0035235388204455376, 1.1137404441833496, 2.9442054273286455, 1.443022204945521, -7.729389873871693, 37510.0, 31259.0, 32676.0, 38692.0, 7.933885097503662, -17.438156127929688, -62.582847595214844, -467.33917236328125, -0.5682576894760132, -3.021484851837158, 0.4887228310108185, 1.1498918533325195, 1.8778324127197266, 1.6494140625, 2.209716796875, 5.670654296875, 1.51171875
76444, 1.4083354473114014, -1.2971111536026, 0.7616783976554871, 0.01692788302898407, -0.007598754018545151, 1.1053857803344727, 0.06074496731162071, -0.01573692075908184, 0.03310999274253845, 0.0023162616416811943, -0.004424837417900562, 1.113898515701294, 2.0485761289273015, 1.6703774453947915, -7.232019926880234, 37148.0, 30906.0, 33108.0, 39021.0, 7.9140496253967285, -17.438156127929688, -62.582847595214844, -467.33917236328125, -0.5682576894760132, -3.021484851837158, 0.4887228310108185, 1.1498918533325195, 1.8778324127197266, 1.6494140625, 2.209716796875, 5.670654296875, 1.51171875
76484, 0.9184483289718628, -1.3732534646987915, -0.7473949790000916, 0.015935035422444344, -0.006901934742927551, 1.1034414768218994, 0.06109919771552086, -0.01555115170776844, -0.04368993267416954, 0.0013517581392079592, -0.0037007927894592285, 1.1145837306976318, 3.9002968084771212, 1.9421310476728024, -0.10930085650370903, 37122.0, 30645.0, 32780.0, 38964.0, 7.9140496253967285, 50.99577331542969, 62.567237854003906, -495.89886474609375, 0.20582588016986847, -0.6676661968231201, 2.5916922092437744, 1.136838674545288, 1.1699962615966797, 1.591552734375, 2.209716796875, 5.670654296875, 1.53076171875
76524, 0.36576446890830994, -1.2843326330184937, 4.532578468322754, 0.011384031735360622, -0.00618467153981328, 1.1025798320770264, 0.0531218945980072, -0.012514370493590832, -0.05212416872382164, 0.002108852844685316, -0.005950955208390951, 1.115342140197754, -1.7820012013176594, 1.7626639479630057, 0.7841671541825278, 37122.0, 30645.0, 32780.0, 38964.0, 7.9140496253967285, 50.99577331542969, 62.567237854003906, -495.89886474609375, -0.3793330490589142, 1.9312790632247925, 0.905473530292511, 1.136838674545288, 1.1699962615966797, 1.591552734375, 2.209716796875, 5.670654296875, 1.50732421875
76534, -0.9301902055740356, -1.3986835479736328, 2.7927255630493164, 0.011384031735360622, -0.00618467153981328, 1.1025798320770264, 0.0531218945980072, -0.012514370493590832, -0.05212416872382164, 0.00200097169727087, -0.006418799981474876, 1.1166660785675049, 1.84693840931247, 2.3969018337202783, -2.1079574909177334, 38252.0, 30950.0, 32097.0, 38077.0, 7.9140496253967285, 50.99577331542969, 62.567237854003906, -495.89886474609375, -0.08713164925575256, -0.6221897602081299, 1.2366292476654053, 1.136838674545288, 1.1699962615966797, 1.591552734375, 2.209716796875, 5.670654296875, 1.50732421875
76544, -0.22570697963237762, -1.4844176769256592, 2.2201297283172607, 0.011384031735360622, -0.00618467153981328, 1.1025798320770264, 0.0531218945980072, -0.012514370493590832, -0.05212416872382164, 0.0018487400375306606, -0.005482408218085766, 1.1168766021728516, 2.2955619510994376, 2.4763550159902934, -3.5386292674047053, 38252.0, 30950.0, 32097.0, 38077.0, 7.9537200927734375, 50.99577331542969, 62.567237854003906, -495.89886474609375, 0.15287832915782928, 1.0924217700958252, -0.4111960232257843, 1.136838674545288, 1.1699962615966797, 1.591552734375, 2.209716796875, 5.670654296875, 1.50732421875
76574, 1.3377015590667725, -1.5216412544250488, 2.59389066696167, 0.010678056627511978, -0.006507982034236193, 1.1017776727676392, 0.059237029403448105, -0.01346508227288723, 0.07145436853170395, 0.0031851427629590034, -0.004503084346652031, 1.1166021823883057, 1.360942116250247, 2.171935251513702, -6.584505127063446, 37794.0, 31304.0, 32220.0, 38871.0, 7.9140496253967285, -50.661399841308594, -57.71475601196289, -517.1824951171875, -0.5834449529647827, -3.139807939529419, 0.5395538210868835, 1.136838674545288, 1.1699962615966797, 1.591552734375, 2.209716796875, 5.670654296875, 1.50732421875
76684, -0.29328957200050354, -1.414373517036438, 1.75981605052948, 0.012798640877008438, -0.006555226165801287, 1.102486491203308, 0.07057459652423859, -0.012119513936340809, -0.024226246401667595, 0.0024822563864290714, -0.004737798124551773, 1.1199334859848022, 2.8657621245828055, 2.224923442587709, -4.823854777150688, 38973.0, 30868.0, 31123.0, 36835.0, 7.874380588531494, -209.2416229248047, -34.351627349853516, 364.774169921875, 0.19228404760360718, 1.1903923749923706, -0.11629167199134827, 1.136838674545288, 1.1699962615966797, 1.591552734375, 2.149658203125, 4.288177490234375, 1.5205078125
76694, 0.751127302646637, -1.4957441091537476, -0.10140778869390488, 0.011414806358516216, -0.005989531986415386, 1.1039068698883057, 0.0675598606467247, -0.009312128648161888, -0.05726204067468643, 0.002570691052824259, -0.004784560762345791, 1.1183907985687256, 3.325715401356236, 2.1024171149981328, 0.5818873948439601, 38973.0, 30868.0, 31123.0, 36835.0, 7.8942155838012695, 27.391427993774414, 50.841312408447266, 271.89300537109375, -0.03756464272737503, -0.9915475249290466, 2.857897996902466, 1.136838674545288, 1.1699962615966797, 1.591552734375, 2.149658203125, 4.288177490234375, 1.540283203125
76704, 0.15164239704608917, -1.4446539878845215, -1.5571256875991821, 0.0121023990213871, -0.006079779006540775, 1.1033328771591187, 0.06999549269676208, -0.008821441791951656, -0.057520270347595215, 0.003084378782659769, -0.007302185986191034, 1.1186435222625732, -1.3631485430004657, 1.9101305626652731, 0.9867418640736905, 38973.0, 30868.0, 31123.0, 36835.0, 7.9140496253967285, -29.449499130249023, -69.7260513305664, -520.5765991210938, 1.1280642747879028, -0.4848814010620117, 0.3202500641345978, 1.136838674545288, 1.1699962615966797, 1.591552734375, 2.149658203125, 4.288177490234375, 1.51904296875
76764, 0.7633782625198364, -1.2267180681228638, -0.36300745606422424, 0.01316532026976347, -0.0064101628959178925, 1.1060125827789307, 0.0752229243516922, -0.009777969680726528, -0.04256237670779228, 0.0012827717000618577, -0.008738621138036251, 1.1189451217651367, 0.9725159117888197, 2.900456422348924, 2.191446506823818, 38712.0, 30506.0, 30788.0, 36644.0, 7.874380588531494, 28.940839767456055, 52.09278869628906, 227.5465087890625, -0.02033824659883976, -0.980495274066925, 2.69307541847229, 1.1366678476333618, 1.4298343658447266, 1.61279296875, 2.1650390625, 4.6071014404296875, 1.5205078125
76774, 0.2843399941921234, -1.1714898347854614, -1.6611440181732178, 0.013925952836871147, -0.006505316589027643, 1.1055090427398682, 0.07693399488925934, -0.00901831779628992, -0.05811180919408798, 0.0021851721685379744, -0.0060951728373765945, 1.1218512058258057, 1.9175174294812374, 2.7058259972328074, -3.2569282437319007, 37308.0, 30934.0, 31314.0, 38123.0, 7.9140496253967285, -27.64434242248535, -71.97359466552734, -512.0826416015625, 1.040026307106018, -0.3116157352924347, 0.4950791597366333, 1.1366678476333618, 1.4298343658447266, 1.61279296875, 2.1650390625, 4.6071014404296875, 1.5205078125
76784, 1.3333619832992554, -1.048831582069397, 2.6689651012420654, 0.011452089063823223, -0.006630667019635439, 1.1073527336120605, 0.07358057796955109, -0.011301572434604168, 0.10229300707578659, 0.0023698238655924797, -0.0030156162101775408, 1.1197795867919922, 2.7268790192002323, 1.6463829233897798, -7.811187470019747, 37184.0, 31048.0, 32611.0, 38395.0, 7.933885097503662, 63.551849365234375, -14.765217781066895, 433.6661682128906, -0.651084303855896, -3.031601667404175, 0.5566156506538391, 1.1415611505508423, 0.6413593292236328, 1.54833984375, 2.1650390625, 4.6071014404296875, 1.5205078125
76794, 1.1911418437957764, -1.0308783054351807, 0.4384331703186035, 0.01219002902507782, -0.006744266953319311, 1.1079903841018677, 0.07425309717655182, -0.009986775927245617, 0.025205248966813087, 0.0012573329731822014, -0.003144192509353161, 1.1215001344680786, 3.2180137257789916, 2.4044379486423395, -3.043613245915897, 36749.0, 30910.0, 33089.0, 38644.0, 7.874380588531494, -16.627614974975586, 6.879793167114258, -108.04833984375, -0.08334174007177353, 1.95884370803833, 1.3904380798339844, 1.1415611505508423, 0.6413593292236328, 1.54833984375, 2.288818359375, 8.13555908203125, 1.5205078125
76804, 0.20822136104106903, -0.8791170120239258, 4.634901523590088, 0.012939541600644588, -0.00685220817103982, 1.1081123352050781, 0.07564891129732132, -0.011728267185389996, -0.0008148454944603145, 0.0016427570953965187, -0.007694850210100412, 1.1192353963851929, -0.4063192620992837, 1.8218206621760658, 1.6202425570786134, 36749.0, 30910.0, 33089.0, 38644.0, 7.9140496253967285, -194.45687866210938, -39.21866226196289, 321.0452880859375, -0.369657963514328, 1.7925641536712646, 0.8546237945556641, 1.1415611505508423, 0.6413593292236328, 1.54833984375, 1.918212890625, 1.5281829833984375, 1.590087890625
76814, -0.9708057641983032, -0.9089601635932922, 2.578871726989746, 0.01370601262897253, -0.0069808498956263065, 1.108163595199585, 0.07796498388051987, -0.013671527616679668, 0.011152178049087524, 0.001665458781644702, -0.002460470423102379, 1.118456482887268, 0.6222166915191186, 1.7541238768590404, -6.510788638586481, 37644.0, 30562.0, 32137.0, 37382.0, 7.9537200927734375, 62.33686065673828, -45.39201354980469, 16.10386848449707, -0.11214067786931992, -0.3942576050758362, 1.125001072883606, 1.1415611505508423, 0.6413593292236328, 1.54833984375, 1.918212890625, 1.5281829833984375, 1.590087890625
76824, -0.36632901430130005, -0.8760421872138977, 2.036564588546753, 0.014497553929686546, -0.007119382731616497, 1.1085474491119385, 0.08035171777009964, -0.013012143783271313, 0.06560011953115463, 0.0010299414861947298, -0.0011416752822697163, 1.1195474863052368, 0.28504613260658185, 2.3642836735793935, -5.264198464551651, 38509.0, 30550.0, 30958.0, 36452.0, 7.854546070098877, 62.33686065673828, -45.39201354980469, 16.10386848449707, 0.16707757115364075, 1.2149627208709717, -0.3621072471141815, 1.2004402875900269, 0.6323986053466797, 1.547607421875, 1.918212890625, 1.5281829833984375, 1.535888671875
76834, 0.6996223330497742, -0.9109503626823425, -0.326009601354599, 0.012188066728413105, -0.006457652896642685, 1.1101683378219604, 0.07206396013498306, -0.009855585172772408, -0.02816665917634964, 0.0005344203673303127, -0.005630676634609699, 1.1202298402786255, 1.9259875036510459, 1.7411500177972243, 1.8036118995937611, 38097.0, 30740.0, 30664.0, 36779.0, 7.9140496253967285, 62.33686065673828, -45.39201354980469, 16.10386848449707, 0.16178883612155914, -0.738148033618927, 2.441878318786621, 1.2076414823532104, 1.7434329986572266, 1.638427734375, 1.918212890625, 1.5281829833984375, 1.5087890625
76864, 1.1738841533660889, -0.8219294548034668, 0.7004597783088684, 0.014440055936574936, -0.0067667532712221146, 1.1104693412780762, 0.07782506942749023, -0.009453714825212955, 0.012402229011058807, -0.00011670507956296206, -0.002703601960092783, 1.1189854145050049, 3.918973634905126, 1.5820034566804395, -7.751860732119786, 37149.0, 30879.0, 31179.0, 37840.0, 7.933885097503662, 88.88729858398438, -13.553187370300293, 608.6192626953125, -0.1366375833749771, 1.6904288530349731, 1.3255666494369507, 1.145186424255371, 0.06792068481445312, 1.50146484375, 1.918212890625, 1.5281829833984375, 1.541748046875
76874, 0.3259061276912689, -0.6733055114746094, 4.222135543823242, 0.015223830938339233, -0.00686811376363039, 1.1104425191879272, 0.0789567157626152, -0.01087003480643034, -0.017767807468771935, -0.0009052921086549759, -0.0031368806958198547, 1.121164083480835, 2.8583721064878014, 2.156473112967234, -4.546816335408422, 37149.0, 30879.0, 31179.0, 37840.0, 7.8942155838012695, 88.88729858398438, -13.553187370300293, 608.6192626953125, -0.18544304370880127, 1.6860785484313965, 0.7248706817626953, 1.145186424255371, 0.06792068481445312, 1.50146484375, 1.918212890625, 1.5281829833984375, 1.58056640625
76884, -1.1128209829330444, -0.7242292761802673, 2.4707303047180176, 0.012655078433454037, -0.0063115572556853294, 1.1118309497833252, 0.07173116505146027, -0.011027928441762924, -0.0012501885648816824, -0.0011536742094904184, -0.002081320621073246, 1.1200549602508545, 4.985743523067022, 1.9161266979889149, -0.7324904359162551, 37149.0, 30879.0, 31179.0, 37840.0, 7.933885097503662, 88.88729858398438, -13.553187370300293, 608.6192626953125, 0.01852896437048912, -0.06770773231983185, 1.58741295337677, 1.145186424255371, 0.06792068481445312, 1.50146484375, 1.918212890625, 1.5281829833984375, 1.560791015625
76904, 0.5029271841049194, -0.737665593624115, -0.6247055530548096, 0.014116629958152771, -0.006529504433274269, 1.1120628118515015, 0.07380816340446472, -0.009434914216399193, -0.026910319924354553, -0.0014401029329746962, -0.006875558756291866, 1.1186751127243042, 4.113182727540653, 2.2494289255210447, -2.871950973727798, 38272.0, 30555.0, 30503.0, 36619.0, 7.874380588531494, 92.53246307373047, -0.9524790048599243, 78.47091674804688, 0.4615747630596161, -0.285704642534256, 1.9652920961380005, 1.145186424255371, 0.06792068481445312, 1.50146484375, 1.918212890625, 1.5281829833984375, 1.560791015625
76914, 0.2769998610019684, -0.972199022769928, -0.39739900827407837, 0.014856516383588314, -0.00662235589697957, 1.1114593744277954, 0.07423529773950577, -0.00798278208822012, -0.0937381163239479, -0.001192432246170938, -0.0013170863967388868, 1.1175446510314941, 2.443280717052176, 1.4350508749456878, -7.657764806707606, 38272.0, 30555.0, 30503.0, 36619.0, 7.9140496253967285, -54.50370407104492, -33.710289001464844, -472.7520446777344, 0.0949135348200798, -0.027611950412392616, 1.414730429649353, 1.145186424255371, 0.06792068481445312, 1.50146484375, 1.918212890625, 1.5281829833984375, 1.53369140625
76924, 0.9794531464576721, -0.8375972509384155, 1.755700707435608, 0.015615045092999935, -0.00671347277238965, 1.1112972497940063, 0.07811879366636276, -0.009619343094527721, 0.061311978846788406, -0.0023469440639019012, -0.0023243986070156097, 1.1196937561035156, 2.990181060766121, 2.040620305771796, -4.8127846094701505, 38272.0, 30555.0, 30503.0, 36619.0, 7.9140496253967285, 118.56034851074219, 15.144516944885254, 868.0938720703125, 0.0949135348200798, -0.027611950412392616, 1.414730429649353, 1.145186424255371, 0.06792068481445312, 1.50146484375, 1.918212890625, 1.5281829833984375, 1.56884765625
76934, 1.0989497900009155, -0.7182498574256897, 1.080747127532959, 0.013017740100622177, -0.006779736373573542, 1.11314058303833, 0.0699140727519989, -0.009061836637556553, 0.011031903326511383, -0.0022546593099832535, -0.003274050075560808, 1.117483377456665, 2.726178723583371, 1.7252724081266422, 1.277635592562981, 38272.0, 30555.0, 30503.0, 36619.0, 7.874380588531494, 118.56034851074219, 15.144516944885254, 868.0938720703125, -0.1382075846195221, 1.1021366119384766, 1.1797722578048706, 1.145186424255371, 0.06792068481445312, 1.50146484375, 1.918212890625, 1.5281829833984375, 1.55419921875
76944, 0.49688273668289185, -0.7070092558860779, 3.6737473011016846, 0.013017740100622177, -0.006779736373573542, 1.11314058303833, 0.0699140727519989, -0.009061836637556553, 0.011031903326511383, -0.0022777405101805925, -0.004991738125681877, 1.1167176961898804, -0.6981521732220397, 1.7262135873860416, 1.2211131869178042, 36671.0, 31015.0, 32489.0, 38456.0, 7.9140496253967285, 118.56034851074219, 15.144516944885254, 868.0938720703125, 0.05230976641178131, 1.6175055503845215, 0.7466250061988831, 1.145186424255371, 0.06792068481445312, 1.50146484375, 1.918212890625, 1.5281829833984375, 1.55419921875
76994, 0.8580493330955505, -0.7897931337356567, 0.7577391266822815, 0.013929104432463646, -0.007213511038571596, 1.1135369539260864, 0.0696461871266365, -0.009853152558207512, 0.04908444359898567, -0.003699480090290308, -0.002706151455640793, 1.1149319410324097, 2.8127498300002043, 1.7647998680285468, 1.5157580350865338, 37129.0, 31049.0, 32109.0, 38193.0, 7.933885097503662, -28.38655662536621, 6.184859752655029, -328.5791931152344, 0.03996611759066582, -2.6534595489501953, 0.11140822619199753, 1.145186424255371, 0.06792068481445312, 1.50146484375, 1.44140625, 0.0914459228515625, 1.541748046875
77024, -1.0744132995605469, -0.7583340406417847, 2.8801817893981934, 0.015346178784966469, -0.0074194264598190784, 1.113970398902893, 0.07181771099567413, -0.010574587620794773, -0.021580826491117477, -0.004466883838176727, -0.002996304538100958, 1.1144999265670776, 2.401857634001711, 2.3649215756326782, -4.326935377034594, 37079.0, 30574.0, 32144.0, 37765.0, 7.933885097503662, -27.77631187438965, 0.705788254737854, -452.0998840332031, 0.25101402401924133, 1.7259105443954468, 0.8244177103042603, 1.145186424255371, 0.06792068481445312, 1.50146484375, 1.44140625, 0.0914459228515625, 1.541748046875
77044, 0.19497805833816528, -0.7650446891784668, -0.7053757905960083, 0.01380282174795866, -0.006691846065223217, 1.1153440475463867, 0.0659705400466919, -0.008507922291755676, 0.017959747463464737, -0.004086843226104975, -0.00029771821573376656, 1.1132612228393555, 3.0999288264925706, 1.5919272757357987, -6.328684920762683, 38310.0, 30668.0, 31248.0, 36521.0, 7.933885097503662, 141.54116821289062, -31.751724243164062, -180.87599182128906, 0.25101402401924133, 1.7259105443954468, 0.8244177103042603, 1.145186424255371, 0.06792068481445312, 1.50146484375, 1.32861328125, 0.0214385986328125, 1.550537109375
77064, 0.6459857821464539, -0.7881038784980774, -0.5139480829238892, 0.01513130683451891, -0.006852961611002684, 1.114591121673584, 0.0689259022474289, -0.008353990502655506, 0.02073167823255062, -0.005267694592475891, -0.0022103190422058105, 1.1113067865371704, 2.856600788959925, 1.6816027430019176, 1.2723840033859821, 36973.0, 30946.0, 32018.0, 38010.0, 7.9140496253967285, 141.54116821289062, -31.751724243164062, -180.87599182128906, -0.57883220911026, -0.9236814379692078, 2.6888926029205322, 1.145186424255371, 0.06792068481445312, 1.50146484375, 1.32861328125, 0.0214385986328125, 1.52490234375
77144, 1.3065054416656494, -0.7943305969238281, 3.098762035369873, 0.016177795827388763, -0.006777235772460699, 1.1149896383285522, 0.06834893673658371, -0.008397340774536133, -0.015868639573454857, -0.006811202969402075, -0.001586809754371643, 1.106652021408081, 2.942100613255813, 1.6969116510708488, 1.0766815310556064, 36802.0, 31055.0, 32429.0, 38296.0, 7.9140496253967285, -25.147506713867188, -11.000216484069824, -454.04827880859375, 0.8718075156211853, -1.394081473350525, -0.16936810314655304, 1.145186424255371, 0.06792068481445312, 1.50146484375, 1.32861328125, 0.0214385986328125, 1.541015625
77154, 1.0156031847000122, -0.8317863345146179, 1.6218503713607788, 0.013664751313626766, -0.006758606527000666, 1.1164370775222778, 0.0613633394241333, -0.008582651615142822, -0.030990449711680412, -0.007729575969278812, -0.00563814677298069, 1.1061830520629883, 0.9224968253846109, 2.4052282164152814, 0.8775129858278208, 36802.0, 31055.0, 32429.0, 38296.0, 7.8942155838012695, -37.41732406616211, 1.1142919063568115, 421.2571716308594, 0.8718075156211853, -1.394081473350525, -0.16936810314655304, 1.145186424255371, 0.06792068481445312, 1.50146484375, 1.32861328125, 0.0214385986328125, 1.541015625
77164, -0.5152175426483154, -0.7906028032302856, 4.073099613189697, 0.013664751313626766, -0.006758606527000666, 1.1164370775222778, 0.0613633394241333, -0.008582651615142822, -0.030990449711680412, -0.007225417532026768, -0.004958518780767918, 1.1053316593170166, 3.62751637885795, 2.1138886127232013, -2.9525854095172854, 36788.0, 30765.0, 32074.0, 38052.0, 7.933885097503662, -37.41732406616211, 1.1142919063568115, 421.2571716308594, 0.8718075156211853, -1.394081473350525, -0.16936810314655304, 1.145186424255371, 0.06792068481445312, 1.50146484375, 1.32861328125, 0.0214385986328125, 1.541015625
77204, 0.4801056981086731, -0.8334905505180359, -2.2276506423950195, 0.01690327376127243, -0.007300043478608131, 1.1146934032440186, 0.06796328723430634, -0.010674836114048958, -0.052054885774850845, -0.008753901347517967, 0.0007209125906229019, 1.103651523590088, 3.364992812109321, 1.9437521861252947, -2.1216937674460348, 38363.0, 30404.0, 30487.0, 36527.0, 7.9140496253967285, 39.64214324951172, -51.78693389892578, -88.06322479248047, 0.4855404794216156, 1.3081327676773071, 0.653634250164032, 1.145186424255371, 0.06792068481445312, 1.50146484375, 1.32861328125, 0.0214385986328125, 1.582763671875
77234, -0.0908118262887001, -0.7444690465927124, 4.708969593048096, 0.014436132274568081, -0.0072095938958227634, 1.1163314580917358, 0.062066879123449326, -0.0131160793825984, -0.015641802921891212, -0.008661148138344288, -0.0024368036538362503, 1.1007848978042603, 1.9677927608008121, 2.194217448821888, -2.7124652507970337, 38363.0, 30404.0, 30487.0, 36527.0, 7.874380588531494, 13.234061241149902, -20.2314453125, -31.25926971435547, -0.11628192663192749, 1.6646229028701782, 1.3292114734649658, 1.145186424255371, 0.06792068481445312, 1.50146484375, 1.32861328125, 0.0214385986328125, 1.5439453125
77264, 0.820233166217804, -0.9458057880401611, 0.1747284084558487, 0.012166982516646385, -0.006305056158453226, 1.1171770095825195, 0.05414643511176109, -0.009954445995390415, -0.06241520121693611, -0.00885680876672268, 0.002807073062285781, 1.0965865850448608, 0.48039227649727906, 1.7879001545384767, -5.102308081408563, 37669.0, 30655.0, 30579.0, 36804.0, 7.8942155838012695, 13.234061241149902, -20.2314453125, -31.25926971435547, -0.4960276484489441, -1.5899673700332642, 2.7787230014801025, 1.145186424255371, 0.06792068481445312, 1.50146484375, 0.8232421875, 9.160003662109375, 1.5439453125
77294, 1.2137467861175537, -0.9093593955039978, 0.5675297379493713, 0.012166982516646385, -0.006305056158453226, 1.1171770095825195, 0.05414643511176109, -0.009954445995390415, -0.06241520121693611, -0.009956583380699158, -0.003007829189300537, 1.0955699682235718, 2.0821429708131984, 2.002753530063103, 1.396095886503215, 36676.0, 30847.0, 32570.0, 38024.0, 7.9140496253967285, -20.21367835998535, 3.3468737602233887, 8.75930118560791, -0.7941755652427673, -2.9974167346954346, 0.6053973436355591, 1.145186424255371, 0.06792068481445312, 1.50146484375, 0.8232421875, 9.160003662109375, 1.529296875
77314, -0.7289496064186096, -0.7458488941192627, 2.336665153503418, 0.011101203970611095, -0.005787369795143604, 1.1173900365829468, 0.05253996700048447, -0.012451143935322762, -0.01121531706303358, -0.009928771294653416, -0.0018160324543714523, 1.0945178270339966, 2.0534395602410345, 2.1297643964970803, -2.3315600130336502, 36676.0, 30847.0, 32570.0, 38024.0, 7.9140496253967285, 64.76444244384766, -43.143863677978516, 91.11922454833984, -0.7941755652427673, -2.9974167346954346, 0.6053973436355591, 1.145186424255371, 0.06792068481445312, 1.50146484375, 0.8232421875, 9.160003662109375, 1.5439453125
77374, 0.6493186354637146, -0.816477358341217, 4.2111358642578125, 0.010163778439164162, -0.006086149252951145, 1.1175702810287476, 0.050363581627607346, -0.01275766920298338, -0.01658353954553604, -0.010446607135236263, -0.0024575800634920597, 1.0871405601501465, -0.0209275566544546, 1.23862861927131, 0.9962585672575182, 38144.0, 30534.0, 30875.0, 36227.0, 7.9140496253967285, 37.33564376831055, 51.201499938964844, -484.2776794433594, 0.02013104036450386, 1.6750718355178833, 0.6797835826873779, 1.145186424255371, 0.06792068481445312, 1.50146484375, 0.8232421875, 9.160003662109375, 1.5380859375
77414, 0.6322859525680542, -1.1264276504516602, 0.1540520191192627, 0.008261590264737606, -0.005782971624284983, 1.1167298555374146, 0.044603381305933, -0.010626004077494144, -0.08584294468164444, -0.010641740635037422, 0.002272983081638813, 1.0854469537734985, 3.3056034928079, 1.2206746921978038, -6.078941364772755, 38144.0, 30534.0, 30875.0, 36227.0, 7.8942155838012695, 117.7927017211914, -34.52445602416992, -14.393226623535156, 0.2035180777311325, 1.0122401714324951, -0.5577641725540161, 1.145186424255371, 0.06792068481445312, 1.50146484375, 0.8232421875, 9.160003662109375, 1.51025390625
77424, 1.0712940692901611, -0.9238405823707581, 1.0205477476119995, 0.008261590264737606, -0.005782971624284983, 1.1167298555374146, 0.044603381305933, -0.010626004077494144, -0.08584294468164444, -0.011639153584837914, 0.0016161883249878883, 1.084919810295105, 3.2798332330105002, 1.782217445564953, -3.6166780721902123, 36672.0, 31101.0, 31864.0, 37891.0, 7.933885097503662, 117.7927017211914, -34.52445602416992, -14.393226623535156, -0.08500988036394119, -2.556159734725952, 0.16019265353679657, 1.145186424255371, 0.06792068481445312, 1.50146484375, 0.8232421875, 9.160003662109375, 1.51025390625
77484, 0.6548241972923279, -1.1647017002105713, 0.8948850631713867, 0.007841543294489384, -0.005273342598229647, 1.116206407546997, 0.04539192095398903, -0.011744247749447823, -0.07887701690196991, -0.012221047654747963, 0.0011132117360830307, 1.0800142288208008, 2.1483939620438934, 1.411517202499141, -6.682866072883403, 37937.0, 30492.0, 30867.0, 36360.0, 7.9140496253967285, -107.26470947265625, 26.15196990966797, -433.8265380859375, -0.6678634285926819, -1.4510529041290283, 2.809319496154785, 1.145186424255371, 0.06792068481445312, 1.50146484375, 1.07666015625, 1.58135986328125, 1.5615234375
77504, 1.35395348072052, -0.9030575752258301, 2.932443141937256, 0.008814153261482716, -0.005532270763069391, 1.1162493228912354, 0.05167205631732941, -0.01487212348729372, 0.07007340341806412, -0.011617699638009071, 0.003674048464745283, 1.0782603025436401, 0.5983411323099425, 1.3953558821336287, -4.914708492585287, 37937.0, 30492.0, 30867.0, 36360.0, 7.874380588531494, 103.30157470703125, 14.450342178344727, 584.07275390625, -0.48428723216056824, -1.6554147005081177, 0.6848741173744202, 1.145186424255371, 0.06792068481445312, 1.50146484375, 1.07666015625, 1.58135986328125, 1.5615234375
77514, 1.0435388088226318, -0.8618420958518982, 1.6544307470321655, 0.008814153261482716, -0.005532270763069391, 1.1162493228912354, 0.05167205631732941, -0.01487212348729372, 0.07007340341806412, -0.012887153774499893, 0.00242583267390728, 1.0801725387573242, 3.638263954159907, 1.4398111795771342, -2.067301373402149, 36285.0, 30698.0, 32739.0, 38124.0, 7.874380588531494, -29.818073272705078, -0.7556512355804443, 436.7380676269531, -0.48428723216056824, -1.6554147005081177, 0.6848741173744202, 1.145186424255371, 0.06792068481445312, 1.50146484375, 1.07666015625, 1.58135986328125, 1.5615234375
77544, -0.12991373240947723, -1.063215970993042, 0.37561941146850586, 0.006929138675332069, -0.005132828839123249, 1.1148945093154907, 0.047363098710775375, -0.014285908080637455, 0.054742906242609024, -0.01220394205302, -0.0014073726488277316, 1.0762146711349487, -1.0327110266180948, 0.9608505697657108, 1.0678691647206708, 38144.0, 30357.0, 30711.0, 36297.0, 7.874380588531494, 72.82276153564453, -40.2028923034668, 90.46401977539062, 0.44641825556755066, 1.2863966226577759, 0.5513702034950256, 1.145186424255371, 0.06792068481445312, 1.50146484375, 2.036865234375, 2.545989990234375, 1.5615234375
77624, 0.7468737363815308, -1.108512043952942, 0.09804178774356842, 0.003002441953867674, -0.004512027371674776, 1.110146403312683, 0.03899605944752693, -0.013462815433740616, -0.04948202148079872, -0.01274265255779028, -0.0011087171733379364, 1.0728994607925415, 2.0169918656805885, 1.6644180203311123, -1.9881641232247118, 37869.0, 30542.0, 30194.0, 36772.0, 7.854546070098877, 69.24413299560547, 34.865962982177734, -440.4281005859375, -0.19476081430912018, -1.542672872543335, 2.4127895832061768, 1.145186424255371, 0.06792068481445312, 1.50146484375, 2.036865234375, 2.545989990234375, 1.544677734375
77664, 0.6061745882034302, -1.0551029443740845, 4.347368240356445, 0.00476010562852025, -0.005103527568280697, 1.110097885131836, 0.0478084571659565, -0.01673707738518715, -0.020664574578404427, -0.012059103697538376, -0.0019546549301594496, 1.0697624683380127, 1.941016921476735, 0.9847021762795976, 1.9359167441440697, 36481.0, 30813.0, 32440.0, 38492.0, 7.8942155838012695, 69.24413299560547, 34.865962982177734, -440.4281005859375, -0.05659708380699158, 1.5680392980575562, 1.2802773714065552, 1.145186424255371, 0.06792068481445312, 1.50146484375, 2.036865234375, 2.545989990234375, 1.557861328125
77674, -0.6458006501197815, -1.040671706199646, 2.3195443153381348, 0.00476010562852025, -0.005103527568280697, 1.110097885131836, 0.0478084571659565, -0.01673707738518715, -0.020664574578404427, -0.013220207765698433, -0.004103830084204674, 1.0688326358795166, 1.1346784797287235, 2.1704860787459666, 2.3157779403782426, 36481.0, 30813.0, 32440.0, 38492.0, 7.8942155838012695, 69.24413299560547, 34.865962982177734, -440.4281005859375, -0.006880792323499918, -0.03857286646962166, 1.6692737340927124, 1.145186424255371, 0.06792068481445312, 1.50146484375, 2.036865234375, 2.545989990234375, 1.5322265625
77744, -0.6575954556465149, -1.1729366779327393, 2.3270134925842285, 0.001253122347407043, -0.003813667455688119, 1.1038366556167603, 0.04617330804467201, -0.018107907846570015, 0.00905882753431797, -0.011245738714933395, -0.0002535865642130375, 1.0673632621765137, 3.014664140814686, 1.4329786142738783, 0.9927766621787675, 37240.0, 30828.0, 31700.0, 37773.0, 7.9140496253967285, 7.831812858581543, 64.61494445800781, -370.3487548828125, 0.15963239967823029, 0.053187642246484756, 2.1005821228027344, 1.145186424255371, 0.06792068481445312, 1.50146484375, 2.036865234375, 2.545989990234375, 1.535888671875
77754, -0.22883957624435425, -1.0712640285491943, 2.702301263809204, 0.001253122347407043, -0.003813667455688119, 1.1038366556167603, 0.04617330804467201, -0.018107907846570015, 0.00905882753431797, -0.012143930420279503, -0.004325026646256447, 1.0672783851623535, 1.134947808879573, 2.50883137928318, 2.7695683760226935, 38335.0, 30688.0, 30901.0, 36691.0, 7.9537200927734375, 7.831812858581543, 64.61494445800781, -370.3487548828125, 0.0947190672159195, 1.071874737739563, -0.6721799373626709, 1.145186424255371, 0.06792068481445312, 1.50146484375, 2.036865234375, 2.545989990234375, 1.535888671875
77784, 1.1519683599472046, -1.2877219915390015, 0.8217778205871582, -0.0002362402155995369, -0.0037251138128340244, 1.1002428531646729, 0.04681645706295967, -0.017327750101685524, 0.054026346653699875, -0.011257425881922245, 0.000767044723033905, 1.0670077800750732, 2.300711439604753, 1.7779002177010739, -6.3134176729771685, 37134.0, 30900.0, 31957.0, 38293.0, 7.933885097503662, 7.831812858581543, 64.61494445800781, -370.3487548828125, 0.00889424979686737, -2.2875595092773438, 0.05399272218346596, 1.145186424255371, 0.06792068481445312, 1.50146484375, 2.036865234375, 2.545989990234375, 1.530029296875
77794, 1.4510828256607056, -1.2138922214508057, 2.090090751647949, -0.0002362402155995369, -0.0037251138128340244, 1.1002428531646729, 0.04681645706295967, -0.017327750101685524, 0.054026346653699875, -0.01039847731590271, 0.0017450031591579318, 1.0664578676223755, 2.5723499237393828, 1.0655122601920937, -7.3484726889491565, 36867.0, 30932.0, 32377.0, 38662.0, 7.9140496253967285, 7.831812858581543, 64.61494445800781, -370.3487548828125, -0.1653471440076828, 0.030671624466776848, 0.8301271200180054, 1.145186424255371, 0.06792068481445312, 1.50146484375, 2.036865234375, 2.545989990234375, 1.530029296875
77804, 1.0436935424804688, -1.2526929378509521, 2.9672300815582275, 0.0007418774766847491, -0.004092971328645945, 1.1009559631347656, 0.05031532421708107, -0.018947331234812737, -0.008850845508277416, -0.010514285415410995, 0.0014677997678518295, 1.0684677362442017, 2.9904185391336644, 2.041620628455121, -7.2961249265488455, 36867.0, 30932.0, 32377.0, 38662.0, 7.9140496253967285, -105.3154296875, 19.72669792175293, 559.2962036132812, -0.1653471440076828, 0.030671624466776848, 0.8301271200180054, 1.145186424255371, 0.06792068481445312, 1.50146484375, 2.036865234375, 2.545989990234375, 1.53955078125
77834, 0.4003881514072418, -1.3993171453475952, -0.5028290748596191, 0.0023658645804971457, -0.00474277650937438, 1.101353406906128, 0.058120619505643845, -0.021619824692606926, 0.04625122994184494, -0.009860523976385593, -0.0010013915598392487, 1.06769597530365, 6.269155341176579, 0.8492484799087379, -2.604634220942104, 36867.0, 30932.0, 32377.0, 38662.0, 7.874380588531494, -99.84845733642578, 31.909006118774414, -439.3852233886719, 0.5879916548728943, 0.5379631519317627, 1.1856577396392822, 1.145186424255371, 0.06792068481445312, 1.50146484375, 2.036865234375, 2.545989990234375, 1.535888671875
77874, 1.1004806756973267, -1.4593771696090698, 2.3352787494659424, 0.001041612820699811, -0.0039134095422923565, 1.0975085496902466, 0.05826961621642113, -0.019978376105427742, -0.007738181855529547, -0.010252057574689388, -0.0035170926712453365, 1.068105697631836, 1.2048497828999893, 2.00937801195721, -0.4028504945910305, 37008.0, 30802.0, 32370.0, 38929.0, 7.874380588531494, -68.15159606933594, 16.045406341552734, 538.5951538085938, -0.3547949492931366, -0.8427956104278564, 0.666633129119873, 1.145186424255371, 0.06792068481445312, 1.50146484375, 2.036865234375, 2.545989990234375, 1.54833984375
77884, -0.6062058806419373, -1.467963695526123, 3.8410847187042236, 0.001041612820699811, -0.0039134095422923565, 1.0975085496902466, 0.05826961621642113, -0.019978376105427742, -0.007738181855529547, -0.010390516370534897, -0.0011007282882928848, 1.0685163736343384, 2.404380072267586, 2.2932889119385322, -3.0375739395837873, 37446.0, 30766.0, 31760.0, 38451.0, 7.9140496253967285, -68.15159606933594, 16.045406341552734, 538.5951538085938, 0.1014365628361702, 0.7095777988433838, 2.2009518146514893, 1.145186424255371, 0.06792068481445312, 1.50146484375, 2.036865234375, 2.545989990234375, 1.54833984375
77894, -0.29467543959617615, -1.2492812871932983, 3.1790223121643066, 0.001041612820699811, -0.0039134095422923565, 1.0975085496902466, 0.05826961621642113, -0.019978376105427742, -0.007738181855529547, -0.010441385209560394, 7.869862020015717e-05, 1.0670732259750366, 2.2792114599715907, 1.897600949604623, -6.132203467767638, 38710.0, 30854.0, 30895.0, 37267.0, 7.9140496253967285, 40.90082550048828, 9.011911392211914, 22.785083770751953, 0.1014365628361702, 0.7095777988433838, 2.2009518146514893, 1.145186424255371, 0.06792068481445312, 1.50146484375, 2.036865234375, 2.545989990234375, 1.544677734375
77904, 0.2718409597873688, -1.6431893110275269, -0.1637779027223587, -0.0006365748704411089, -0.003057991387322545, 1.0933797359466553, 0.05812302976846695, -0.0189420897513628, 0.03870287165045738, -0.011641554534435272, 0.001141618937253952, 1.0681352615356445, 3.445076507696365, 2.6800250996299724, -7.824170158981965, 38710.0, 30854.0, 30895.0, 37267.0, 7.854546070098877, 148.5326385498047, -17.463016510009766, -291.82818603515625, 0.1014365628361702, 0.7095777988433838, 2.2009518146514893, 1.145186424255371, 0.06792068481445312, 1.50146484375, 2.036865234375, 2.545989990234375, 1.544677734375
78014, 1.1481664180755615, -1.5534690618515015, 1.72102689743042, -0.0011556607205420732, -0.0036397636868059635, 1.086164116859436, 0.07010555267333984, -0.023348240181803703, 0.08755944669246674, -0.009775407612323761, -0.002339765429496765, 1.0700627565383911, 2.117645770604814, 2.3239649426787707, -2.4440617637560202, 37209.0, 31011.0, 32402.0, 39282.0, 7.8942155838012695, -70.96139526367188, 9.52316951751709, 510.9383850097656, -0.4806191325187683, -1.2355234622955322, 0.6142206788063049, 1.145186424255371, 0.06792068481445312, 1.50146484375, 2.036865234375, 2.545989990234375, 1.5380859375
78024, -0.6104187965393066, -1.5202456712722778, 4.219311714172363, -0.0011556607205420732, -0.0036397636868059635, 1.086164116859436, 0.07010555267333984, -0.023348240181803703, 0.08755944669246674, -0.009953743778169155, -0.0007664170116186142, 1.0684064626693726, 2.3008423303132552, 2.1540548372798582, -5.849340223088192, 37624.0, 30713.0, 31987.0, 38815.0, 7.9140496253967285, -70.96139526367188, 9.52316951751709, 510.9383850097656, -0.4806191325187683, -1.2355234622955322, 0.6142206788063049, 1.145186424255371, 0.06792068481445312, 1.50146484375, 2.036865234375, 2.545989990234375, 1.5380859375
78084, 1.0452851057052612, -1.31650710105896, 2.196152925491333, 0.0013184163253754377, -0.003994164057075977, 1.0846476554870605, 0.08129744231700897, -0.02408519573509693, 0.04245544970035553, -0.009593994356691837, -0.0018528583459556103, 1.0686482191085815, 3.1117349132210244, 1.7476251884586986, 0.807772408312756, 37412.0, 30658.0, 32436.0, 39332.0, 7.854546070098877, -65.99824523925781, 4.3572516441345215, -10.568799018859863, 0.49977266788482666, 2.2229647636413574, 0.9645472764968872, 1.145186424255371, 0.06792068481445312, 1.50146484375, 1.260498046875, 0.1313934326171875, 1.557861328125
78104, -0.471950888633728, -1.0045186281204224, 3.7224252223968506, -0.0005487794405780733, -0.0031645416747778654, 1.08162522315979, 0.0769888386130333, -0.024412035942077637, 0.04711687192320824, -0.009602371603250504, -0.004508054815232754, 1.0684502124786377, -0.9191581507035769, 1.7734194761287085, 1.95241188334577, 39043.0, 30758.0, 31125.0, 37409.0, 7.9537200927734375, -162.46922302246094, 43.94380187988281, -420.6499938964844, -0.030869843438267708, 0.3550013601779938, -0.6836242079734802, 1.145186424255371, 0.06792068481445312, 1.50146484375, 1.260498046875, 0.1313934326171875, 1.557861328125
78114, 0.25502607226371765, -1.3065170049667358, -0.08012016862630844, 0.00023497565416619182, -0.003397693857550621, 1.0822827816009521, 0.07964210212230682, -0.022485410794615746, 0.08442923426628113, -0.009997985325753689, -0.0024117249995470047, 1.070810079574585, 2.374615682905595, 2.379776510955395, -3.6716381507595375, 39199.0, 30604.0, 30129.0, 37224.0, 7.83471155166626, 153.1256103515625, -22.726123809814453, -358.5198974609375, 0.5844166874885559, 0.9027854800224304, 1.2956488132476807, 1.145186424255371, 0.06792068481445312, 1.50146484375, 1.260498046875, 0.1313934326171875, 1.557861328125
78124, 0.595033586025238, -1.5072600841522217, 0.884714663028717, 0.0010287764016538858, -0.0036239938344806433, 1.082482099533081, 0.07863474637269974, -0.021149978041648865, -0.04451955854892731, -0.00978965125977993, -0.0001936294138431549, 1.0714877843856812, 2.6352540488960243, 1.9220878988095933, -7.287392564764839, 38314.0, 30591.0, 30233.0, 38192.0, 7.8942155838012695, -70.57930755615234, 1.4425766468048096, -45.71729278564453, -0.8103552460670471, -0.8781912922859192, 3.006650924682617, 1.145186424255371, 0.06792068481445312, 1.50146484375, 1.260498046875, 0.1313934326171875, 1.547607421875
78134, 0.7234254479408264, -1.2371158599853516, -0.6564692258834839, 0.0018408196046948433, -0.0038405470550060272, 1.08267343044281, 0.0842614397406578, -0.022825540974736214, 0.08274327963590622, -0.009928504936397076, -0.0010640257969498634, 1.0714973211288452, 3.392090328947502, 2.2005432086821486, -4.048860258757402, 38314.0, 30591.0, 30233.0, 38192.0, 7.9140496253967285, 148.3661651611328, 34.176849365234375, 709.7041625976562, 0.4898239076137543, -2.2019035816192627, 0.009670685045421124, 1.145186424255371, 0.06792068481445312, 1.50146484375, 0.810791015625, 9.793991088867188, 1.57177734375
78144, 1.3040626049041748, -1.0652072429656982, 2.0026588439941406, 0.0027016866952180862, -0.004075685515999794, 1.0836999416351318, 0.08771847188472748, -0.024400828406214714, 0.12257465720176697, -0.009386846795678139, -0.003381841816008091, 1.070567011833191, 2.5511085829044444, 1.5585558764389589, 1.8464640639639474, 38314.0, 30591.0, 30233.0, 38192.0, 7.874380588531494, -26.68642807006836, -8.517389297485352, -436.26812744140625, -0.433413565158844, -0.5510872602462769, 0.7720213532447815, 1.145186424255371, 0.06792068481445312, 1.50146484375, 1.472900390625, 0.1439361572265625, 1.53076171875
78154, 0.9361920952796936, -1.0981099605560303, 1.9299687147140503, 0.00017846474656835198, -0.0037027050275355577, 1.080756425857544, 0.079762302339077, -0.02264871820807457, 0.054133955389261246, -0.009539108723402023, -0.003971344791352749, 1.0709528923034668, -1.5582877373710637, 1.5916560586694288, 1.3737083191414539, 37254.0, 30863.0, 32295.0, 39212.0, 7.874380588531494, -26.68642807006836, -8.517389297485352, -436.26812744140625, 0.48549696803092957, 2.1610829830169678, 0.9800450205802917, 1.145186424255371, 0.06792068481445312, 1.50146484375, 1.472900390625, 0.1439361572265625, 1.540283203125
78164, -0.9137231111526489, -1.115921139717102, 3.644535779953003, 0.00017846474656835198, -0.0037027050275355577, 1.080756425857544, 0.079762302339077, -0.02264871820807457, 0.054133955389261246, -0.010177605785429478, -0.002681662794202566, 1.071926236152649, 2.4272247630920982, 2.1881826695480413, -4.678717807197083, 37644.0, 30703.0, 32038.0, 38665.0, 7.9537200927734375, -131.58078002929688, 41.45820236206055, -390.4712219238281, 0.06200112774968147, 0.297932505607605, 2.305708169937134, 1.1740037202835083, 1.0983161926269531, 1.585693359375, 1.472900390625, 0.1439361572265625, 1.540283203125
78174, -0.4889122247695923, -0.8931296467781067, 3.278527021408081, 0.0018171020783483982, -0.004200500436127186, 1.0821059942245483, 0.08426355570554733, -0.026219168677926064, 0.0833735391497612, -0.00942283682525158, -0.0008794516324996948, 1.0739490985870361, 2.793590794817602, 2.2080360367116896, -6.870103730399583, 38935.0, 30616.0, 31286.0, 37337.0, 7.83471155166626, 35.47480773925781, 19.61435890197754, -34.324371337890625, 0.04867556318640709, 0.6168347001075745, -0.6953317523002625, 1.1740037202835083, 1.0983161926269531, 1.585693359375, 1.472900390625, 0.1439361572265625, 1.544677734375
78184, 0.35108083486557007, -1.181276559829712, -0.20694130659103394, 0.0026710378006100655, -0.004452169872820377, 1.0830625295639038, 0.08645626157522202, -0.024317923933267593, 0.10795781016349792, -0.0099435243755579, -0.0019976720213890076, 1.073176622390747, 3.183155813520115, 2.132954810732514, -4.7190156505943825, 39034.0, 30507.0, 30483.0, 37157.0, 7.83471155166626, 159.2282257080078, -28.17641830444336, -267.7154235839844, 0.637695848941803, 0.6369788646697998, 1.3643896579742432, 1.1740037202835083, 1.0983161926269531, 1.585693359375, 1.472900390625, 0.1439361572265625, 1.544677734375
78194, 0.5824595093727112, -1.3524866104125977, 0.5479206442832947, 0.0026710378006100655, -0.004452169872820377, 1.0830625295639038, 0.08645626157522202, -0.024317923933267593, 0.10795781016349792, -0.010123041458427906, -0.002030123956501484, 1.0729655027389526, 3.929752940913858, 2.065474512373811, 0.14768104354714212, 39034.0, 30507.0, 30483.0, 37157.0, 7.8942155838012695, -66.0954818725586, -5.686253547668457, -122.87578582763672, -0.6500070095062256, -0.6012169122695923, 2.865967035293579, 1.1740037202835083, 1.0983161926269531, 1.585693359375, 1.472900390625, 0.1439361572265625, 1.540283203125
78204, 0.8642140626907349, -1.0945996046066284, -0.27063101530075073, 0.0010467941174283624, -0.004200983326882124, 1.080121397972107, 0.0820983275771141, -0.022790545597672462, 0.11180345714092255, -0.010823167860507965, -0.007639873772859573, 1.0729533433914185, 1.1235101687715712, 2.90735073317947, 2.610886712458241, 39034.0, 30507.0, 30483.0, 37157.0, 7.9140496253967285, 147.92935180664062, 38.16433334350586, 818.3286743164062, 0.4876328408718109, -2.3633480072021484, -0.052207667380571365, 1.1740037202835083, 1.0983161926269531, 1.585693359375, 1.472900390625, 0.1439361572265625, 1.537353515625
78214, 1.3244065046310425, -0.9668740630149841, 1.9101827144622803, 0.0010467941174283624, -0.004200983326882124, 1.080121397972107, 0.0820983275771141, -0.022790545597672462, 0.11180345714092255, -0.009854095987975597, -0.004839066416025162, 1.0758157968521118, 1.9339882551511314, 2.5022877044186487, -2.121451925181682, 39034.0, 30507.0, 30483.0, 37157.0, 7.8942155838012695, -31.42030143737793, -10.844229698181152, -447.0949401855469, -0.32565543055534363, -0.3333876132965088, 0.7330144643783569, 1.1342589855194092, 0.9549579620361328, 1.573974609375, 1.472900390625, 0.1439361572265625, 1.5234375
78224, 0.8975655436515808, -1.0028210878372192, 2.476900339126587, 0.002734186127781868, -0.0046791150234639645, 1.0823911428451538, 0.0856604054570198, -0.024077968671917915, 0.06872082501649857, -0.009470328688621521, -0.0016885101795196533, 1.0737677812576294, 2.69927765921719, 1.4078549121540505, -7.794477311386982, 39034.0, 30507.0, 30483.0, 37157.0, 7.854546070098877, -119.12165832519531, 3.229649305343628, 593.7222900390625, 0.46251481771469116, 1.9683438539505005, 0.9797570705413818, 1.1342589855194092, 0.9549579620361328, 1.573974609375, 2.080078125, 3.1019744873046875, 1.55859375
78234, -0.9651812314987183, -1.0318299531936646, 3.6061463356018066, 0.003600449301302433, -0.004932241979986429, 1.0831354856491089, 0.08762721717357635, -0.02644440345466137, 0.0801692083477974, -0.008968589827418327, -0.0032116519287228584, 1.0750951766967773, 2.445496613252869, 1.6849364745519608, -7.202980439425859, 37537.0, 30558.0, 32159.0, 38446.0, 7.9140496253967285, -119.12165832519531, 3.229649305343628, 593.7222900390625, 0.15499769151210785, 0.48623546957969666, 2.2181508541107178, 1.1483949422836304, 0.9549579620361328, 1.573974609375, 2.080078125, 3.1019744873046875, 1.56884765625
78244, -0.4793330430984497, -0.7770575284957886, 3.4762420654296875, 0.004487129393965006, -0.005205221939831972, 1.084019660949707, 0.08976265788078308, -0.02759060636162758, 0.09678204357624054, -0.010379254817962646, -0.002634975593537092, 1.0762752294540405, 4.315201229113069, 2.1854661315313706, -0.5479209607247595, 38837.0, 30666.0, 31246.0, 37109.0, 7.9140496253967285, 43.39197540283203, 19.407039642333984, -5.482376575469971, -0.0031320126727223396, 0.45480263233184814, -0.7518866658210754, 1.1483949422836304, 0.9549579620361328, 1.573974609375, 1.8310546875, 1.0913543701171875, 1.56884765625
78254, 0.29786989092826843, -1.0660043954849243, -0.5521634221076965, 0.0018459393177181482, -0.00402939785271883, 1.081255555152893, 0.08223158866167068, -0.021876078099012375, 0.10273366421461105, -0.01005452498793602, -0.007478926796466112, 1.0755201578140259, 0.4664603336621241, 2.22438021451768, 2.258909559389651, 38882.0, 30694.0, 30400.0, 37009.0, 7.874380588531494, 151.546875, -29.290447235107422, -289.33184814453125, 0.7054426670074463, 0.7871265411376953, 1.4591959714889526, 1.1483949422836304, 0.9549579620361328, 1.573974609375, 1.8310546875, 1.0913543701171875, 1.56884765625
78264, 0.48587924242019653, -1.3095877170562744, 0.5661722421646118, 0.0018459393177181482, -0.00402939785271883, 1.081255555152893, 0.08223158866167068, -0.021876078099012375, 0.10273366421461105, -0.010060259141027927, -0.0057821981608867645, 1.0792206525802612, 1.7144175835269768, 2.5883876186437362, -1.835112547543993, 37963.0, 30757.0, 30644.0, 38011.0, 7.8942155838012695, -76.40107727050781, -2.519944906234741, -131.79649353027344, -0.5801737904548645, -0.6415395140647888, 2.7229039669036865, 1.2425450086593628, 2.0122318267822266, 1.660400390625, 1.8310546875, 1.0913543701171875, 1.56884765625
78274, 0.7034422755241394, -1.0921796560287476, -0.41546133160591125, 0.0035052564926445484, -0.0044601429253816605, 1.0822372436523438, 0.08655694127082825, -0.02208581194281578, 0.11930776387453079, -0.009777492843568325, -0.0024041624274104834, 1.0770230293273926, 2.4152143945823163, 1.4633717410198699, -7.413362593986621, 37597.0, 31019.0, 31676.0, 38614.0, 7.8942155838012695, 150.32566833496094, 37.120330810546875, 804.2354736328125, 0.46384018659591675, -2.362295150756836, -0.1388803869485855, 1.2425450086593628, 2.0122318267822266, 1.660400390625, 0.9345703125, 4.7218170166015625, 1.56884765625
78284, 1.231969952583313, -0.9731109738349915, 1.7357274293899536, 0.004383399151265621, -0.004685525316745043, 1.083487868309021, 0.0890287235379219, -0.02308412455022335, 0.13082021474838257, -0.00988959614187479, -0.00165906164329499, 1.078960657119751, 0.1400463431177674, 2.6840182886541584, -6.63811495847563, 37597.0, 31019.0, 31676.0, 38614.0, 7.8942155838012695, -15.274760246276855, -7.324751853942871, -418.02880859375, -0.325200617313385, -0.39854568243026733, 0.8418008089065552, 1.2425450086593628, 2.0122318267822266, 1.660400390625, 1.46630859375, 0.132171630859375, 1.534423828125
78294, 0.8666439056396484, -0.9838419556617737, 2.371361017227173, 0.005276673473417759, -0.004918321501463652, 1.0844630002975464, 0.08979998528957367, -0.022844629362225533, 0.0641951709985733, -0.010845753364264965, -0.0033365970011800528, 1.0805109739303589, 4.709353189823449, 2.213992749286092, -0.6854995965853994, 37088.0, 30877.0, 32706.0, 38956.0, 7.8942155838012695, -119.49398040771484, 12.989629745483398, 572.1355590820312, 0.43812641501426697, 1.948913812637329, 0.8914840817451477, 1.2425450086593628, 2.0122318267822266, 1.660400390625, 1.46630859375, 0.132171630859375, 1.544677734375
78304, -0.9957146048545837, -1.035886526107788, 3.388925790786743, 0.002559168264269829, -0.004217170644551516, 1.0813971757888794, 0.08216962963342667, -0.022558050230145454, 0.06524218618869781, -0.01076649408787489, -0.007728247903287411, 1.0816184282302856, 1.827735697489245, 2.3934353023614676, 1.9374017249911983, 37508.0, 30834.0, 32322.0, 38445.0, 7.9140496253967285, -125.40399932861328, 42.562408447265625, -413.0491638183594, 0.2183525115251541, 0.37492573261260986, 2.2696220874786377, 1.2425450086593628, 2.0122318267822266, 1.660400390625, 1.46630859375, 0.132171630859375, 1.544677734375
78324, 0.2743389308452606, -1.1271171569824219, -0.437946081161499, 0.004242461174726486, -0.004676936659961939, 1.0829819440841675, 0.08615899831056595, -0.021712305024266243, 0.09965454041957855, -0.01099510956555605, -0.0054703764617443085, 1.0835371017456055, 2.3004487127353466, 2.5822691121728667, -3.26470975805431, 38994.0, 30605.0, 30694.0, 37094.0, 7.854546070098877, -125.40399932861328, 42.562408447265625, -413.0491638183594, 0.6462513208389282, 0.7816607356071472, 1.281919240951538, 1.2934414148330688, 1.7703132629394531, 1.640625, 1.46630859375, 0.132171630859375, 1.552734375
78334, 0.5403060913085938, -1.34405517578125, 0.5152924656867981, 0.005102308467030525, -0.004895344842225313, 1.0833622217178345, 0.08538276702165604, -0.02023308351635933, -0.02354814112186432, -0.01226506195962429, -0.002872670069336891, 1.084970474243164, 3.328359532418677, 3.174325920890425, -7.907521271068184, 38085.0, 30654.0, 30937.0, 38112.0, 7.8942155838012695, -62.48838424682617, 0.11998353153467178, -100.53734588623047, -0.5738930106163025, -0.716769814491272, 2.8060762882232666, 1.2934414148330688, 1.7703132629394531, 1.640625, 1.46630859375, 0.132171630859375, 1.552734375
78354, 1.3000556230545044, -0.9631189703941345, 2.2163634300231934, 0.00277041457593441, -0.004924768581986427, 1.0811009407043457, 0.08179868012666702, -0.021967915818095207, 0.10946641117334366, -0.011646212078630924, -0.004173886962234974, 1.0860607624053955, 5.08556927837023, 1.9372269925404737, -0.8922308712568217, 38085.0, 30654.0, 30937.0, 38112.0, 7.874380588531494, -62.48838424682617, 0.11998353153467178, -100.53734588623047, -0.346771240234375, -0.40770143270492554, 0.7149449586868286, 1.2934414148330688, 1.7703132629394531, 1.640625, 1.46630859375, 0.132171630859375, 1.576171875
78374, -0.949175238609314, -1.0538184642791748, 3.69511342048645, 0.004424993880093098, -0.005374703090637922, 1.082269549369812, 0.08441723883152008, -0.023969121277332306, 0.04962531849741936, -0.011159752495586872, -0.003759881714358926, 1.0875271558761597, 2.0177641224768257, 1.051300565001327, -7.4457699802459, 37114.0, 31072.0, 32721.0, 39134.0, 7.9537200927734375, -132.76434326171875, 46.12287139892578, -432.39739990234375, 0.20282158255577087, 0.4261065721511841, 2.296952247619629, 1.2934414148330688, 1.7703132629394531, 1.640625, 1.46630859375, 0.132171630859375, 1.576171875
78384, -0.4724506735801697, -0.8370040059089661, 3.43558406829834, 0.004424993880093098, -0.005374703090637922, 1.082269549369812, 0.08441723883152008, -0.023969121277332306, 0.04962531849741936, -0.010958835482597351, -0.00424196245148778, 1.0903934240341187, 3.2760899265583032, 1.3228088897750183, -7.474973521161618, 38987.0, 30632.0, 31191.0, 37354.0, 7.854546070098877, -132.76434326171875, 46.12287139892578, -432.39739990234375, -0.0572824701666832, 0.5772255063056946, -0.8054935932159424, 1.2934414148330688, 1.7703132629394531, 1.640625, 1.46630859375, 0.132171630859375, 1.576171875
78404, 0.5268336534500122, -1.2850110530853271, 0.6542345881462097, 0.002943958155810833, -0.005298728123307228, 1.0807501077651978, 0.0768929123878479, -0.01963328756392002, -0.04617955535650253, -0.012107851915061474, -0.008010556921362877, 1.0931031703948975, 2.084738542531495, 1.3249280841323525, 2.4561117880644376, 38987.0, 30632.0, 31191.0, 37354.0, 7.874380588531494, -70.2148208618164, -0.07484865188598633, -101.77974700927734, 0.6753113865852356, 0.6787348389625549, 1.3145174980163574, 1.2934414148330688, 1.7703132629394531, 1.640625, 1.46630859375, 0.132171630859375, 1.51611328125
78464, 0.23859085142612457, -0.9560402035713196, -0.4105212092399597, 0.0038779170718044043, -0.005422520451247692, 1.0813257694244385, 0.07955613732337952, -0.02012595348060131, 0.06722157448530197, -0.013113345019519329, -0.006736458744853735, 1.0989638566970825, 3.650743715502957, 1.2707909597790774, 1.145996157579427, 39204.0, 30623.0, 30957.0, 37486.0, 7.854546070098877, 155.9335174560547, -30.67592430114746, -266.21240234375, 0.6898718476295471, 0.5551247596740723, 1.3377026319503784, 1.1785831451416016, 0.3725605010986328, 1.5263671875, 1.629638671875, 0.4884490966796875, 1.5205078125
78474, 0.4296015799045563, -1.186432957649231, 0.5581766963005066, 0.004672060254961252, -0.005625222809612751, 1.08138108253479, 0.07887574285268784, -0.018598293885588646, -0.05610475316643715, -0.013237111270427704, -0.010338082909584045, 1.1022511720657349, 1.4835567768105582, 1.60005754868493, -0.7765927223205841, 38390.0, 30685.0, 30431.0, 38375.0, 7.8942155838012695, -64.52294921875, -7.19586181640625, -135.43194580078125, -0.6145719289779663, -0.6753808856010437, 2.6562702655792236, 1.1785831451416016, 0.3725605010986328, 1.5263671875, 1.629638671875, 0.4884490966796875, 1.5205078125
78484, 0.7278161644935608, -0.92410808801651, -0.20564031600952148, 0.00547953462228179, -0.005816019605845213, 1.0814532041549683, 0.08316155523061752, -0.01991618238389492, 0.07050137221813202, -0.01283322088420391, -0.006005263887345791, 1.101691484451294, 2.4134456104672535, 0.6823870272448005, -7.645830188592399, 38390.0, 30685.0, 30431.0, 38375.0, 7.8942155838012695, 142.48135375976562, 32.937828063964844, 806.0748291015625, -0.6145719289779663, -0.6753808856010437, 2.6562702655792236, 1.1785831451416016, 0.3725605010986328, 1.5263671875, 1.629638671875, 0.4884490966796875, 1.5322265625
78494, 1.1458446979522705, -0.804344892501831, 1.7353969812393188, 0.006322608329355717, -0.00601920485496521, 1.082219123840332, 0.08539679646492004, -0.020818088203668594, 0.08268323540687561, -0.012427004985511303, -0.007347787730395794, 1.104522466659546, 2.2809815232681663, 1.1960921164761373, -6.60429609610089, 38390.0, 30685.0, 30431.0, 38375.0, 7.854546070098877, 142.48135375976562, 32.937828063964844, 806.0748291015625, -0.3684399127960205, -0.10885006934404373, 0.8071749210357666, 1.1785831451416016, 0.3725605010986328, 1.5263671875, 1.629638671875, 0.4884490966796875, 1.516845703125
78514, -1.1692118644714355, -0.8030865788459778, 3.3205809593200684, 0.0039222268387675285, -0.005749154835939407, 1.0809646844863892, 0.07698336243629456, -0.020985478535294533, 0.027326315641403198, -0.012843525037169456, -0.008681006729602814, 1.1058779954910278, 3.1419490321586463, 1.1452623337846717, 1.411066216100113, 38104.0, 30647.0, 32132.0, 38804.0, 7.8942155838012695, -128.7412567138672, -1.1961431503295898, 606.8706665039062, 0.08501038700342178, 0.17513293027877808, 2.263291358947754, 1.1785831451416016, 0.3725605010986328, 1.5263671875, 1.629638671875, 0.4884490966796875, 1.516845703125
78524, -0.6643676161766052, -0.5758285522460938, 3.1100142002105713, 0.0039222268387675285, -0.005749154835939407, 1.0809646844863892, 0.07698336243629456, -0.020985478535294533, 0.027326315641403198, -0.012630388140678406, -0.011369599029421806, 1.106626272201538, -0.5530916855289078, 1.1532338488968321, 1.8813278048103819, 39391.0, 30591.0, 31306.0, 37547.0, 7.9537200927734375, 20.017807006835938, 37.648799896240234, -140.68960571289062, 0.08501038700342178, 0.17513293027877808, 2.263291358947754, 1.1785831451416016, 0.3725605010986328, 1.5263671875, 1.629638671875, 0.4884490966796875, 1.516845703125
78534, 0.2851209342479706, -0.8240635395050049, -0.45501089096069336, 0.0039222268387675285, -0.005749154835939407, 1.0809646844863892, 0.07698336243629456, -0.020985478535294533, 0.027326315641403198, -0.012315207161009312, -0.007600164040923119, 1.1109743118286133, 2.581822972286804, 1.591332042564261, -7.413805997690259, 39424.0, 30405.0, 30610.0, 37488.0, 7.814876556396484, 156.02471923828125, -33.023712158203125, -153.26307678222656, 0.08501038700342178, 0.17513293027877808, 2.263291358947754, 1.1785831451416016, 0.3725605010986328, 1.5263671875, 1.629638671875, 0.4884490966796875, 1.516845703125
78564, 1.1107507944107056, -0.7405573725700378, 1.5131869316101074, 0.003726552240550518, -0.006597224622964859, 1.081784963607788, 0.07433560490608215, -0.018948987126350403, 0.0715448260307312, -0.012678047642111778, -0.014519086107611656, 1.112257719039917, 1.1142238588010334, 2.489806495684917, 2.426346321822542, 37662.0, 31103.0, 32449.0, 39434.0, 7.874380588531494, -66.74987030029297, -12.782086372375488, -262.1488037109375, -0.3342337906360626, 0.4978693127632141, 0.9642736911773682, 1.1785831451416016, 0.3725605010986328, 1.5263671875, 1.629638671875, 0.4884490966796875, 1.522705078125
78574, 0.5565382838249207, -0.7623062133789062, 2.962416172027588, 0.004473147913813591, -0.006789883598685265, 1.0822272300720215, 0.07509436458349228, -0.019316481426358223, 0.01691003330051899, -0.01151315774768591, -0.014110997319221497, 1.1132011413574219, 3.813264340426741, 1.8235344327402458, -3.0203910438243615, 37662.0, 31103.0, 32449.0, 39434.0, 7.874380588531494, -66.74987030029297, -12.782086372375488, -262.1488037109375, 0.25916773080825806, 2.13324236869812, 0.9272829294204712, 1.1785831451416016, 0.3725605010986328, 1.5263671875, 1.629638671875, 0.4884490966796875, 1.5791015625
78584, -1.1600916385650635, -0.8614578247070312, 3.1561295986175537, 0.005231940653175116, -0.0069941747933626175, 1.082490086555481, 0.0767444372177124, -0.0213260967284441, 0.03570127859711647, -0.011031127534806728, -0.009010521695017815, 1.1156123876571655, 2.303114703724563, 1.9461947996844344, -6.9057573266181835, 38152.0, 30519.0, 32072.0, 38727.0, 7.933885097503662, -66.74987030029297, -12.782086372375488, -262.1488037109375, 0.021776271983981133, -0.18318802118301392, 2.0784108638763428, 1.1785831451416016, 0.3725605010986328, 1.5263671875, 1.629638671875, 0.4884490966796875, 1.5791015625
78594, -0.6820144653320312, -0.7216985821723938, 2.707711935043335, 0.006009454373270273, -0.007214017678052187, 1.0830868482589722, 0.07876934856176376, -0.021205050870776176, 0.08368086069822311, -0.011195758357644081, -0.00964277982711792, 1.1159734725952148, 3.0912277355359454, 2.09397284751455, -3.348779249766782, 38152.0, 30519.0, 32072.0, 38727.0, 7.83471155166626, 7.721524238586426, 49.9870491027832, -290.8550720214844, 0.19874492287635803, 1.0678987503051758, -0.8047365546226501, 1.1785831451416016, 0.3725605010986328, 1.5263671875, 1.629638671875, 0.4884490966796875, 1.5791015625
78604, 0.43970584869384766, -0.8371214270591736, -0.44418853521347046, 0.006802128627896309, -0.007418524473905563, 1.0837914943695068, 0.07983671873807907, -0.01948254369199276, 0.05727966129779816, -0.010466353967785835, -0.011692281812429428, 1.1156760454177856, 2.5437760979516995, 1.5039506608905526, 1.6558158404411614, 38152.0, 30519.0, 32072.0, 38727.0, 7.874380588531494, 7.721524238586426, 49.9870491027832, -290.8550720214844, 0.5913354754447937, -0.07351593673229218, 1.798667073249817, 1.1785831451416016, 0.3725605010986328, 1.5263671875, 1.629638671875, 0.4884490966796875, 1.5791015625
78614, 0.388240247964859, -1.1251176595687866, -0.021354908123612404, 0.0031681517139077187, -0.006907666567713022, 1.0830684900283813, 0.06806081533432007, -0.015745699405670166, -0.03860094025731087, -0.010331712663173676, -0.014767316170036793, 1.1150197982788086, 0.43034110242720236, 1.8535046755980886, 2.102406745122057, 38152.0, 30519.0, 32072.0, 38727.0, 7.9140496253967285, 7.721524238586426, 49.9870491027832, -290.8550720214844, 0.5913354754447937, -0.07351593673229218, 1.798667073249817, 1.1785831451416016, 0.3725605010986328, 1.5263671875, 1.629638671875, 0.4884490966796875, 1.5791015625
78624, 1.0319955348968506, -0.985719621181488, 1.1471538543701172, 0.0031681517139077187, -0.006907666567713022, 1.0830684900283813, 0.06806081533432007, -0.015745699405670166, -0.03860094025731087, -0.010161551646888256, -0.014337188564240932, 1.1173423528671265, 1.1446914223324922, 2.242332907231713, -1.965920703599027, 37766.0, 31040.0, 32048.0, 39013.0, 7.9140496253967285, 7.721524238586426, 49.9870491027832, -290.8550720214844, 0.5913354754447937, -0.07351593673229218, 1.798667073249817, 1.1785831451416016, 0.3725605010986328, 1.5263671875, 1.629638671875, 0.4884490966796875, 1.5791015625
78694, 1.2990813255310059, -1.2366124391555786, 1.9077656269073486, 0.004569001495838165, -0.007235396653413773, 1.0872491598129272, 0.07414199411869049, -0.016807278618216515, 0.13536545634269714, -0.008817478083074093, -0.012977748177945614, 1.1168955564498901, -1.8686999215854323, 1.8306531304253326, 0.19223478624192353, 37832.0, 30960.0, 30986.0, 38389.0, 7.8942155838012695, -153.88563537597656, -27.01181983947754, 600.10693359375, -0.4632445275783539, -3.0023293495178223, 0.2696203291416168, 1.1785831451416016, 0.3725605010986328, 1.5263671875, 1.629638671875, 0.4884490966796875, 1.5615234375
78714, 0.6334883570671082, -1.0934593677520752, 3.91607928276062, 0.006074473727494478, -0.007575553841888905, 1.0889325141906738, 0.07640975713729858, -0.01751309260725975, 0.031576745212078094, -0.009166877716779709, -0.011440185829997063, 1.1169980764389038, 1.539669587500216, 2.3471294701390093, -6.105292861568453, 37832.0, 30960.0, 30986.0, 38389.0, 7.9140496253967285, -153.88563537597656, -27.01181983947754, 600.10693359375, -0.16605813801288605, 1.2491650581359863, 1.227339744567871, 1.1785831451416016, 0.3725605010986328, 1.5263671875, 1.629638671875, 0.4884490966796875, 1.5615234375
78734, -0.3086179792881012, -1.2117162942886353, 2.24990177154541, 0.006074473727494478, -0.007575553841888905, 1.0889325141906738, 0.07640975713729858, -0.01751309260725975, 0.031576745212078094, -0.008616698905825615, -0.008667649701237679, 1.115972876548767, 1.030439037335899, 2.1908093528837753, -3.9386199974052443, 38847.0, 30793.0, 30763.0, 37057.0, 7.9140496253967285, 28.454769134521484, 58.7065315246582, -340.5289611816406, -0.047494541853666306, -0.3034009635448456, 1.700569987297058, 1.1785831451416016, 0.3725605010986328, 1.5263671875, 1.629638671875, 0.4884490966796875, 1.5615234375
78744, 0.8050968647003174, -1.32736074924469, -0.8040603995323181, 0.006074473727494478, -0.007575553841888905, 1.0889325141906738, 0.07640975713729858, -0.01751309260725975, 0.031576745212078094, -0.00938342697918415, -0.009838426485657692, 1.116897463798523, 3.8452863040853216, 2.1087582872112307, 0.29061160757223026, 38602.0, 30748.0, 30439.0, 37154.0, 7.9140496253967285, 99.97700500488281, -7.2040910720825195, 4.966715335845947, -0.047494541853666306, -0.3034009635448456, 1.700569987297058, 1.1785831451416016, 0.3725605010986328, 1.5263671875, 1.629638671875, 0.4884490966796875, 1.5615234375
78754, 0.6571583151817322, -1.659468650817871, -0.6428212523460388, 0.006074473727494478, -0.007575553841888905, 1.0889325141906738, 0.07640975713729858, -0.01751309260725975, 0.031576745212078094, -0.009447911754250526, -0.015208827331662178, 1.1163698434829712, 0.8291822515122375, 2.8813070328469905, 1.566129338886441, 38602.0, 30748.0, 30439.0, 37154.0, 7.8942155838012695, 99.97700500488281, -7.2040910720825195, 4.966715335845947, 0.10687954723834991, 0.03280441835522652, 1.5065001249313354, 1.1785831451416016, 0.3725605010986328, 1.5263671875, 1.629638671875, 0.4884490966796875, 1.56005859375
78764, 1.4169749021530151, -1.4389145374298096, 1.7221406698226929, 0.005234255455434322, -0.007958275265991688, 1.0920939445495605, 0.07884705811738968, -0.01928439736366272, 0.14643479883670807, -0.009065629914402962, -0.007782607339322567, 1.1164100170135498, 2.892445895717854, 2.7373572444347474, -5.909740953573514, 37214.0, 31198.0, 32350.0, 38600.0, 7.9140496253967285, 99.97700500488281, -7.2040910720825195, 4.966715335845947, -0.4016605615615845, -2.9175143241882324, 0.21568039059638977, 1.1785831451416016, 0.3725605010986328, 1.5263671875, 1.629638671875, 0.4884490966796875, 1.556396484375
78774, 1.427541732788086, -1.380793571472168, 1.0166808366775513, 0.001339274225756526, -0.008167091757059097, 1.0937479734420776, 0.06775899231433868, -0.019045040011405945, 0.09236230701208115, -0.009648540057241917, -0.008049581199884415, 1.1164580583572388, 3.3466676261834207, 2.4716333717496752, -1.6339110479435723, 36781.0, 31371.0, 32872.0, 38865.0, 7.874380588531494, -41.18796920776367, 7.6957244873046875, -417.2243957519531, -0.16704100370407104, 1.2100677490234375, 1.253760576248169, 1.1785831451416016, 0.3725605010986328, 1.5263671875, 1.629638671875, 0.4884490966796875, 1.556396484375
78824, 0.7105421423912048, -1.7076770067214966, -0.4091555178165436, 0.0050006830133497715, -0.009268886409699917, 1.0967622995376587, 0.07767347246408463, -0.020994488149881363, -0.011692247353494167, -0.010402435436844826, -0.006462087854743004, 1.1128748655319214, 3.3853519673156365, 3.632932773367372, -7.36949691883269, 36680.0, 31086.0, 32729.0, 38719.0, 7.8942155838012695, -48.24917221069336, -29.236967086791992, -432.3096008300781, 0.12556906044483185, 0.06067800149321556, 1.6887236833572388, 1.1785831451416016, 0.3725605010986328, 1.5263671875, 1.629638671875, 0.4884490966796875, 1.538818359375
78834, 1.416713833808899, -1.5307676792144775, 1.656070351600647, 0.0050006830133497715, -0.009268886409699917, 1.0967622995376587, 0.07767347246408463, -0.020994488149881363, -0.011692247353494167, -0.009417785331606865, -0.007802443578839302, 1.1119489669799805, 3.0896979786249137, 2.7825941066014366, -4.1897749444524415, 36965.0, 31345.0, 32236.0, 38368.0, 7.9140496253967285, -48.24917221069336, -29.236967086791992, -432.3096008300781, -0.2661183774471283, -2.8530406951904297, 0.18271219730377197, 1.1785831451416016, 0.3725605010986328, 1.5263671875, 1.629638671875, 0.4884490966796875, 1.538818359375
78964, 0.30428117513656616, -1.456109881401062, 0.8246937394142151, 0.0031148712150752544, -0.01126585341989994, 1.1103595495224, 0.07958618551492691, -0.025514952838420868, -0.010311241261661053, -0.011680955067276955, -0.007402205839753151, 1.1036428213119507, 2.008764662308993, 3.1007868898618653, -3.7812788966982844, 37863.0, 30711.0, 31254.0, 36063.0, 7.8942155838012695, 41.38746643066406, 20.2708683013916, 26.94568634033203, 0.5157901048660278, 1.03495192527771, 1.1643917560577393, 1.1785831451416016, 0.3725605010986328, 1.5263671875, 1.629638671875, 0.4884490966796875, 1.587158203125
78974, 0.2640073001384735, -1.1296520233154297, -0.8561388850212097, 0.0031148712150752544, -0.01126585341989994, 1.1103595495224, 0.07958618551492691, -0.025514952838420868, -0.010311241261661053, -0.011496905237436295, -0.005028775427490473, 1.101585865020752, 3.721733502536747, 2.0248953723366014, -6.161724430840434, 37863.0, 30711.0, 31254.0, 36063.0, 7.933885097503662, 41.38746643066406, 20.2708683013916, 26.94568634033203, 0.5157901048660278, 1.03495192527771, 1.1643917560577393, 1.1785831451416016, 0.3725605010986328, 1.5263671875, 0.97412109375, 3.60498046875, 1.587158203125
78984, 0.9980077743530273, -1.0495456457138062, 2.742187738418579, 0.0031148712150752544, -0.01126585341989994, 1.1103595495224, 0.07958618551492691, -0.025514952838420868, -0.010311241261661053, -0.013667299412190914, -0.003381984308362007, 1.1024534702301025, 3.6359379250379855, 3.5607631631591232, -6.325648060566876, 37863.0, 30711.0, 31254.0, 36063.0, 7.933885097503662, -2.7163772583007812, -21.317928314208984, -350.928466796875, 0.5157901048660278, 1.03495192527771, 1.1643917560577393, 1.1785831451416016, 0.3725605010986328, 1.5263671875, 0.97412109375, 3.60498046875, 1.513916015625
78994, 0.7431625127792358, -1.0512430667877197, 2.2561304569244385, 0.0031148712150752544, -0.01126585341989994, 1.1103595495224, 0.07958618551492691, -0.025514952838420868, -0.010311241261661053, -0.0120601961389184, -0.0050955465994775295, 1.1010650396347046, 2.4455200473432184, 2.3559638271440804, -5.307921544882298, 35968.0, 30958.0, 32506.0, 37792.0, 7.933885097503662, -62.87034225463867, -9.779258728027344, 416.29925537109375, 0.5157901048660278, 1.03495192527771, 1.1643917560577393, 1.1785831451416016, 0.3725605010986328, 1.5263671875, 0.97412109375, 3.60498046875, 1.513916015625
79014, -0.9580141305923462, -0.8349199295043945, 3.0462186336517334, 0.0030455258674919605, -0.012823507189750671, 1.1139055490493774, 0.08064647763967514, -0.029485831037163734, 0.03428420051932335, -0.013747906312346458, -0.005804366432130337, 1.0991852283477783, 3.5073712763531217, 2.3303769538690062, -0.5744774038794176, 36227.0, 30766.0, 31908.0, 37436.0, 7.933885097503662, 98.5994873046875, -37.94037628173828, 144.21620178222656, 0.5157901048660278, 1.03495192527771, 1.1643917560577393, 1.1785831451416016, 0.3725605010986328, 1.5263671875, 0.97412109375, 3.60498046875, 1.5322265625
79084, -1.5517454147338867, -0.7454908490180969, 2.162538528442383, 0.00483823474496603, -0.014143962413072586, 1.1166434288024902, 0.08213480561971664, -0.025039298459887505, 0.008610979653894901, -0.017630694434046745, -0.0034664850682020187, 1.0943629741668701, 4.936869974076087, 1.7705273606938476, -1.808316545725764, 36227.0, 30766.0, 31908.0, 37436.0, 7.8942155838012695, 82.34778594970703, -53.65491485595703, 175.1798095703125, -0.26775404810905457, 1.7060410976409912, 0.7990657687187195, 1.1785831451416016, 0.3725605010986328, 1.5263671875, 0.97412109375, 3.60498046875, 1.517578125
79094, -1.1457414627075195, -0.7914260029792786, 1.5271267890930176, 0.00483823474496603, -0.014143962413072586, 1.1166434288024902, 0.08213480561971664, -0.025039298459887505, 0.008610979653894901, -0.018272118642926216, -0.007702561095356941, 1.0922973155975342, 2.120876236308024, 2.407731587423001, -0.24981942560819656, 38029.0, 30484.0, 30326.0, 35994.0, 7.8942155838012695, 39.520606994628906, 42.44053268432617, -490.619140625, -0.26775404810905457, 1.7060410976409912, 0.7990657687187195, 1.1785831451416016, 0.3725605010986328, 1.5263671875, 0.97412109375, 3.60498046875, 1.517578125
79114, -0.23552006483078003, -0.8985094428062439, -0.8133836984634399, 0.00483823474496603, -0.014143962413072586, 1.1166434288024902, 0.08213480561971664, -0.025039298459887505, 0.008610979653894901, -0.018153473734855652, -0.006039149593561888, 1.0926185846328735, 2.7898973046064923, 2.2562296900204615, -3.5639937840615667, 36874.0, 30592.0, 30985.0, 37222.0, 7.8942155838012695, -25.024118423461914, -50.651527404785156, -547.6019897460938, -0.26775404810905457, 1.7060410976409912, 0.7990657687187195, 1.1785831451416016, 0.3725605010986328, 1.5263671875, 0.97412109375, 3.60498046875, 1.517578125
79124, 0.5101693272590637, -0.8158591389656067, 2.9492502212524414, 0.00483823474496603, -0.014143962413072586, 1.1166434288024902, 0.08213480561971664, -0.025039298459887505, 0.008610979653894901, -0.018879437819123268, -0.0038685332983732224, 1.0909959077835083, 2.457066756119233, 1.759849959825857, -6.213939901502212, 36603.0, 30632.0, 32119.0, 37602.0, 7.8942155838012695, 95.51249694824219, 20.010486602783203, 779.303466796875, -0.26775404810905457, 1.7060410976409912, 0.7990657687187195, 1.1785831451416016, 0.3725605010986328, 1.5263671875, 0.97412109375, 3.60498046875, 1.517578125
79194, 0.47520920634269714, -0.5767239928245544, 1.2158266305923462, 0.0042454153299331665, -0.014068244956433773, 1.1189783811569214, 0.07459668815135956, -0.012183531187474728, 0.03424880653619766, -0.019834192469716072, -0.005285271909087896, 1.0882463455200195, 2.7197355429684205, 1.5713347234064656, 0.4789088460230693, 36447.0, 30785.0, 30899.0, 37687.0, 7.933885097503662, -138.41366577148438, -5.608251094818115, 429.6797790527344, -0.27967512607574463, -0.7898710370063782, 2.497450113296509, 1.1785831451416016, 0.3725605010986328, 1.5263671875, 0.97412109375, 3.60498046875, 1.519775390625
79204, 1.0000560283660889, -0.5653541684150696, 3.944258689880371, 0.0028593712486326694, -0.014177139848470688, 1.118698000907898, 0.06941471248865128, -0.011155296117067337, 0.06905987858772278, -0.0199225302785635, -0.004533522762358189, 1.087255597114563, -0.5890563864831362, 1.196064729314628, -1.3731827746995762, 36447.0, 30785.0, 30899.0, 37687.0, 7.9140496253967285, -26.275423049926758, -18.233985900878906, -530.4273681640625, -0.27967512607574463, -0.7898710370063782, 2.497450113296509, 1.1785831451416016, 0.3725605010986328, 1.5263671875, 0.97412109375, 3.60498046875, 1.519775390625
79224, -0.8560369610786438, -0.4546803832054138, 4.4233078956604, 0.003555107396095991, -0.014289946295320988, 1.1190532445907593, 0.06977887451648712, -0.010788271203637123, 0.0019830381497740746, -0.020396457985043526, -0.0016880000475794077, 1.0842605829238892, 0.9898618167479567, 0.7497114847018338, -6.692662126746689, 36414.0, 30409.0, 29933.0, 37505.0, 7.9140496253967285, -26.275423049926758, -18.233985900878906, -530.4273681640625, 0.32184910774230957, 1.7412906885147095, 1.0498065948486328, 1.1785831451416016, 0.3725605010986328, 1.5263671875, 0.97412109375, 3.60498046875, 1.519775390625
79234, -0.7636873722076416, -0.2698938548564911, 3.7129132747650146, 0.003555107396095991, -0.014289946295320988, 1.1190532445907593, 0.06977887451648712, -0.010788271203637123, 0.0019830381497740746, -0.023035280406475067, -0.0014663822948932648, 1.086240291595459, 3.9713730212357055, 2.2228761787186215, -7.849035402778945, 37652.0, 30246.0, 29065.0, 36322.0, 7.9140496253967285, 32.23345184326172, -11.555935859680176, 30.421117782592773, 0.32184910774230957, 1.7412906885147095, 1.0498065948486328, 1.1785831451416016, 0.3725605010986328, 1.5263671875, 0.97412109375, 3.60498046875, 1.519775390625
79254, 0.27009761333465576, -0.6890238523483276, 1.3384828567504883, 0.0025271226186305285, -0.013513618148863316, 1.1181720495224, 0.06176432967185974, -0.007825614884495735, -0.07417064160108566, -0.021778082475066185, -0.0027192775160074234, 1.0839414596557617, 3.2631380297919703, 0.8717890234076435, -5.7617236614945195, 37652.0, 30246.0, 29065.0, 36322.0, 7.9140496253967285, 125.59834289550781, -8.774507522583008, -274.7287902832031, -0.7948614954948425, -1.79214608669281, 2.590298891067505, 1.1785831451416016, 0.3725605010986328, 1.5263671875, 0.97412109375, 3.60498046875, 1.52783203125
79324, 0.2609618008136749, 0.08443312346935272, -0.5083014369010925, 0.002973549999296665, -0.01224939152598381, 1.1166309118270874, 0.05606495961546898, -0.002485060365870595, -0.04433133080601692, -0.024907967075705528, -0.003939606249332428, 1.0822296142578125, 3.5440332301791075, 0.7860047701094004, -4.699708326329016, 37652.0, 30246.0, 29065.0, 36322.0, 7.8942155838012695, 31.470291137695312, -58.297218322753906, 154.7577362060547, 0.44962629675865173, 1.3609251976013184, 0.13043181598186493, 1.1785831451416016, 0.3725605010986328, 1.5263671875, 0.97412109375, 3.60498046875, 1.565185546875
79344, 0.966420590877533, -0.035978853702545166, 3.3714711666107178, 0.002973549999296665, -0.01224939152598381, 1.1166309118270874, 0.05606495961546898, -0.002485060365870595, -0.04433133080601692, -0.024737801402807236, -0.0035356476437300444, 1.081048846244812, 5.481466617676778, 0.39656157268885295, -2.3171277106888843, 36786.0, 30098.0, 33942.0, 37892.0, 7.8942155838012695, 65.64136505126953, 19.379623413085938, 590.7421875, 0.7349810600280762, 0.6066011190414429, 0.7391873598098755, 1.1785831451416016, 0.3725605010986328, 1.5263671875, 0.97412109375, 3.60498046875, 1.565185546875
79364, 0.2947385013103485, 0.08958457410335541, 5.321087837219238, 0.0014018299989402294, -0.011373242363333702, 1.114288568496704, 0.046373751014471054, 0.0003748507588170469, -0.04124410077929497, -0.02421841211616993, -0.005988338962197304, 1.0797477960586548, 2.9558871919141247, 0.5708026824327135, 0.7155846358341621, 36482.0, 30353.0, 33090.0, 38081.0, 7.874380588531494, -161.97879028320312, -6.724052906036377, 304.1631774902344, -0.09970049560070038, 1.4211435317993164, 1.2253398895263672, 1.1785831451416016, 0.3725605010986328, 1.5263671875, 0.97412109375, 3.60498046875, 1.565185546875
79404, 0.6487546563148499, -0.49539315700531006, 2.3147804737091064, 0.0032507090363651514, -0.011395963840186596, 1.113418698310852, 0.04592277109622955, 0.0017212735256180167, -0.0943126380443573, -0.02435290440917015, -0.002260033041238785, 1.0781481266021729, 0.9288869109662952, 0.7595958087817678, -6.315925830717702, 36482.0, 30353.0, 33090.0, 38081.0, 7.8942155838012695, -15.639798164367676, 50.820884704589844, -438.8235778808594, -0.019135111942887306, -0.29989469051361084, 2.1962199211120605, 1.1785831451416016, 0.3725605010986328, 1.5263671875, 1.00048828125, 2.972808837890625, 1.566650390625
79424, 1.1689410209655762, -0.38656070828437805, 3.2121729850769043, 0.0004562427056953311, -0.010734944604337215, 1.1111122369766235, 0.038533080369234085, 0.0003325766301713884, 0.033682722598314285, -0.02468016929924488, -0.008473855443298817, 1.0782396793365479, 2.360498268233605, 0.35234817326664825, 0.611604633809505, 36847.0, 30942.0, 29749.0, 38309.0, 7.8942155838012695, -15.639798164367676, 50.820884704589844, -438.8235778808594, -0.1501958966255188, 0.1144065111875534, 0.88249671459198, 1.1785831451416016, 0.3725605010986328, 1.5263671875, 1.00048828125, 2.972808837890625, 1.566650390625
79434, 0.7429499626159668, -0.44855430722236633, 3.232360363006592, 0.0008431471651419997, -0.010734991170465946, 1.1111576557159424, 0.038869716227054596, -0.00015487101336475462, -0.024594392627477646, -0.024953465908765793, -0.009251442737877369, 1.0796537399291992, 1.8770317077924488, 0.7817149349150725, -1.8537948748000477, 36847.0, 30942.0, 29749.0, 38309.0, 7.8942155838012695, -15.639798164367676, 50.820884704589844, -438.8235778808594, 0.34679940342903137, 1.9653798341751099, 0.9239639639854431, 1.1785831451416016, 0.3725605010986328, 1.5263671875, 1.00048828125, 2.972808837890625, 1.566650390625
79454, -0.4985635578632355, -0.48549333214759827, 2.562638521194458, 0.0008431471651419997, -0.010734991170465946, 1.1111576557159424, 0.038869716227054596, -0.00015487101336475462, -0.024594392627477646, -0.026454487815499306, -0.004649808630347252, 1.078719139099121, 3.7330572042960335, 1.0943883402962342, -8.456446059969636, 38229.0, 30362.0, 28628.0, 36778.0, 7.874380588531494, -15.639798164367676, 50.820884704589844, -438.8235778808594, 0.19508574903011322, 1.2727413177490234, -0.606487512588501, 1.1785831451416016, 0.3725605010986328, 1.5263671875, 1.00048828125, 2.972808837890625, 1.566650390625
79474, 0.8947991132736206, -1.01686692237854, 0.8030444979667664, -0.0016230508917942643, -0.009408840909600258, 1.1079281568527222, 0.030315928161144257, 0.003136999672278762, -0.10360392183065414, -0.024043798446655273, -0.0037962812930345535, 1.0780584812164307, 0.5324621563886188, 0.33374508203280584, -6.682034884861191, 37521.0, 30697.0, 29306.0, 37574.0, 7.874380588531494, 24.92576026916504, 7.577698707580566, -210.11297607421875, 0.19508574903011322, 1.2727413177490234, -0.606487512588501, 1.1785831451416016, 0.3725605010986328, 1.5263671875, 1.00048828125, 2.972808837890625, 1.566650390625
79544, 1.2829993963241577, -0.9460289478302002, 1.3770350217819214, -0.0033617843873798847, -0.007880216464400291, 1.1040798425674438, 0.028534531593322754, -0.0002041397528955713, -0.07299019396305084, -0.023052725940942764, -0.007851408794522285, 1.0811431407928467, 3.9975119011097675, 0.4650938299938332, -4.745259720304147, 38617.0, 30317.0, 31925.0, 37007.0, 7.8942155838012695, 4.2772932052612305, 54.101600646972656, 83.2132568359375, 0.43170034885406494, 0.622160792350769, 0.9536855816841125, 1.1785831451416016, 0.3725605010986328, 1.5263671875, 1.00048828125, 2.972808837890625, 1.540283203125
79554, 1.2740142345428467, -0.7471352815628052, -0.9123502373695374, -0.0030669216066598892, -0.00788828730583191, 1.1036291122436523, 0.030733032152056694, -0.002171599306166172, -0.017199276015162468, -0.022194169461727142, -0.010014165192842484, 1.0795822143554688, 3.730813529275939, 0.1982133868291669, -0.4560321929316103, 38617.0, 30317.0, 31925.0, 37007.0, 7.9140496253967285, 66.6111068725586, -13.38332748413086, 335.4444274902344, 0.43170034885406494, 0.622160792350769, 0.9536855816841125, 1.1785831451416016, 0.3725605010986328, 1.5263671875, 1.00048828125, 2.972808837890625, 1.540283203125
79584, 0.20190457999706268, -0.8746111989021301, 5.751029014587402, -0.0024069661740213633, -0.007997827604413033, 1.1042777299880981, 0.0335858054459095, -0.0057985964231193066, -0.00464671291410923, -0.02110411413013935, -0.01069498062133789, 1.0817692279815674, 2.5612520723585064, 0.6817575741943074, -5.919730699754379, 37042.0, 30577.0, 31253.0, 38434.0, 7.874380588531494, -191.33216857910156, 36.164466857910156, -338.4209899902344, 0.32098084688186646, 2.0887537002563477, 1.180612564086914, 1.1785831451416016, 0.3725605010986328, 1.5263671875, 1.00048828125, 2.972808837890625, 1.547607421875
79594, 0.04445422813296318, -0.8293180465698242, 4.56076192855835, -0.0024069661740213633, -0.007997827604413033, 1.1042777299880981, 0.0335858054459095, -0.0057985964231193066, -0.00464671291410923, -0.020130658522248268, -0.009187163785099983, 1.0837503671646118, 3.101525300056537, 0.7083337611405796, -7.350317049158667, 38342.0, 30506.0, 29997.0, 37263.0, 7.874380588531494, 38.16954803466797, -11.117698669433594, 27.070636749267578, 0.32098084688186646, 2.0887537002563477, 1.180612564086914, 1.1785831451416016, 0.3725605010986328, 1.5263671875, 1.00048828125, 2.972808837890625, 1.547607421875
79604, 0.2690523564815521, -1.3291528224945068, 2.0808041095733643, -0.0024069661740213633, -0.007997827604413033, 1.1042777299880981, 0.0335858054459095, -0.0057985964231193066, -0.00464671291410923, -0.019526168704032898, -0.011469099670648575, 1.0834002494812012, 3.1168685124980007, 0.6661962849667589, -6.4488035075721895, 38772.0, 30316.0, 28672.0, 36990.0, 7.854546070098877, 142.2579803466797, 26.764419555664062, -177.74917602539062, 0.32098084688186646, 2.0887537002563477, 1.180612564086914, 1.1785831451416016, 0.3725605010986328, 1.5263671875, 1.00048828125, 2.972808837890625, 1.547607421875
79684, 0.9718482494354248, -1.960943579673767, 0.6588280200958252, -0.007434938568621874, -0.0077682361006736755, 1.0962713956832886, 0.0352548249065876, -0.01619560830295086, 0.0320461243391037, -0.015421248972415924, -0.01455983892083168, 1.0875324010849, 2.736140531059842, 1.1302043179530017, -6.961969220606394, 38652.0, 30733.0, 31896.0, 37967.0, 7.874380588531494, 142.2579803466797, 26.764419555664062, -177.74917602539062, 0.5642744898796082, 0.9442546367645264, 0.9032549262046814, 1.1785831451416016, 0.3725605010986328, 1.5263671875, 1.00048828125, 2.972808837890625, 1.524169921875
79694, 0.8606798648834229, -1.6668472290039062, -1.9970537424087524, -0.007434938568621874, -0.0077682361006736755, 1.0962713956832886, 0.0352548249065876, -0.01619560830295086, 0.0320461243391037, -0.015393134206533432, -0.014118656516075134, 1.0876164436340332, 4.976230701597256, 1.017354001592821, -2.236280813636742, 38652.0, 30733.0, 31896.0, 37967.0, 7.9140496253967285, 142.2579803466797, 26.764419555664062, -177.74917602539062, 0.5642744898796082, 0.9442546367645264, 0.9032549262046814, 1.1785831451416016, 0.3725605010986328, 1.5263671875, 1.00048828125, 2.972808837890625, 1.560791015625
79704, 1.794175148010254, -1.7886769771575928, 4.001053810119629, -0.007434938568621874, -0.0077682361006736755, 1.0962713956832886, 0.0352548249065876, -0.01619560830295086, 0.0320461243391037, -0.013713935390114784, -0.017311112955212593, 1.088243007659912, -1.6362531522968782, 0.9854794115985612, 0.18041699859960225, 37714.0, 30979.0, 33703.0, 39401.0, 7.854546070098877, 6.518115043640137, -6.168674468994141, 80.78531646728516, -0.7797930240631104, -2.6780319213867188, 0.501449465751648, 1.1785831451416016, 0.3725605010986328, 1.5263671875, 1.00048828125, 2.972808837890625, 1.609130859375
79714, 1.3306255340576172, -1.7338777780532837, 1.37171471118927, -0.010049834847450256, -0.007200128398835659, 1.0923570394515991, 0.03487217426300049, -0.015932997688651085, -0.024920441210269928, -0.013659177348017693, -0.01506842952221632, 1.0916450023651123, 3.3588579861128083, 2.360509809384382, -8.770602642415273, 37391.0, 30747.0, 33690.0, 39632.0, 7.854546070098877, -19.197416305541992, -5.625117778778076, 144.4615020751953, 0.20080864429473877, 2.3625571727752686, 1.292339563369751, 1.218384861946106, 0.9549579620361328, 1.573974609375, 1.00048828125, 2.972808837890625, 1.51611328125
79774, 1.789014458656311, -2.069108247756958, 3.532106637954712, -0.011513233184814453, -0.007129886653274298, 1.0888844728469849, 0.04720809683203697, -0.021216029301285744, 0.07386890798807144, -0.009787794202566147, -0.019318558275699615, 1.0952329635620117, 2.291523088809395, 1.9272841507686564, -5.11078603658212, 38794.0, 30800.0, 30508.0, 38129.0, 7.8942155838012695, -10.743656158447266, 82.89554595947266, 155.1471710205078, -0.7986263036727905, -2.400101900100708, 0.43441250920295715, 1.218384861946106, 0.9549579620361328, 1.573974609375, 2.326171875, 9.6043701171875, 1.5234375
79824, 1.0095279216766357, -2.6743054389953613, 0.8872895240783691, -0.012593379244208336, -0.007852018810808659, 1.0869460105895996, 0.04983361065387726, -0.021773040294647217, -0.07470503449440002, -0.008265712298452854, -0.018533384427428246, 1.098373293876648, 3.3840899696502116, 2.0842498608201083, -4.7988820809057575, 39379.0, 30784.0, 30315.0, 37509.0, 7.8942155838012695, -10.743656158447266, 82.89554595947266, 155.1471710205078, 0.41506144404411316, 0.9789178371429443, 0.8943469524383545, 1.218384861946106, 0.9549579620361328, 1.573974609375, 2.326171875, 9.6043701171875, 1.546875
79834, 1.0159658193588257, -2.343855381011963, -1.3786170482635498, -0.012593379244208336, -0.007852018810808659, 1.0869460105895996, 0.04983361065387726, -0.021773040294647217, -0.07470503449440002, -0.008085335604846478, -0.01891922764480114, 1.0981323719024658, 4.316847488224023, 1.7875834928198628, -1.3238804995792235, 37869.0, 31445.0, 31211.0, 39156.0, 7.8942155838012695, -10.743656158447266, 82.89554595947266, 155.1471710205078, 1.2304848432540894, -1.074976921081543, -0.05289963260293007, 1.218384861946106, 0.9549579620361328, 1.573974609375, 2.326171875, 9.6043701171875, 1.546875
79844, 1.798072338104248, -2.3588953018188477, 3.0966970920562744, -0.014679872430860996, -0.008319566957652569, 1.085148811340332, 0.05711156874895096, -0.027141310274600983, 0.08368885517120361, -0.00699821999296546, -0.02332395315170288, 1.0988357067108154, 1.5872650585870238, 1.5952978456726896, 1.248513193634182, 37869.0, 31445.0, 31211.0, 39156.0, 7.8942155838012695, 0.7013364434242249, -16.26150894165039, -6.088122367858887, 1.2304848432540894, -1.074976921081543, -0.05289963260293007, 1.218384861946106, 0.9549579620361328, 1.573974609375, 2.326171875, 9.6043701171875, 1.546875
79854, 1.3025168180465698, -2.4011666774749756, 1.419723391532898, -0.014679872430860996, -0.008319566957652569, 1.085148811340332, 0.05711156874895096, -0.027141310274600983, 0.08368885517120361, -0.0067436485551297665, -0.02320161834359169, 1.0982407331466675, -0.6749511323574463, 1.6126480289002814, 0.7824479427348109, 37869.0, 31445.0, 31211.0, 39156.0, 7.8942155838012695, -38.40639877319336, 14.246971130371094, 407.2370910644531, 1.2304848432540894, -1.074976921081543, -0.05289963260293007, 1.218384861946106, 0.9549579620361328, 1.573974609375, 2.326171875, 9.6043701171875, 1.5615234375
79934, -0.4634699821472168, -2.247504234313965, 4.096011161804199, -0.011728879064321518, -0.010244743898510933, 1.0854476690292358, 0.0837307870388031, -0.03582493215799332, 0.01672213338315487, -0.005450909025967121, -0.0201827734708786, 1.1037405729293823, 4.448402649424653, 1.7605597976115064, -3.254988223693653, 37797.0, 30897.0, 32470.0, 39112.0, 7.874380588531494, -215.67161560058594, 33.84601974487305, -48.73217010498047, 0.4891136586666107, 2.348463296890259, 1.1540652513504028, 1.218384861946106, 0.9549579620361328, 1.573974609375, 2.326171875, 9.6043701171875, 1.5615234375
79954, 0.2549457252025604, -2.2544796466827393, 0.3593378961086273, -0.013140910305082798, -0.010170049034059048, 1.084726095199585, 0.08512521535158157, -0.03410985693335533, 0.06618228554725647, -0.004343297332525253, -0.024451468139886856, 1.1046628952026367, 1.841754827310914, 1.7377500721589172, 1.4634374628675144, 37797.0, 30897.0, 32470.0, 39112.0, 7.814876556396484, -215.67161560058594, 33.84601974487305, -48.73217010498047, 0.023801377043128014, 0.7146174311637878, -0.743368923664093, 1.218384861946106, 0.9549579620361328, 1.573974609375, 2.326171875, 9.6043701171875, 1.5234375
79974, 0.689071536064148, -2.126518964767456, -0.8543199896812439, -0.011424154043197632, -0.010846586897969246, 1.084527611732483, 0.09174862504005432, -0.03460603579878807, 0.0395125076174736, -0.004492888227105141, -0.025778524577617645, 1.1071553230285645, 1.170896721704305, 2.4786974398100767, -1.3524395613480276, 38506.0, 30832.0, 30843.0, 38327.0, 7.814876556396484, 137.32688903808594, 32.29328155517578, 610.059326171875, 0.023801377043128014, 0.7146174311637878, -0.743368923664093, 1.218384861946106, 0.9549579620361328, 1.573974609375, 2.326171875, 9.6043701171875, 1.546875
79984, 1.3330310583114624, -2.029728412628174, 2.469391345977783, -0.011424154043197632, -0.010846586897969246, 1.084527611732483, 0.09174862504005432, -0.03460603579878807, 0.0395125076174736, -0.0042444514110684395, -0.023716779425740242, 1.1074402332305908, 2.2993826588234465, 2.661016830236832, -4.036002305964497, 38506.0, 30832.0, 30843.0, 38327.0, 7.814876556396484, -24.77837562561035, -21.883060455322266, -275.593505859375, 0.023801377043128014, 0.7146174311637878, -0.743368923664093, 1.218384861946106, 0.9549579620361328, 1.573974609375, 2.326171875, 9.6043701171875, 1.538818359375
80014, -0.6845523715019226, -1.7762813568115234, 3.344068765640259, -0.010411061346530914, -0.012401577085256577, 1.085098147392273, 0.09908860176801682, -0.03920731320977211, 0.03679072484374046, -0.0036392109468579292, -0.021955108270049095, 1.1101982593536377, 3.4771682635406127, 2.445378296605867, -4.189286996084056, 39222.0, 30914.0, 31346.0, 37606.0, 7.9140496253967285, -24.77837562561035, -21.883060455322266, -275.593505859375, 0.026699932292103767, 0.7305279970169067, -0.6574408411979675, 1.218384861946106, 0.9549579620361328, 1.573974609375, 2.326171875, 9.6043701171875, 1.541015625
80044, 0.5167906284332275, -1.8462820053100586, -0.5907663702964783, -0.008367983624339104, -0.013151663355529308, 1.0857244729995728, 0.10221412777900696, -0.0356365405023098, -0.054160550236701965, -0.0024428986944258213, -0.02492159605026245, 1.111512303352356, -1.402963991306284, 1.8951278027452076, -0.738486823046783, 39395.0, 30740.0, 30444.0, 37385.0, 7.9140496253967285, 128.47532653808594, 13.13552188873291, 477.9134826660156, -0.73171067237854, -0.7136279940605164, 2.813852548599243, 1.3315140008926392, 2.1376724243164062, 1.670654296875, 2.326171875, 9.6043701171875, 1.541015625
80054, 1.0240297317504883, -1.7032803297042847, 1.8707865476608276, -0.008789079263806343, -0.01430437806993723, 1.0862290859222412, 0.10808449983596802, -0.03838246315717697, 0.09429732710123062, -0.0026900372467935085, -0.02579842321574688, 1.1131398677825928, 2.103650517602225, 2.712308887345756, -3.4598818686599655, 39395.0, 30740.0, 30444.0, 37385.0, 7.9140496253967285, -40.64554214477539, -12.552330017089844, -456.3312072753906, -0.73171067237854, -0.7136279940605164, 2.813852548599243, 1.3315140008926392, 2.1376724243164062, 1.670654296875, 2.326171875, 9.6043701171875, 1.53076171875
80064, 0.5171751976013184, -1.7037395238876343, 1.988248348236084, -0.008789079263806343, -0.01430437806993723, 1.0862290859222412, 0.10808449983596802, -0.03838246315717697, 0.09429732710123062, -0.002714661881327629, -0.02381591871380806, 1.1125037670135498, 2.1062759971506453, 2.177370224205532, -7.826218919681707, 37286.0, 31035.0, 32567.0, 39251.0, 7.9140496253967285, -88.93307495117188, 9.292415618896484, 543.6007690429688, -0.73171067237854, -0.7136279940605164, 2.813852548599243, 1.3315140008926392, 2.1376724243164062, 1.670654296875, 2.326171875, 9.6043701171875, 1.53076171875
80074, -1.3036917448043823, -1.6793088912963867, 3.4640097618103027, -0.008789079263806343, -0.01430437806993723, 1.0862290859222412, 0.10808449983596802, -0.03838246315717697, 0.09429732710123062, -0.003921058028936386, -0.022533604875206947, 1.114072322845459, 3.4617705429363523, 3.1516076058657063, -9.071453559268791, 37777.0, 30801.0, 32270.0, 38628.0, 7.9140496253967285, -110.73246765136719, 31.450199127197266, -386.0555419921875, -0.73171067237854, -0.7136279940605164, 2.813852548599243, 1.3315140008926392, 2.1376724243164062, 1.670654296875, 2.326171875, 9.6043701171875, 1.53076171875
80084, -0.9271299242973328, -1.4417181015014648, 3.081712484359741, -0.008789079263806343, -0.01430437806993723, 1.0862290859222412, 0.10808449983596802, -0.03838246315717697, 0.09429732710123062, -0.0036366796121001244, -0.022221695631742477, 1.114632248878479, 3.390506829454014, 3.3745581398878812, -8.818782933609054, 37777.0, 30801.0, 32270.0, 38628.0, 7.9140496253967285, 31.01220703125, 6.9147491455078125, -22.882797241210938, -0.73171067237854, -0.7136279940605164, 2.813852548599243, 1.3315140008926392, 2.1376724243164062, 1.670654296875, 2.326171875, 9.6043701171875, 1.53515625
80134, 0.3334225118160248, -1.3322086334228516, 2.619771957397461, -0.002479363465681672, -0.017110513523221016, 1.089937686920166, 0.12168417125940323, -0.03528066352009773, 0.02263585664331913, -0.0020304694771766663, -0.028084946796298027, 1.1177116632461548, 1.7675557630954186, 2.6186142456251957, -2.6567718816280546, 37303.0, 31240.0, 32611.0, 39048.0, 7.8942155838012695, 155.85606384277344, -37.77568817138672, -220.69094848632812, 0.44468337297439575, 2.0790226459503174, 0.9373177289962769, 1.3315140008926392, 2.1376724243164062, 1.670654296875, 2.326171875, 9.6043701171875, 1.535888671875
80164, -0.14739662408828735, -1.2244411706924438, -0.48963290452957153, -0.0017373841255903244, -0.017699062824249268, 1.0915786027908325, 0.12114426493644714, -0.03251245617866516, 0.05612128600478172, -0.0020673610270023346, -0.024956388399004936, 1.1202784776687622, 3.3898253945660786, 2.6427533538855528, -4.401681311364947, 38991.0, 30773.0, 30591.0, 37059.0, 7.83471155166626, 155.85606384277344, -37.77568817138672, -220.69094848632812, 0.5510228872299194, 0.48335301876068115, 1.4401004314422607, 1.3315140008926392, 2.1376724243164062, 1.670654296875, 2.326171875, 9.6043701171875, 1.557861328125
80214, -1.463864803314209, -1.0243269205093384, 3.089752674102783, 0.003269593231379986, -0.018950795754790306, 1.0927258729934692, 0.12946687638759613, -0.030514724552631378, 0.004004715941846371, -0.002313368022441864, -0.02691357582807541, 1.1242302656173706, 2.9618058929135795, 2.5153859100728937, -4.942964633339658, 37697.0, 30885.0, 32449.0, 38427.0, 7.933885097503662, -78.70414733886719, 21.00067138671875, -355.6856994628906, 0.06780994683504105, 0.09804517775774002, 2.158818483352661, 1.1535913944244385, 2.298952102661133, 1.683837890625, 1.327880859375, 0.0218353271484375, 1.52490234375
80224, -1.0569931268692017, -0.792254626750946, 2.6464669704437256, 0.002719585318118334, -0.019734811037778854, 1.0940314531326294, 0.12542405724525452, -0.0318794921040535, 0.04792100563645363, -0.001847551204264164, -0.027974599972367287, 1.1227126121520996, 2.8525321418544562, 2.137392628872732, 0.5989809252988006, 37697.0, 30885.0, 32449.0, 38427.0, 7.933885097503662, 14.735142707824707, 15.453886985778809, -112.8846435546875, 0.06233595311641693, 1.1733529567718506, -0.8277319073677063, 1.1535913944244385, 2.298952102661133, 1.683837890625, 1.327880859375, 0.0218353271484375, 1.6083984375
80234, -0.13509182631969452, -0.9297010898590088, -0.40326398611068726, 0.002719585318118334, -0.019734811037778854, 1.0940314531326294, 0.12542405724525452, -0.0318794921040535, 0.04792100563645363, -0.0025644954293966293, -0.03088485449552536, 1.12327241897583, 1.7164780763939882, 2.6097346868039892, 1.051306228880532, 38934.0, 30640.0, 31020.0, 37117.0, 7.854546070098877, 14.735142707824707, 15.453886985778809, -112.8846435546875, 0.43585464358329773, 0.22133883833885193, 1.4164166450500488, 1.1535913944244385, 2.298952102661133, 1.683837890625, 1.327880859375, 0.0218353271484375, 1.6083984375
80244, 0.09369182586669922, -1.1522449254989624, 0.21719348430633545, 0.002719585318118334, -0.019734811037778854, 1.0940314531326294, 0.12542405724525452, -0.0318794921040535, 0.04792100563645363, -0.001767768058925867, -0.029083307832479477, 1.1232250928878784, -1.3168310563254957, 2.065819369456136, -1.1961653252155122, 37968.0, 30636.0, 31362.0, 38122.0, 7.8942155838012695, -36.76350402832031, 15.225154876708984, -16.175769805908203, 0.43585464358329773, 0.22133883833885193, 1.4164166450500488, 1.1535913944244385, 2.298952102661133, 1.683837890625, 1.327880859375, 0.0218353271484375, 1.6083984375
80264, 0.8077321648597717, -0.7545449733734131, 2.049790859222412, 0.004527602810412645, -0.02136075869202614, 1.0962533950805664, 0.12400546669960022, -0.029410680755972862, 0.0696568712592125, -0.004033859819173813, -0.025849133729934692, 1.1239242553710938, 3.2869458255869124, 3.351533657740106, -8.04565359733194, 37192.0, 31213.0, 32994.0, 39097.0, 7.8942155838012695, -39.627628326416016, -21.742536544799805, -445.2728576660156, -0.30934950709342957, -0.11025530844926834, 0.7961865663528442, 1.1535913944244385, 2.298952102661133, 1.683837890625, 1.327880859375, 0.0218353271484375, 1.54541015625
80274, 0.32060006260871887, -0.7554152011871338, 2.6752395629882812, 0.005770172458142042, -0.021656211465597153, 1.0966299772262573, 0.12469819188117981, -0.02927427552640438, 0.005639196839183569, -0.003622777061536908, -0.026964716613292694, 1.1233808994293213, 3.4957105012725287, 2.3078821891629673, -3.475445798976473, 37035.0, 30971.0, 33030.0, 39046.0, 7.854546070098877, -39.627628326416016, -21.742536544799805, -445.2728576660156, 0.4439755976200104, 2.050558567047119, 0.9688364267349243, 1.1535913944244385, 2.298952102661133, 1.683837890625, 1.327880859375, 0.0218353271484375, 1.54541015625
80304, -0.12319108843803406, -0.7236663699150085, -0.4430597424507141, 0.009581556543707848, -0.022557837888598442, 1.0975793600082397, 0.12926456332206726, -0.0278709027916193, 0.0530715212225914, -0.0037430105730891228, -0.03097640909254551, 1.1233866214752197, 1.8894884589774967, 2.601146679965666, -3.507539439820283, 38757.0, 30676.0, 31453.0, 37127.0, 7.933885097503662, 153.05809020996094, -20.970487594604492, -227.7941131591797, 0.05194684490561485, 0.9668793082237244, -0.764754593372345, 1.1535913944244385, 2.298952102661133, 1.683837890625, 1.327880859375, 0.0218353271484375, 1.543212890625
80314, 0.1261131316423416, -0.9602548480033875, 0.2879355549812317, 0.009581556543707848, -0.022557837888598442, 1.0975793600082397, 0.12926456332206726, -0.0278709027916193, 0.0530715212225914, -0.00409073568880558, -0.029651440680027008, 1.1226980686187744, 1.9806257339252606, 2.480058196242936, -5.717520040248482, 37794.0, 30872.0, 31081.0, 37939.0, 7.874380588531494, 153.05809020996094, -20.970487594604492, -227.7941131591797, 0.05194684490561485, 0.9668793082237244, -0.764754593372345, 1.1535913944244385, 2.298952102661133, 1.683837890625, 1.327880859375, 0.0218353271484375, 1.543212890625
80324, 0.4003756642341614, -0.7058116793632507, -0.42042282223701477, 0.009581556543707848, -0.022557837888598442, 1.0975793600082397, 0.12926456332206726, -0.0278709027916193, 0.0530715212225914, -0.004482046701014042, -0.02830217033624649, 1.1222389936447144, 2.186644610643154, 2.290807361072126, -7.498970473501487, 37255.0, 31144.0, 32065.0, 38561.0, 7.874380588531494, 119.81053161621094, 26.855960845947266, 636.2503662109375, 0.05194684490561485, 0.9668793082237244, -0.764754593372345, 1.1535913944244385, 2.298952102661133, 1.683837890625, 1.327880859375, 0.0218353271484375, 1.543212890625
80334, 0.8131310939788818, -0.634713888168335, 2.192270040512085, 0.009581556543707848, -0.022557837888598442, 1.0975793600082397, 0.12926456332206726, -0.0278709027916193, 0.0530715212225914, -0.005595079623162746, -0.026082482188940048, 1.1225438117980957, 3.1986619275278882, 3.1199722765499587, -7.443727842427522, 36947.0, 31087.0, 32778.0, 38774.0, 7.874380588531494, -40.092098236083984, -11.123475074768066, -472.4754638671875, 0.05194684490561485, 0.9668793082237244, -0.764754593372345, 1.1535913944244385, 2.298952102661133, 1.683837890625, 1.327880859375, 0.0218353271484375, 1.543212890625
80344, 0.35180023312568665, -0.6264084577560425, 2.388800859451294, 0.009581556543707848, -0.022557837888598442, 1.0975793600082397, 0.12926456332206726, -0.0278709027916193, 0.0530715212225914, -0.004981737583875656, -0.027988247573375702, 1.1230919361114502, 2.9468808380039477, 2.197849010363825, -4.771100601728646, 36947.0, 31087.0, 32778.0, 38774.0, 7.874380588531494, -72.29749298095703, 18.515838623046875, 527.8253784179688, 0.4892783761024475, 2.1386899948120117, 0.9737812280654907, 1.1535913944244385, 2.298952102661133, 1.683837890625, 1.327880859375, 0.0218353271484375, 1.56591796875
80384, 0.10947246849536896, -0.8549983501434326, 0.328264445066452, 0.011600414291024208, -0.02386990375816822, 1.1039153337478638, 0.11690922826528549, -0.02187417447566986, -0.044216301292181015, -0.005450335796922445, -0.03155140206217766, 1.1202524900436401, 1.4175990579255406, 2.4288537815154143, -2.794930749321329, 36947.0, 31087.0, 32778.0, 38774.0, 7.874380588531494, 150.32925415039062, -35.121177673339844, -186.26504516601562, -0.5481151342391968, -0.9399093389511108, 2.821721076965332, 1.1535913944244385, 2.298952102661133, 1.683837890625, 1.327880859375, 0.0218353271484375, 1.54541015625
80394, 0.3233579993247986, -0.5711857080459595, -0.7590247392654419, 0.012781037949025631, -0.024084972217679024, 1.104062795639038, 0.11973055452108383, -0.021741805598139763, 0.073704294860363, -0.005817887373268604, -0.02866085059940815, 1.1188404560089111, 1.8127767022843728, 2.1847226519482206, -6.801849062241391, 36947.0, 31087.0, 32778.0, 38774.0, 7.9140496253967285, 150.32925415039062, -35.121177673339844, -186.26504516601562, 0.5193751454353333, -2.0432872772216797, 0.05459911748766899, 1.1535913944244385, 2.298952102661133, 1.683837890625, 1.327880859375, 0.0218353271484375, 1.528564453125
80424, -1.3159605264663696, -0.49910786747932434, 3.572688102722168, 0.013988269492983818, -0.024303603917360306, 1.1049740314483643, 0.12156197428703308, -0.02215670235455036, 0.10854940861463547, -0.00676804780960083, -0.027117036283016205, 1.1172349452972412, 3.492705534001269, 1.8755606043146429, -3.2233681059956165, 36776.0, 30987.0, 32423.0, 37737.0, 7.9140496253967285, -22.06841278076172, -19.50374984741211, -344.36810302734375, 0.5856646299362183, 2.02313232421875, 0.9872958064079285, 1.1535913944244385, 2.298952102661133, 1.683837890625, 2.26904296875, 7.441650390625, 1.528564453125
80434, -1.0139986276626587, -0.30813828110694885, 3.04290771484375, 0.013988269492983818, -0.024303603917360306, 1.1049740314483643, 0.12156197428703308, -0.02215670235455036, 0.10854940861463547, -0.007023639511317015, -0.027314815670251846, 1.116668462753296, 3.9842175591970252, 1.9080280753437364, -0.8629862107493628, 37927.0, 30808.0, 31487.0, 36432.0, 7.8942155838012695, -22.06841278076172, -19.50374984741211, -344.36810302734375, 0.5856646299362183, 2.02313232421875, 0.9872958064079285, 1.1535913944244385, 2.298952102661133, 1.683837890625, 2.26904296875, 7.441650390625, 1.528564453125
80454, 0.1451295018196106, -0.7158770561218262, 0.5866348743438721, 0.01520550437271595, -0.025567833334207535, 1.1098889112472534, 0.11209211498498917, -0.02049403265118599, -0.030366556718945503, -0.006570341065526009, -0.029815660789608955, 1.1145823001861572, -1.3727224613251225, 1.5297724095274532, -1.1515006972046342, 37927.0, 30808.0, 31487.0, 36432.0, 7.8942155838012695, -22.403566360473633, 32.8689079284668, 99.67412567138672, 0.4483422636985779, 1.0417003631591797, 1.0967862606048584, 1.1535913944244385, 2.298952102661133, 1.683837890625, 2.26904296875, 7.441650390625, 1.5234375
80464, 0.07852111756801605, -0.31159156560897827, -1.8684136867523193, 0.01520550437271595, -0.025567833334207535, 1.1098889112472534, 0.11209211498498917, -0.02049403265118599, -0.030366556718945503, -0.007271797861903906, -0.032076504081487656, 1.1142723560333252, 3.8074909005686317, 1.9029079789386003, -4.6411961834078035, 37927.0, 30808.0, 31487.0, 36432.0, 7.8942155838012695, -22.403566360473633, 32.8689079284668, 99.67412567138672, 0.9949489831924438, -1.2894635200500488, -0.16378557682037354, 1.1535913944244385, 2.298952102661133, 1.683837890625, 2.26904296875, 7.441650390625, 1.521240234375
80534, -0.036369889974594116, -0.3341459631919861, -1.8166844844818115, 0.014257457107305527, -0.027255630120635033, 1.116703987121582, 0.0930238738656044, -0.017642132937908173, 0.0042827981524169445, -0.009656335227191448, -0.029004964977502823, 1.107664704322815, 1.9471904468614056, 1.809205508191127, -5.579866010924726, 37818.0, 30376.0, 30812.0, 36009.0, 7.8942155838012695, -6.410793304443359, -67.40544128417969, -280.57781982421875, 1.0056312084197998, -0.19866283237934113, 0.3297196626663208, 1.1535913944244385, 2.298952102661133, 1.683837890625, 2.26904296875, 7.441650390625, 1.525634765625
80544, 0.7893885374069214, -0.42473194003105164, 3.7611916065216064, 0.014257457107305527, -0.027255630120635033, 1.116703987121582, 0.0930238738656044, -0.017642132937908173, 0.0042827981524169445, -0.009930657222867012, -0.02628091163933277, 1.1054632663726807, 3.9577997707952806, 1.1047391736842087, -8.112285178710858, 36281.0, 30841.0, 32735.0, 37681.0, 7.9140496253967285, 58.39326095581055, 0.8413227796554565, 414.7121887207031, 1.0056312084197998, -0.19866283237934113, 0.3297196626663208, 1.1535913944244385, 2.298952102661133, 1.683837890625, 2.26904296875, 7.441650390625, 1.525634765625
80574, -1.3900046348571777, -0.2532321810722351, 2.450178861618042, 0.01299991924315691, -0.027554353699088097, 1.119971513748169, 0.08258292078971863, -0.017738493159413338, 0.03951873630285263, -0.010753236711025238, -0.027462417259812355, 1.1023157835006714, 2.8254220947332205, 0.9967795191002438, 0.17026525283790253, 35977.0, 30753.0, 32244.0, 37507.0, 7.9537200927734375, 58.39326095581055, 0.8413227796554565, 414.7121887207031, -0.20836453139781952, -0.19707539677619934, 1.171581745147705, 1.1535913944244385, 2.298952102661133, 1.683837890625, 1.16015625, 0.6554412841796875, 1.525634765625
80584, -1.061478853225708, -0.36076581478118896, 1.5540121793746948, 0.013828557915985584, -0.027725951746106148, 1.1206340789794922, 0.08319748193025589, -0.01571422815322876, 0.09294632077217102, -0.010646071285009384, -0.029218899086117744, 1.1003376245498657, -0.5989533309715815, 0.5692496655284742, -0.4420731389526361, 35977.0, 30753.0, 32244.0, 37507.0, 7.874380588531494, 58.39326095581055, 0.8413227796554565, 414.7121887207031, 0.2950740158557892, 1.19316828250885, -0.24357907474040985, 1.1535913944244385, 2.298952102661133, 1.683837890625, 1.16015625, 0.6554412841796875, 1.525634765625
80594, -0.0593109168112278, -0.32218456268310547, -0.3694465756416321, 0.013828557915985584, -0.027725951746106148, 1.1206340789794922, 0.08319748193025589, -0.01571422815322876, 0.09294632077217102, -0.011310277506709099, -0.028826694935560226, 1.1021889448165894, 1.7673988764479822, 1.486369208871679, -3.7701559332195327, 35977.0, 30753.0, 32244.0, 37507.0, 7.874380588531494, 68.8318099975586, 13.293953895568848, 143.72695922851562, 0.2950740158557892, 1.19316828250885, -0.24357907474040985, 1.1535913944244385, 2.298952102661133, 1.683837890625, 1.16015625, 0.6554412841796875, 1.53515625
80604, -0.09601092338562012, -0.5811430215835571, -0.5994476079940796, 0.015493073500692844, -0.028026198968291283, 1.1209689378738403, 0.0835181474685669, -0.013207081705331802, -0.036023132503032684, -0.01173379272222519, -0.026523683220148087, 1.0988218784332275, 1.5140725089677365, 0.7416813913174565, -7.209704972507935, 35977.0, 30753.0, 32244.0, 37507.0, 7.8942155838012695, 68.8318099975586, 13.293953895568848, 143.72695922851562, 0.26996469497680664, 0.2867671847343445, 1.502698302268982, 1.1535913944244385, 2.298952102661133, 1.683837890625, 1.16015625, 0.6554412841796875, 1.53515625
80624, 0.56951504945755, -0.3751423954963684, 1.1168240308761597, 0.017191872000694275, -0.02828569896519184, 1.1220420598983765, 0.08606106787919998, -0.012318447232246399, 0.05127852410078049, -0.011731601320207119, -0.023464564234018326, 1.0964800119400024, 0.8170930044795426, 0.7202323080821316, -4.972859434823325, 35892.0, 31157.0, 32599.0, 37662.0, 7.9140496253967285, 68.8318099975586, 13.293953895568848, 143.72695922851562, -0.09332440793514252, 0.744461178779602, 1.060486912727356, 1.1535913944244385, 2.298952102661133, 1.683837890625, 1.16015625, 0.6554412841796875, 1.53515625
80674, 0.05020641162991524, -0.699385404586792, 0.7492408752441406, 0.016009321436285973, -0.02935677580535412, 1.1232070922851562, 0.07523222267627716, -0.01089236419647932, -0.06610874086618423, -0.01268606074154377, -0.02712460421025753, 1.092483401298523, 2.261520308868813, 0.9521328831963842, -4.994287614780857, 37610.0, 30258.0, 30686.0, 35874.0, 7.9140496253967285, -100.28742218017578, 25.731616973876953, -431.5709533691406, -0.343332976102829, -1.134620189666748, 2.5755867958068848, 1.1535913944244385, 2.298952102661133, 1.683837890625, 1.16015625, 0.6554412841796875, 1.53515625
80694, 0.739642858505249, -0.4901973605155945, 2.677537679672241, 0.012410983443260193, -0.0296829454600811, 1.1233631372451782, 0.06532031297683716, -0.010846277698874474, 0.06970951706171036, -0.012481028214097023, -0.02216547541320324, 1.0888099670410156, 0.8176828866166495, 0.3765049851760409, -5.247784564210471, 37610.0, 30258.0, 30686.0, 35874.0, 7.874380588531494, 52.44364929199219, -27.36344337463379, 276.586669921875, -0.3735717833042145, -1.6648014783859253, 0.6414400339126587, 1.1535913944244385, 2.298952102661133, 1.683837890625, 1.16015625, 0.6554412841796875, 1.541015625
80704, 0.4169520437717438, -0.4555082321166992, 1.7475179433822632, 0.012410983443260193, -0.0296829454600811, 1.1233631372451782, 0.06532031297683716, -0.010846277698874474, 0.06970951706171036, -0.013243477791547775, -0.023652108386158943, 1.0886712074279785, 3.8181165049363712, 0.5048167959712941, -2.905349425570246, 37610.0, 30258.0, 30686.0, 35874.0, 7.8942155838012695, 52.44364929199219, -27.36344337463379, 276.586669921875, 0.1713201254606247, 1.7340377569198608, 1.2033582925796509, 1.1535913944244385, 2.298952102661133, 1.683837890625, 1.16015625, 0.6554412841796875, 1.5380859375
80714, -0.9929007887840271, -0.4145374596118927, 3.6627044677734375, 0.012410983443260193, -0.0296829454600811, 1.1233631372451782, 0.06532031297683716, -0.010846277698874474, 0.06970951706171036, -0.012848875485360622, -0.025301387533545494, 1.0866369009017944, 3.388599285473602, 0.29921142195442485, 0.10461742828443339, 37610.0, 30258.0, 30686.0, 35874.0, 7.8942155838012695, -201.99383544921875, 15.82130241394043, -289.9134521484375, 0.1713201254606247, 1.7340377569198608, 1.2033582925796509, 1.1535913944244385, 2.298952102661133, 1.683837890625, 1.16015625, 0.6554412841796875, 1.575439453125
80734, -0.8923842310905457, -0.46575629711151123, 0.27362939715385437, 0.010180613957345486, -0.029359696432948112, 1.123380422592163, 0.05484021455049515, -0.007105099968612194, 0.055579785257577896, -0.012438374571502209, -0.02678229846060276, 1.0867997407913208, 2.1746377640647387, 0.9277848436645115, -3.4493947404790415, 37802.0, 30364.0, 30842.0, 35925.0, 7.854546070098877, -201.99383544921875, 15.82130241394043, -289.9134521484375, 0.3658578395843506, 1.3336942195892334, 0.4508000910282135, 1.1535913944244385, 2.298952102661133, 1.683837890625, 1.16015625, 0.6554412841796875, 1.575439453125
80774, 0.45476123690605164, -0.48655131459236145, 0.8191797137260437, 0.011839527636766434, -0.02955072931945324, 1.1229139566421509, 0.05738597363233566, -0.005425168201327324, 0.0810391753911972, -0.01263905968517065, -0.02290094457566738, 1.0815550088882446, 4.112171001375935, 0.38368876696088705, -3.1292936735326355, 36052.0, 30753.0, 32780.0, 37933.0, 7.874380588531494, -201.99383544921875, 15.82130241394043, -289.9134521484375, -0.7544122338294983, -3.0812013149261475, 0.6878897547721863, 1.1535913944244385, 2.298952102661133, 1.683837890625, 1.16015625, 0.6554412841796875, 1.5087890625
80794, -1.3539329767227173, -0.5303879976272583, 2.1988539695739746, 0.008443261496722698, -0.02948944829404354, 1.1222357749938965, 0.04636495187878609, -0.005006767809391022, -0.013712761923670769, -0.011833138763904572, -0.02763870730996132, 1.0777993202209473, 1.52831146134336, 0.41278697754097493, 0.6860593698778715, 37033.0, 30574.0, 31617.0, 36767.0, 7.9537200927734375, -201.99383544921875, 15.82130241394043, -289.9134521484375, -0.1358245462179184, -0.040990252047777176, 1.5134855508804321, 1.1535913944244385, 2.298952102661133, 1.683837890625, 1.16015625, 0.6554412841796875, 1.53515625
80804, -1.1650962829589844, -0.6664814352989197, 1.6917160749435425, 0.008443261496722698, -0.02948944829404354, 1.1222357749938965, 0.04636495187878609, -0.005006767809391022, -0.013712761923670769, -0.0118860499933362, -0.02763211540877819, 1.079978585243225, 1.6528905225917168, 0.705011535838139, -1.5172091855694552, 37841.0, 30324.0, 30755.0, 35997.0, 7.874380588531494, -201.99383544921875, 15.82130241394043, -289.9134521484375, -0.1358245462179184, -0.040990252047777176, 1.5134855508804321, 1.1535913944244385, 2.298952102661133, 1.683837890625, 1.16015625, 0.6554412841796875, 1.53515625
80814, -0.13668498396873474, -0.6604074239730835, -0.1292167752981186, 0.008443261496722698, -0.02948944829404354, 1.1222357749938965, 0.04636495187878609, -0.005006767809391022, -0.013712761923670769, -0.011602158658206463, -0.025245966389775276, 1.077979326248169, 2.596443195519428, 0.6183653478150859, -5.062397651276061, 37694.0, 30403.0, 30666.0, 36128.0, 7.874380588531494, 80.73521423339844, -3.7648346424102783, 60.73060989379883, -0.1358245462179184, -0.040990252047777176, 1.5134855508804321, 1.1535913944244385, 2.298952102661133, 1.683837890625, 1.16015625, 0.6554412841796875, 1.5263671875
80904, 0.23352335393428802, -1.0231873989105225, -1.2187801599502563, 0.004890881013125181, -0.029176322743296623, 1.117071509361267, 0.038351040333509445, 0.003547977888956666, -0.01884935237467289, -0.01038072258234024, -0.02178039588034153, 1.0723791122436523, 4.025670444243032, 1.4558564984393456, -8.329538164017949, 37995.0, 30595.0, 30581.0, 36200.0, 7.9140496253967285, -110.75151824951172, 30.915191650390625, -440.0107727050781, 0.6693158149719238, -1.1271337270736694, 0.017775025218725204, 1.1535913944244385, 2.298952102661133, 1.683837890625, 1.16015625, 0.6554412841796875, 2.121826171875
80914, 0.8735291361808777, -1.2175110578536987, 3.283538341522217, 0.004890881013125181, -0.029176322743296623, 1.117071509361267, 0.038351040333509445, 0.003547977888956666, -0.01884935237467289, -0.007950103841722012, -0.023686429485678673, 1.0712283849716187, 2.9381877476829237, 0.17879678962552248, -6.989180726972454, 36547.0, 30941.0, 32740.0, 38237.0, 7.874380588531494, -110.75151824951172, 30.915191650390625, -440.0107727050781, 0.6693158149719238, -1.1271337270736694, 0.017775025218725204, 1.1535913944244385, 2.298952102661133, 1.683837890625, 1.16015625, 0.6554412841796875, 2.121826171875
80924, 0.4611131548881531, -1.1935280561447144, 1.674080491065979, 0.004890881013125181, -0.029176322743296623, 1.117071509361267, 0.038351040333509445, 0.003547977888956666, -0.01884935237467289, -0.008258373476564884, -0.02357162907719612, 1.070855975151062, 5.8734775616606605, 0.2597607220288012, -2.2251838719501174, 36401.0, 30889.0, 32790.0, 38307.0, 7.8942155838012695, -11.073138236999512, 7.22700309753418, 323.1483459472656, 0.6693158149719238, -1.1271337270736694, 0.017775025218725204, 1.1535913944244385, 2.298952102661133, 1.683837890625, 1.16015625, 0.6554412841796875, 2.121826171875
80934, -0.8937146663665771, -1.2313668727874756, 3.670567274093628, 0.004890881013125181, -0.029176322743296623, 1.117071509361267, 0.038351040333509445, 0.003547977888956666, -0.01884935237467289, -0.007299133576452732, -0.026637457311153412, 1.0695823431015015, 2.780355607163652, 0.3968961168972669, 0.8209058597492608, 36401.0, 30889.0, 32790.0, 38307.0, 7.8942155838012695, -188.44155883789062, 31.928409576416016, -326.9554443359375, 0.6693158149719238, -1.1271337270736694, 0.017775025218725204, 1.1535913944244385, 2.298952102661133, 1.683837890625, 1.16015625, 0.6554412841796875, 1.5439453125
80994, 0.582938551902771, -1.5688979625701904, 0.8520409464836121, 0.0006205659592524171, -0.028345981612801552, 1.1100589036941528, 0.03755597397685051, 0.006508886814117432, -0.009257355704903603, -0.004591512493789196, -0.02956746704876423, 1.0653576850891113, 1.101534958252255, 0.9964865725723087, 1.6572139890838948, 36500.0, 31189.0, 32423.0, 38654.0, 7.874380588531494, 134.80947875976562, 14.79152774810791, -144.9859161376953, -0.0458599254488945, 1.7096818685531616, 1.3913737535476685, 1.1535913944244385, 2.298952102661133, 1.683837890625, 1.16015625, 0.6554412841796875, 1.51171875
81004, -0.22853216528892517, -1.6229907274246216, 4.437676429748535, 0.0006205659592524171, -0.028345981612801552, 1.1100589036941528, 0.03755597397685051, 0.006508886814117432, -0.009257355704903603, -0.003976017236709595, -0.028663598001003265, 1.0669893026351929, 2.267224917665991, 1.3817291378498453, -2.79954153783002, 36798.0, 31001.0, 31734.0, 38235.0, 7.9140496253967285, -178.97889709472656, -17.78282356262207, 164.10433959960938, -0.0458599254488945, 1.7096818685531616, 1.3913737535476685, 1.1535913944244385, 2.298952102661133, 1.683837890625, 1.16015625, 0.6554412841796875, 1.51171875
81034, 0.43080827593803406, -1.7746273279190063, 0.24996642768383026, 0.002352706855162978, -0.028141049668192863, 1.1097917556762695, 0.04712800681591034, 0.00581095227971673, -0.05327047035098076, -0.0029984191060066223, -0.026245344430208206, 1.068007469177246, 3.482384639284356, 0.9235283745386766, -3.921405330637318, 38398.0, 30584.0, 30214.0, 36732.0, 7.8942155838012695, -178.97889709472656, -17.78282356262207, 164.10433959960938, 0.4498107135295868, 1.1569494009017944, 0.11049813777208328, 1.1915594339370728, 2.0570316314697266, 1.6640625, 1.16015625, 0.6554412841796875, 1.51171875
81044, 0.6105068325996399, -1.9356471300125122, -1.0751230716705322, 0.002352706855162978, -0.028141049668192863, 1.1097917556762695, 0.04712800681591034, 0.00581095227971673, -0.05327047035098076, -0.0014072323683649302, -0.0308235976845026, 1.0651311874389648, 1.990855213710198, 0.6634452512221571, 1.6135041803272188, 37183.0, 31226.0, 30957.0, 37991.0, 7.8942155838012695, 10.013301849365234, -41.85444641113281, -543.557861328125, 0.4498107135295868, 1.1569494009017944, 0.11049813777208328, 1.1915594339370728, 2.0570316314697266, 1.6640625, 1.16015625, 0.6554412841796875, 1.55419921875
81054, 1.3695695400238037, -1.902112603187561, 3.753225564956665, 0.002352706855162978, -0.028141049668192863, 1.1097917556762695, 0.04712800681591034, 0.00581095227971673, -0.05327047035098076, -0.001390370074659586, -0.03241337090730667, 1.0663251876831055, 0.9295687343030739, 1.4162871558139614, -0.7319597689646815, 36782.0, 31343.0, 32026.0, 38587.0, 7.9140496253967285, 10.013301849365234, -41.85444641113281, -543.557861328125, -0.8511894345283508, -2.9101319313049316, 0.36111608147621155, 1.1915594339370728, 2.0570316314697266, 1.6640625, 1.16015625, 0.6554412841796875, 1.55419921875
81064, 0.9537938237190247, -1.8037030696868896, 0.8258121609687805, 0.002352706855162978, -0.028141049668192863, 1.1097917556762695, 0.04712800681591034, 0.00581095227971673, -0.05327047035098076, -0.0008051171898841858, -0.028461933135986328, 1.0648655891418457, 2.1116175262085357, 1.2275522662195328, -6.9961340962785945, 36782.0, 31343.0, 32026.0, 38587.0, 7.874380588531494, 10.013301849365234, -41.85444641113281, -543.557861328125, -0.057587575167417526, 0.913433313369751, 1.1110007762908936, 1.1915594339370728, 2.0570316314697266, 1.6640625, 1.16015625, 0.6554412841796875, 1.53369140625
81114, 0.8577384948730469, -2.116030693054199, -0.24786759912967682, -0.0012103314511477947, -0.026241930201649666, 1.100516438484192, 0.051292140036821365, 0.008241217583417892, -0.09430146962404251, 0.0018924004398286343, -0.030949996784329414, 1.0658830404281616, 2.039294149884177, 1.7463759100860727, -4.618858191949953, 37594.0, 31003.0, 30839.0, 38172.0, 7.9140496253967285, -158.07733154296875, -25.151660919189453, 294.7891540527344, 0.10825216770172119, -0.10978476703166962, 2.2442049980163574, 1.1915594339370728, 2.0570316314697266, 1.6640625, 1.16015625, 0.6554412841796875, 1.550537109375
81124, 1.4266183376312256, -1.9443801641464233, 2.41960072517395, -0.0012103314511477947, -0.026241930201649666, 1.100516438484192, 0.051292140036821365, 0.008241217583417892, -0.09430146962404251, 0.003119916655123234, -0.02926793321967125, 1.0664995908737183, 2.14023144908842, 1.516758297460342, -8.014862144979586, 37209.0, 31086.0, 31908.0, 38892.0, 7.874380588531494, -158.07733154296875, -25.151660919189453, 294.7891540527344, -0.30857032537460327, -2.480579137802124, 0.2501879930496216, 1.1915594339370728, 2.0570316314697266, 1.6640625, 1.16015625, 0.6554412841796875, 1.550537109375
81134, 1.3115370273590088, -1.8737061023712158, 1.2865910530090332, -0.0012103314511477947, -0.026241930201649666, 1.100516438484192, 0.051292140036821365, 0.008241217583417892, -0.09430146962404251, 0.0036086784675717354, -0.03078417293727398, 1.065800666809082, 2.3216914326085707, 1.5082421856588724, -6.451895011322425, 37209.0, 31086.0, 31908.0, 38892.0, 7.854546070098877, -158.07733154296875, -25.151660919189453, 294.7891540527344, -0.07831913232803345, 0.25357869267463684, 0.8503991365432739, 1.1915594339370728, 2.0570316314697266, 1.6640625, 2.27783203125, 7.743255615234375, 1.550537109375
81144, 0.8644385933876038, -1.780364751815796, 3.761078357696533, -0.0012103314511477947, -0.026241930201649666, 1.100516438484192, 0.051292140036821365, 0.008241217583417892, -0.09430146962404251, 0.0035701217129826546, -0.030204085633158684, 1.0654988288879395, 4.081070567485051, 1.555282776342807, -1.2127831977717234, 37052.0, 31033.0, 31947.0, 39024.0, 7.854546070098877, -158.07733154296875, -25.151660919189453, 294.7891540527344, -0.07831913232803345, 0.25357869267463684, 0.8503991365432739, 1.1915594339370728, 2.0570316314697266, 1.6640625, 2.27783203125, 7.743255615234375, 1.550537109375
81154, -0.5184870958328247, -1.799167513847351, 2.714931011199951, -0.002127359388396144, -0.025452692061662674, 1.095927357673645, 0.05875343829393387, 0.002586633898317814, -0.032293736934661865, 0.0040423208847641945, -0.0348251610994339, 1.066118597984314, 1.406227583528722, 1.8306483295557712, 1.5553201925467435, 37052.0, 31033.0, 31947.0, 39024.0, 7.9140496253967285, -158.07733154296875, -25.151660919189453, 294.7891540527344, -0.07831913232803345, 0.25357869267463684, 0.8503991365432739, 1.1915594339370728, 2.0570316314697266, 1.6640625, 2.27783203125, 7.743255615234375, 1.51318359375
81164, -0.3110753893852234, -1.7690495252609253, 2.12070631980896, -0.002127359388396144, -0.025452692061662674, 1.095927357673645, 0.05875343829393387, 0.002586633898317814, -0.032293736934661865, 0.005006756633520126, -0.03301879018545151, 1.065298080444336, -2.2032009462255435, 1.4449805800293518, 0.3575685809784742, 38813.0, 30807.0, 30578.0, 37402.0, 7.8942155838012695, -158.07733154296875, -25.151660919189453, 294.7891540527344, 0.18297217786312103, 1.2668269872665405, -0.6424779295921326, 1.1915594339370728, 2.0570316314697266, 1.6640625, 2.27783203125, 7.743255615234375, 1.51318359375
81174, 0.797523021697998, -1.7775412797927856, -0.041175104677677155, -0.002127359388396144, -0.025452692061662674, 1.095927357673645, 0.05875343829393387, 0.002586633898317814, -0.032293736934661865, 0.005643695592880249, -0.03157886117696762, 1.0654151439666748, 1.3410486960305936, 1.6299741328928121, -6.091839854333166, 38842.0, 30744.0, 30329.0, 37417.0, 7.874380588531494, 141.7366180419922, -61.38544464111328, -185.1949920654297, 0.18297217786312103, 1.2668269872665405, -0.6424779295921326, 1.1915594339370728, 2.0570316314697266, 1.6640625, 2.27783203125, 7.743255615234375, 1.51318359375
81204, 1.565692663192749, -1.77219820022583, 1.6288464069366455, -0.0020002941600978374, -0.02556735835969448, 1.091520071029663, 0.06934589892625809, -0.0015686864499002695, 0.03623312711715698, 0.0063562775030732155, -0.031121298670768738, 1.0671664476394653, 2.804621761368647, 2.097666485228501, -5.359796428642135, 38842.0, 30744.0, 30329.0, 37417.0, 7.8942155838012695, 2.6980762481689453, -15.36069107055664, -225.24794006347656, -0.18092665076255798, -0.015967171639204025, 0.7235462665557861, 1.1386840343475342, 1.0714359283447266, 1.58349609375, 2.27783203125, 7.743255615234375, 1.546875
81254, 0.9703598022460938, -1.9917609691619873, 0.02904254011809826, 0.0009940883610397577, -0.025760697200894356, 1.0919301509857178, 0.08093122392892838, -0.005879633128643036, 0.007812415715306997, 0.007639393676072359, -0.031908679753541946, 1.0679107904434204, 1.451511275064442, 1.9197274468528462, -7.0435701405058895, 37959.0, 31034.0, 30870.0, 38543.0, 7.874380588531494, 2.6980762481689453, -15.36069107055664, -225.24794006347656, 0.47737398743629456, 0.026057863608002663, 1.5171904563903809, 1.1386840343475342, 1.0714359283447266, 1.58349609375, 2.27783203125, 7.743255615234375, 1.54833984375
81274, 1.6311956644058228, -1.6041717529296875, 1.4939707517623901, -0.00045901956036686897, -0.025564778596162796, 1.087164282798767, 0.08143138140439987, -0.007649976294487715, 0.06558064371347427, 0.009070786647498608, -0.03175920993089676, 1.0686880350112915, 1.7713812985166117, 1.5900421846362178, -7.792656787354679, 37239.0, 31321.0, 32480.0, 39472.0, 7.874380588531494, 2.6980762481689453, -15.36069107055664, -225.24794006347656, -0.14033177495002747, -2.8234755992889404, 0.2186780869960785, 1.1386840343475342, 1.0714359283447266, 1.58349609375, 2.27783203125, 7.743255615234375, 1.553466796875
81284, 1.0821528434753418, -1.5386258363723755, 3.301055669784546, -0.00045901956036686897, -0.025564778596162796, 1.087164282798767, 0.08143138140439987, -0.007649976294487715, 0.06558064371347427, 0.00818173959851265, -0.03138919919729233, 1.069506287574768, 2.793870684465185, 2.015217471600238, -5.649217678515083, 37213.0, 30940.0, 32367.0, 39409.0, 7.874380588531494, -118.32991027832031, 0.9630913734436035, 580.8897705078125, -0.14033177495002747, -2.8234755992889404, 0.2186780869960785, 1.1386840343475342, 1.0714359283447266, 1.58349609375, 2.27783203125, 7.743255615234375, 1.553466796875
81384, 0.5363669395446777, -1.4207558631896973, -0.8559548854827881, 0.003701507579535246, -0.02586025930941105, 1.0819315910339355, 0.0972578302025795, -0.016411192715168, 0.0736173614859581, 0.009632820263504982, -0.029913023114204407, 1.073683500289917, 2.628270432119186, 2.1815078831938592, -7.662780093433576, 39158.0, 30778.0, 30604.0, 37479.0, 7.83471155166626, 129.95907592773438, -31.266738891601562, -101.946044921875, 0.16066314280033112, 0.6392285227775574, -0.8151506781578064, 1.1386840343475342, 1.0714359283447266, 1.58349609375, 2.27783203125, 7.743255615234375, 1.521240234375
81394, 0.2132883071899414, -1.5834522247314453, -0.2767438590526581, 0.003701507579535246, -0.02586025930941105, 1.0819315910339355, 0.0972578302025795, -0.016411192715168, 0.0736173614859581, 0.009445211850106716, -0.03021049313247204, 1.0731723308563232, 2.9061396005245483, 2.3027274691200716, -8.019730885794624, 38164.0, 30910.0, 31022.0, 38598.0, 7.874380588531494, 129.95907592773438, -31.266738891601562, -101.946044921875, 0.16066314280033112, 0.6392285227775574, -0.8151506781578064, 1.1386840343475342, 1.0714359283447266, 1.58349609375, 2.27783203125, 7.743255615234375, 1.521240234375
81414, 1.0474233627319336, -1.2406550645828247, 1.0495874881744385, 0.007767024915665388, -0.02646707370877266, 1.0839637517929077, 0.10815517604351044, -0.014683537185192108, 0.09001784771680832, 0.009160459972918034, -0.031165221706032753, 1.0735228061676025, 4.1714511049047225, 1.692956553293243, -0.6604385374426864, 37937.0, 31192.0, 32237.0, 38982.0, 7.874380588531494, -21.27313804626465, -1.1750224828720093, -381.2525329589844, 0.16066314280033112, 0.6392285227775574, -0.8151506781578064, 1.1386840343475342, 1.0714359283447266, 1.58349609375, 2.27783203125, 7.743255615234375, 1.5380859375
81514, -1.0929844379425049, -1.0536150932312012, 2.599518299102783, 0.010479015298187733, -0.028686949983239174, 1.0808197259902954, 0.11062192916870117, -0.015285476110875607, 0.04407470300793648, 0.010691031813621521, -0.033546216785907745, 1.0789896249771118, -1.6460548911253674, 1.4373010845638987, -0.009628543219246359, 39285.0, 30802.0, 31076.0, 37102.0, 7.854546070098877, 131.25843811035156, -21.03876304626465, -132.81405639648438, 0.06329751014709473, 0.014191672205924988, 1.9313348531723022, 1.1386840343475342, 1.0714359283447266, 1.58349609375, 2.27783203125, 7.743255615234375, 1.54248046875
81524, -0.031150052323937416, -1.0442458391189575, -0.7028907537460327, 0.010479015298187733, -0.028686949983239174, 1.0808197259902954, 0.11062192916870117, -0.015285476110875607, 0.04407470300793648, 0.010621127672493458, -0.03418200463056564, 1.081054925918579, 1.86938815734001, 2.2875615832728613, -2.8127641430468224, 39285.0, 30802.0, 31076.0, 37102.0, 7.874380588531494, 131.25843811035156, -21.03876304626465, -132.81405639648438, 0.06329751014709473, 0.014191672205924988, 1.9313348531723022, 1.1386840343475342, 1.0714359283447266, 1.58349609375, 2.27783203125, 7.743255615234375, 1.543212890625
81534, -0.43780064582824707, -1.1738957166671753, -0.6044853925704956, 0.010479015298187733, -0.028686949983239174, 1.0808197259902954, 0.11062192916870117, -0.015285476110875607, 0.04407470300793648, 0.010476845316588879, -0.031887128949165344, 1.0806965827941895, 1.983486500781544, 1.8430113134757846, -7.265967123228227, 39285.0, 30802.0, 31076.0, 37102.0, 7.874380588531494, -77.76256561279297, -29.347890853881836, -378.13409423828125, 0.06329751014709473, 0.014191672205924988, 1.9313348531723022, 1.1386840343475342, 1.0714359283447266, 1.58349609375, 2.27783203125, 7.743255615234375, 1.5380859375
81574, -1.900831937789917, -0.7902487516403198, 2.8150768280029297, 0.01625734008848667, -0.029513059183955193, 1.080986499786377, 0.117870032787323, -0.009045637212693691, 0.04769539088010788, 0.010500636883080006, -0.035924751311540604, 1.0847879648208618, 1.7782074852230743, 2.2343285487924334, 1.48509689942106, 39285.0, 30802.0, 31076.0, 37102.0, 7.9140496253967285, -31.12880516052246, 3.056701183319092, -428.3659973144531, 0.0708380714058876, -0.07293454557657242, 1.9476312398910522, 1.1386840343475342, 1.0714359283447266, 1.58349609375, 2.27783203125, 7.743255615234375, 1.6171875
81594, -0.2065618485212326, -0.7178998589515686, -0.7178322076797485, 0.01530468463897705, -0.029748279601335526, 1.0784157514572144, 0.11185816675424576, -0.00492617953568697, 0.028606444597244263, 0.010862428694963455, -0.03234145790338516, 1.0862480401992798, 2.104341804462966, 2.0317289982158115, -6.17771582081003, 39285.0, 30802.0, 31076.0, 37102.0, 7.83471155166626, -31.12880516052246, 3.056701183319092, -428.3659973144531, 0.5936995148658752, -0.0628606304526329, 1.9020744562149048, 1.1386840343475342, 1.0714359283447266, 1.58349609375, 2.27783203125, 7.743255615234375, 1.6171875
81604, -0.4899897277355194, -0.9081814885139465, -0.7531597018241882, 0.01642553322017193, -0.02979263663291931, 1.0784109830856323, 0.11253228783607483, -0.002793614286929369, -0.0294618122279644, 0.012021570466458797, -0.03157166391611099, 1.0875784158706665, 2.8430254412714304, 1.322751181404783, -7.799233719043486, 38274.0, 30831.0, 31078.0, 38634.0, 7.874380588531494, -31.12880516052246, 3.056701183319092, -428.3659973144531, -0.11968929320573807, -0.20497412979602814, 1.8340742588043213, 1.1386840343475342, 1.0714359283447266, 1.58349609375, 2.27783203125, 7.743255615234375, 1.6171875
81644, -1.8341193199157715, -0.6562172174453735, 2.8958935737609863, 0.017638394609093666, -0.030697818845510483, 1.077404499053955, 0.11072760075330734, -0.002569790929555893, 0.04427982121706009, 0.011153968051075935, -0.03443662449717522, 1.092165231704712, 1.9452261793255667, 2.0685696875693225, -2.8197970783004798, 37603.0, 31052.0, 32713.0, 39212.0, 7.933885097503662, -47.39728927612305, 1.1239570379257202, -477.7010803222656, 0.05894188955426216, 2.145817756652832, 0.8965535759925842, 1.1386840343475342, 1.0714359283447266, 1.58349609375, 2.27783203125, 7.743255615234375, 1.51318359375
81664, -0.043932780623435974, -0.6119769811630249, -0.43016472458839417, 0.019878294318914413, -0.030705465003848076, 1.078930139541626, 0.11261902004480362, 0.0019559578504413366, 0.03320278599858284, 0.011682262644171715, -0.029818570241332054, 1.093521237373352, 0.2871827828214588, 1.7060011334586136, -6.988596642687494, 39182.0, 30744.0, 30693.0, 37654.0, 7.854546070098877, 115.26073455810547, -24.991018295288086, -15.87377643585205, 0.23024070262908936, 1.2762490510940552, -0.6948070526123047, 1.1386840343475342, 1.0714359283447266, 1.58349609375, 2.27783203125, 7.743255615234375, 1.505126953125
81694, 0.4495497941970825, -0.5761078596115112, 0.30245012044906616, 0.01978703960776329, -0.03136606514453888, 1.078087568283081, 0.10819593816995621, 0.004387610126286745, 0.08397924900054932, 0.010862292721867561, -0.033593807369470596, 1.098046898841858, 2.3167142678683175, 1.734511090173072, -5.076922465179062, 39182.0, 30744.0, 30693.0, 37654.0, 7.874380588531494, -46.678226470947266, -4.310731410980225, -504.8626708984375, -0.2516692876815796, 1.2981711626052856, 1.2706382274627686, 1.1386840343475342, 1.0714359283447266, 1.58349609375, 0.49365234375, 39.298126220703125, 1.527099609375
81704, -0.44128337502479553, -0.5475547313690186, 4.207460403442383, 0.020872779190540314, -0.03132530301809311, 1.0787285566329956, 0.1091008111834526, 0.0035983396228402853, 0.04421769455075264, 0.012071131728589535, -0.03240937739610672, 1.0996290445327759, 2.609797830398042, 1.0227784249059937, -7.692656689742211, 37440.0, 30956.0, 32746.0, 39197.0, 7.854546070098877, -175.29757690429688, -31.59832763671875, 547.62060546875, 0.10041480511426926, 2.170410394668579, 0.9346081018447876, 1.1386840343475342, 1.0714359283447266, 1.58349609375, 0.49365234375, 39.298126220703125, 1.576904296875
81714, -1.5408234596252441, -0.6104215979576111, 2.8323678970336914, 0.021969851106405258, -0.031293999403715134, 1.0792807340621948, 0.11061558127403259, 0.003110576653853059, 0.06629396975040436, 0.011392524465918541, -0.03313514590263367, 1.100546956062317, 3.3964531474369357, 1.2552212270686596, 0.08282811573198592, 38429.0, 30742.0, 32216.0, 38184.0, 7.933885097503662, 33.01350021362305, -26.324663162231445, -94.26976776123047, -0.15696784853935242, -0.4103717505931854, 1.4878859519958496, 1.1386840343475342, 1.0714359283447266, 1.58349609375, 0.49365234375, 39.298126220703125, 1.576904296875
81724, -1.08025324344635, -0.6041601896286011, 1.4055185317993164, 0.023083936423063278, -0.03125547990202904, 1.0803375244140625, 0.11226388067007065, 0.006069451570510864, 0.14500389993190765, 0.01167354267090559, -0.034643374383449554, 1.1024093627929688, -1.538139065682407, 0.9557947298641523, 0.12598076436710504, 38429.0, 30742.0, 32216.0, 38184.0, 7.83471155166626, 33.01350021362305, -26.324663162231445, -94.26976776123047, 0.21716167032718658, 1.1515976190567017, -0.6339528560638428, 1.1386840343475342, 1.0714359283447266, 1.58349609375, 0.870849609375, 7.005340576171875, 1.52490234375
81734, 0.16666899621486664, -0.639789879322052, -0.3729567527770996, 0.023083936423063278, -0.03125547990202904, 1.0803375244140625, 0.11226388067007065, 0.006069451570510864, 0.14500389993190765, 0.011186392977833748, -0.03360950946807861, 1.1042170524597168, 2.2504864841986736, 1.6927537852876924, -5.668412068872677, 38429.0, 30742.0, 32216.0, 38184.0, 7.854546070098877, 33.01350021362305, -26.324663162231445, -94.26976776123047, 0.24899478256702423, -0.9701395034790039, 2.286871910095215, 1.1386840343475342, 1.0714359283447266, 1.58349609375, 0.870849609375, 7.005340576171875, 1.52490234375
81744, -0.05407651513814926, -0.7837839722633362, -1.3578598499298096, 0.023083936423063278, -0.03125547990202904, 1.0803375244140625, 0.11226388067007065, 0.006069451570510864, 0.14500389993190765, 0.012660778127610683, -0.032148707658052444, 1.1050547361373901, 3.0257568802670374, 0.9342279202509474, -8.064558027233312, 37857.0, 31129.0, 31482.0, 38597.0, 7.8942155838012695, -30.626554489135742, -38.52667236328125, -515.2340698242188, 0.18339046835899353, 0.2507912814617157, 1.2035136222839355, 1.1386840343475342, 1.0714359283447266, 1.58349609375, 0.870849609375, 7.005340576171875, 1.52490234375
81754, 0.8592188358306885, -0.7699618935585022, 2.9666552543640137, 0.023083936423063278, -0.03125547990202904, 1.0803375244140625, 0.11226388067007065, 0.006069451570510864, 0.14500389993190765, 0.011688390746712685, -0.03265106678009033, 1.1061763763427734, 2.9972085952167524, 1.419909626037935, -5.748408495828749, 37598.0, 31109.0, 32702.0, 39005.0, 7.874380588531494, -30.626554489135742, -38.52667236328125, -515.2340698242188, 0.18339046835899353, 0.2507912814617157, 1.2035136222839355, 1.1386840343475342, 1.0714359283447266, 1.58349609375, 0.870849609375, 7.005340576171875, 1.52490234375
81764, 0.584153950214386, -0.6455668210983276, 0.3262667655944824, 0.023083936423063278, -0.03125547990202904, 1.0803375244140625, 0.11226388067007065, 0.006069451570510864, 0.14500389993190765, 0.011405646800994873, -0.032533593475818634, 1.106392741203308, 3.8962795171203153, 1.2228519485616403, -0.9503898939230834, 37203.0, 31115.0, 33015.0, 39262.0, 7.874380588531494, -47.12254333496094, -3.687267780303955, -450.3003845214844, 0.18339046835899353, 0.2507912814617157, 1.2035136222839355, 1.1386840343475342, 1.0714359283447266, 1.58349609375, 0.870849609375, 7.005340576171875, 1.52490234375
81854, -1.1724718809127808, -0.45479121804237366, 2.552793502807617, 0.02460622601211071, -0.030972236767411232, 1.0832778215408325, 0.09608064591884613, 0.007827225141227245, 0.06122541427612305, 0.013973943889141083, -0.0349728949368, 1.1122913360595703, -1.5827603485923383, 1.3450984304667486, -0.9352981243041428, 37300.0, 31048.0, 32697.0, 38952.0, 7.9537200927734375, -32.39780044555664, -48.955078125, -526.7673950195312, 0.04606030136346817, 2.1010982990264893, 0.8978020548820496, 1.1386840343475342, 1.0714359283447266, 1.58349609375, 1.52490234375, 0.247039794921875, 1.55859375
81864, -0.7091666460037231, -0.5537276864051819, 1.104029655456543, 0.025573918595910072, -0.030890047550201416, 1.0842370986938477, 0.09742295742034912, 0.009704300202429295, 0.13059143722057343, 0.013645567931234837, -0.03450309857726097, 1.1133683919906616, 2.253274631285921, 1.9341697990993225, -5.369873459188583, 37300.0, 31048.0, 32697.0, 38952.0, 7.83471155166626, 48.777225494384766, 45.68478012084961, -408.2847595214844, 0.04606030136346817, 2.1010982990264893, 0.8978020548820496, 1.1386840343475342, 1.0714359283447266, 1.58349609375, 1.52490234375, 0.247039794921875, 1.55859375
81874, 0.47455501556396484, -0.573639452457428, -0.33357930183410645, 0.025573918595910072, -0.030890047550201416, 1.0842370986938477, 0.09742295742034912, 0.009704300202429295, 0.13059143722057343, 0.01441115140914917, -0.033403944224119186, 1.11219322681427, 1.3354880940967135, 1.2814093073563981, -7.006296518414496, 38651.0, 30572.0, 30926.0, 37470.0, 7.874380588531494, 48.777225494384766, 45.68478012084961, -408.2847595214844, 0.04606030136346817, 2.1010982990264893, 0.8978020548820496, 1.1386840343475342, 1.0714359283447266, 1.58349609375, 1.52490234375, 0.247039794921875, 1.55859375
81894, 1.1368684768676758, -0.6027896404266357, 3.1307156085968018, 0.024205558001995087, -0.03133423253893852, 1.0841845273971558, 0.08923797309398651, 0.008271472528576851, 0.1411953866481781, 0.015100746415555477, -0.03293304890394211, 1.1140671968460083, 2.4956186815443924, 1.3639983777355837, -7.555262652601104, 37513.0, 31160.0, 32854.0, 38952.0, 7.874380588531494, 96.00382995605469, 12.510446548461914, 783.7041015625, 0.04606030136346817, 2.1010982990264893, 0.8978020548820496, 1.1386840343475342, 1.0714359283447266, 1.58349609375, 1.52490234375, 0.247039794921875, 1.522705078125
81974, 0.8999598622322083, -0.6597656607627869, 0.19645261764526367, 0.025936562567949295, -0.03090820088982582, 1.0869139432907104, 0.08464334905147552, 0.008279197849333286, 0.14146804809570312, 0.014951150864362717, -0.033386677503585815, 1.116028904914856, 1.6410580083878923, 1.9402755880951474, -6.886967104027081, 37137.0, 31054.0, 32700.0, 39219.0, 7.854546070098877, -187.64540100097656, -29.266023635864258, 429.2103271484375, -0.7520477771759033, -3.172408103942871, 0.42709633708000183, 1.1386840343475342, 1.0714359283447266, 1.58349609375, 1.52490234375, 0.247039794921875, 1.519775390625
81984, -0.12173513323068619, -0.5537718534469604, 4.394863605499268, 0.027638431638479233, -0.030736595392227173, 1.088373064994812, 0.0859326645731926, 0.008058291859924793, 0.02901300974190235, 0.015721753239631653, -0.03172076493501663, 1.1155871152877808, 2.2085364259807085, 1.1175280598408506, -8.590263365031294, 37137.0, 31054.0, 32700.0, 39219.0, 7.8942155838012695, -187.64540100097656, -29.266023635864258, 429.2103271484375, -0.7520477771759033, -3.172408103942871, 0.42709633708000183, 1.1386840343475342, 1.0714359283447266, 1.58349609375, 1.52490234375, 0.247039794921875, 1.519775390625
81994, -1.0897746086120605, -0.5268434882164001, 2.4793155193328857, 0.027638431638479233, -0.030736595392227173, 1.088373064994812, 0.0859326645731926, 0.008058291859924793, 0.02901300974190235, 0.015379780903458595, -0.03120121732354164, 1.1172410249710083, 2.5749061812834095, 2.2118020983689064, -7.759254523422096, 38278.0, 30754.0, 31947.0, 37852.0, 7.9140496253967285, -187.64540100097656, -29.266023635864258, 429.2103271484375, -0.7520477771759033, -3.172408103942871, 0.42709633708000183, 1.1386840343475342, 1.0714359283447266, 1.58349609375, 1.52490234375, 0.247039794921875, 1.519775390625
82004, -0.5915040373802185, -0.6693960428237915, 1.1926977634429932, 0.027638431638479233, -0.030736595392227173, 1.088373064994812, 0.0859326645731926, 0.008058291859924793, 0.02901300974190235, 0.01607821136713028, -0.03262871876358986, 1.1167978048324585, 1.452424201129939, 1.697797392837657, -6.6098028208669515, 39041.0, 30717.0, 30920.0, 37037.0, 7.854546070098877, -187.64540100097656, -29.266023635864258, 429.2103271484375, -0.7520477771759033, -3.172408103942871, 0.42709633708000183, 1.1386840343475342, 1.0714359283447266, 1.58349609375, 1.52490234375, 0.247039794921875, 1.519775390625
82024, 0.14499856531620026, -0.8474166393280029, -1.7820452451705933, 0.02659814991056919, -0.030488768592476845, 1.090024471282959, 0.07836232334375381, 0.009970552287995815, -0.0026206886395812035, 0.015071313828229904, -0.031887155026197433, 1.1170721054077148, 2.9127433562430847, 1.8033112624269734, -4.217004419745892, 38576.0, 30828.0, 30880.0, 37379.0, 7.854546070098877, 62.945770263671875, 30.191818237304688, 139.6837921142578, -0.7520477771759033, -3.172408103942871, 0.42709633708000183, 1.1386840343475342, 1.0714359283447266, 1.58349609375, 1.52490234375, 0.247039794921875, 1.535888671875
82114, 0.9712435603141785, -0.9082607626914978, 0.525661289691925, 0.027351129800081253, -0.030710067600011826, 1.0941145420074463, 0.0752551406621933, 0.008628621697425842, -0.0145858284085989, 0.01586928218603134, -0.03082715906202793, 1.1184062957763672, 2.794918078271153, 1.8469645190460824, -3.7569043207511044, 36824.0, 31445.0, 33003.0, 38862.0, 7.854546070098877, 62.945770263671875, 30.191818237304688, 139.6837921142578, -0.6099072694778442, -3.0772979259490967, 0.44373995065689087, 1.1386840343475342, 1.0714359283447266, 1.58349609375, 1.52490234375, 0.247039794921875, 1.527099609375
82124, 0.0299389511346817, -0.850829005241394, 4.487112522125244, 0.027351129800081253, -0.030710067600011826, 1.0941145420074463, 0.0752551406621933, 0.008628621697425842, -0.0145858284085989, 0.015990804880857468, -0.03060951456427574, 1.1185539960861206, 4.0863910744895655, 1.6005193529897213, -0.5539321832887872, 36820.0, 31196.0, 32662.0, 38599.0, 7.9140496253967285, 62.945770263671875, 30.191818237304688, 139.6837921142578, -0.6099072694778442, -3.0772979259490967, 0.44373995065689087, 1.1386840343475342, 1.0714359283447266, 1.58349609375, 1.52490234375, 0.247039794921875, 1.527099609375
82134, -1.1086522340774536, -0.9420545101165771, 2.677572727203369, 0.025906018912792206, -0.03168312460184097, 1.0973964929580688, 0.0717674046754837, 0.0019259549444541335, 0.05674424394965172, 0.016760259866714478, -0.034235406666994095, 1.1184883117675781, 1.2835195465784746, 1.4703828687575538, 1.5716408942051592, 36820.0, 31196.0, 32662.0, 38599.0, 7.9140496253967285, 26.54639434814453, -18.420032501220703, -116.50418853759766, -0.6099072694778442, -3.0772979259490967, 0.44373995065689087, 1.1386840343475342, 1.0714359283447266, 1.58349609375, 1.52490234375, 0.247039794921875, 1.55859375
82144, -0.6348881721496582, -1.0123296976089478, 1.7825185060501099, 0.025906018912792206, -0.03168312460184097, 1.0973964929580688, 0.0717674046754837, 0.0019259549444541335, 0.05674424394965172, 0.016968892887234688, -0.03354761376976967, 1.1178776025772095, -1.653029387335172, 1.3268577131128154, 0.021997469284901795, 36820.0, 31196.0, 32662.0, 38599.0, 7.9140496253967285, 22.981571197509766, 51.96500778198242, -392.4776306152344, -0.6099072694778442, -3.0772979259490967, 0.44373995065689087, 1.1386840343475342, 1.0714359283447266, 1.58349609375, 1.52490234375, 0.247039794921875, 1.5234375
82204, -1.2122756242752075, -0.9908376932144165, 2.367133140563965, 0.02660575695335865, -0.03194144740700722, 1.101854681968689, 0.07271566987037659, 0.0014146276516839862, 0.03952007740736008, 0.016427641734480858, -0.028995132073760033, 1.118331789970398, 2.6970895396166523, 1.9161796461428082, -3.603864293798291, 36820.0, 31196.0, 32662.0, 38599.0, 7.9537200927734375, -17.07608413696289, -4.14345645904541, -271.6659240722656, 0.08789727836847305, 1.7123204469680786, 0.7773304581642151, 1.1386840343475342, 1.0714359283447266, 1.58349609375, 1.52490234375, 0.247039794921875, 1.5234375
82234, 0.1207108199596405, -1.149269700050354, -0.4912427067756653, 0.02412724681198597, -0.031901851296424866, 1.1038565635681152, 0.0652160719037056, 0.0032823323272168636, 0.014997736550867558, 0.016215132549405098, -0.033715032041072845, 1.1177231073379517, 0.7591858566309986, 2.526337303159778, 0.8670287608242366, 37314.0, 30996.0, 31357.0, 37803.0, 7.83471155166626, -49.53117370605469, -21.190034866333008, -334.5599060058594, 0.5459733605384827, 0.019440704956650734, 1.60818350315094, 1.1386840343475342, 1.0714359283447266, 1.58349609375, 1.52490234375, 0.247039794921875, 1.529296875
82244, 0.7721700668334961, -0.9855241179466248, 1.736314296722412, 0.02412724681198597, -0.031901851296424866, 1.1038565635681152, 0.0652160719037056, 0.0032823323272168636, 0.014997736550867558, 0.016958128660917282, -0.03273759037256241, 1.1191377639770508, 0.6815188650938244, 2.06889143968732, -1.887394200270213, 37089.0, 30974.0, 32505.0, 38234.0, 7.83471155166626, 124.93975830078125, 40.578372955322266, 962.3450927734375, 0.5459733605384827, 0.019440704956650734, 1.60818350315094, 1.1386840343475342, 1.0714359283447266, 1.58349609375, 1.52490234375, 0.247039794921875, 1.529296875
82254, 0.8979145288467407, -0.8627041578292847, 1.2529646158218384, 0.02412724681198597, -0.031901851296424866, 1.1038565635681152, 0.0652160719037056, 0.0032823323272168636, 0.014997736550867558, 0.017235783860087395, -0.030165623873472214, 1.1179035902023315, 1.6468862751044568, 2.057655638284899, -5.722969251351666, 37089.0, 30974.0, 32505.0, 38234.0, 7.83471155166626, -24.87807846069336, -6.30147647857666, -414.8407287597656, 0.5459733605384827, 0.019440704956650734, 1.60818350315094, 1.1386840343475342, 1.0714359283447266, 1.58349609375, 1.52490234375, 0.247039794921875, 1.53076171875
82264, 0.26480910181999207, -0.7702621221542358, 3.6635429859161377, 0.02412724681198597, -0.031901851296424866, 1.1038565635681152, 0.0652160719037056, 0.0032823323272168636, 0.014997736550867558, 0.01712513342499733, -0.028500251471996307, 1.1172776222229004, 1.5955558616736647, 1.8550204884469679, -7.895813950980565, 37089.0, 30974.0, 32505.0, 38234.0, 7.83471155166626, -24.87807846069336, -6.30147647857666, -414.8407287597656, 0.33444955945014954, 1.770581603050232, 0.839925229549408, 1.1386840343475342, 1.0714359283447266, 1.58349609375, 1.52490234375, 0.247039794921875, 1.56298828125
82324, 0.7834041118621826, -0.6632012724876404, 1.863945722579956, 0.024205807596445084, -0.03302809223532677, 1.108628749847412, 0.06465266644954681, 0.002647585701197386, 0.06677684187889099, 0.017427774146199226, -0.029406914487481117, 1.1162757873535156, 1.400170196722421, 2.165567697553996, -3.0505988930664683, 36832.0, 31197.0, 32852.0, 38387.0, 7.854546070098877, 137.3449249267578, 49.6110725402832, 831.6806030273438, -0.31478947401046753, -0.5802403092384338, 0.7716852426528931, 1.1386840343475342, 1.0714359283447266, 1.58349609375, 1.52490234375, 0.247039794921875, 1.5380859375
82384, 0.14441771805286407, -0.6387139558792114, -1.0396875143051147, 0.024941816926002502, -0.033060476183891296, 1.1110471487045288, 0.0632188618183136, 0.005134887062013149, 0.0421016700565815, 0.01783987320959568, -0.02602498047053814, 1.1144182682037354, 1.749590009078904, 2.3767374674315533, -4.018207066682742, 38269.0, 30632.0, 30538.0, 36412.0, 7.9140496253967285, -32.078453063964844, 25.958864212036133, 92.32861328125, 0.919900119304657, -1.494232177734375, -0.17547297477722168, 1.1386840343475342, 1.0714359283447266, 1.58349609375, 0.94921875, 4.2833404541015625, 1.52197265625
82394, 0.7374287247657776, -0.6325790286064148, 2.519939661026001, 0.025584973394870758, -0.033009517937898636, 1.1116447448730469, 0.06524579972028732, 0.004937543533742428, 0.07742249220609665, 0.0179457925260067, -0.022303564473986626, 1.1106526851654053, 2.115995024073871, 1.2533051470785495, -8.136749226665557, 36656.0, 31004.0, 32701.0, 38168.0, 7.8942155838012695, -10.296895980834961, -21.231611251831055, -293.27532958984375, -0.5198805928230286, -1.680807113647461, 0.5712427496910095, 1.1386840343475342, 1.0714359283447266, 1.58349609375, 0.94921875, 4.2833404541015625, 1.52197265625
82454, -0.21837082505226135, -0.5508178472518921, -2.030369281768799, 0.026444420218467712, -0.03240882605314255, 1.1129953861236572, 0.06254670768976212, 0.009368126280605793, -0.01002095639705658, 0.01759537123143673, -0.02171323075890541, 1.1067248582839966, 1.5207976806982493, 1.6655836502383465, -6.222375326454446, 38359.0, 30672.0, 30690.0, 36331.0, 7.9140496253967285, -10.296895980834961, -21.231611251831055, -293.27532958984375, 1.1445084810256958, -0.5854435563087463, 0.15967103838920593, 1.1386840343475342, 1.0714359283447266, 1.58349609375, 0.94921875, 4.2833404541015625, 1.527099609375
82464, 0.6559306979179382, -0.67829829454422, 3.531325340270996, 0.02708452194929123, -0.03231453895568848, 1.1133800745010376, 0.06502692401409149, 0.009708466939628124, 0.08696938306093216, 0.01746685616672039, -0.01972690224647522, 1.105690360069275, 1.9344009560587394, 1.2419753038545025, -7.844844217478944, 38359.0, 30672.0, 30690.0, 36331.0, 7.8942155838012695, 19.995193481445312, -19.89179039001465, 37.917869567871094, 1.1445084810256958, -0.5854435563087463, 0.15967103838920593, 1.1386840343475342, 1.0714359283447266, 1.58349609375, 0.94921875, 4.2833404541015625, 1.527099609375
82474, 0.352649450302124, -0.5967262387275696, 1.395811676979065, 0.02708452194929123, -0.03231453895568848, 1.1133800745010376, 0.06502692401409149, 0.009708466939628124, 0.08696938306093216, 0.015557568520307541, -0.017611805349588394, 1.1065685749053955, 3.55809007122912, 2.7705565209550116, -7.877638892054971, 36517.0, 30874.0, 33077.0, 38239.0, 7.8942155838012695, -23.815153121948242, -5.225292205810547, 136.39373779296875, 0.04826139286160469, 2.0778768062591553, 1.2312438488006592, 1.1386840343475342, 1.0714359283447266, 1.58349609375, 0.94921875, 4.2833404541015625, 1.527099609375
82484, -1.0226796865463257, -0.5864253640174866, 4.512089729309082, 0.02708452194929123, -0.03231453895568848, 1.1133800745010376, 0.06502692401409149, 0.009708466939628124, 0.08696938306093216, 0.017205793410539627, -0.019057374447584152, 1.105562686920166, 2.6387599114925715, 1.5052381156095294, -5.509965674133065, 36664.0, 30872.0, 32413.0, 37853.0, 7.8942155838012695, -23.815153121948242, -5.225292205810547, 136.39373779296875, -0.15868215262889862, 1.6857253313064575, 1.1346696615219116, 1.1386840343475342, 1.0714359283447266, 1.58349609375, 0.94921875, 4.2833404541015625, 1.527099609375
82494, -1.3349261283874512, -0.5088323950767517, 2.901106357574463, 0.02708452194929123, -0.03231453895568848, 1.1133800745010376, 0.06502692401409149, 0.009708466939628124, 0.08696938306093216, 0.01649126410484314, -0.019090749323368073, 1.1067090034484863, 3.2097363917349893, 1.8208740703585988, -4.371384484246797, 37756.0, 30772.0, 31551.0, 36663.0, 7.8942155838012695, 82.94361114501953, -46.48866653442383, 109.46514129638672, -0.15868215262889862, 1.6857253313064575, 1.1346696615219116, 1.1386840343475342, 1.0714359283447266, 1.58349609375, 0.94921875, 4.2833404541015625, 1.527099609375
82514, -0.034751348197460175, -0.7374061346054077, 0.09685630351305008, 0.027324093505740166, -0.03209066018462181, 1.1157656908035278, 0.060904890298843384, 0.012283934280276299, -0.04456136375665665, 0.016631174832582474, -0.020440254360437393, 1.104475975036621, 2.7970183607550214, 1.8280300537552137, 0.24815580901555698, 37623.0, 30657.0, 30585.0, 36599.0, 7.874380588531494, 88.06502532958984, 24.485689163208008, -415.5487060546875, 0.3796701729297638, 1.3025254011154175, -0.0024607155937701464, 1.1386840343475342, 1.0714359283447266, 1.58349609375, 0.94921875, 4.2833404541015625, 1.51904296875
82524, -0.13551287353038788, -0.6902724504470825, -1.6817991733551025, 0.027939777821302414, -0.03195859119296074, 1.1153697967529297, 0.06224851310253143, 0.013959039002656937, -0.03458786755800247, 0.015917357057332993, -0.022351210936903954, 1.102560043334961, 1.7551760206292761, 2.3233192447501096, 0.5061703990450932, 37623.0, 30657.0, 30585.0, 36599.0, 7.933885097503662, 88.06502532958984, 24.485689163208008, -415.5487060546875, 0.6175851225852966, 0.15516674518585205, 0.763085663318634, 1.1386840343475342, 1.0714359283447266, 1.58349609375, 0.94921875, 4.2833404541015625, 1.51904296875
82614, 0.5648752450942993, -0.5713938474655151, 1.0891497135162354, 0.027696510776877403, -0.030298572033643723, 1.1178944110870361, 0.05909650772809982, 0.019768347963690758, 0.03995215892791748, 0.01590261608362198, -0.013645654544234276, 1.0936965942382812, 3.8106824650522735, 1.1179330304327095, -6.178256009211323, 36285.0, 30960.0, 32924.0, 38135.0, 7.874380588531494, -64.22626495361328, -18.815826416015625, -555.0167846679688, -0.27857503294944763, -2.540386438369751, 0.31794968247413635, 1.1386840343475342, 1.0714359283447266, 1.58349609375, 2.2646484375, 7.2949371337890625, 1.5439453125
82654, -0.14600205421447754, -0.5033173561096191, -0.385731965303421, 0.02712208777666092, -0.029031837359070778, 1.1185197830200195, 0.05530206486582756, 0.022136980667710304, 0.023241791874170303, 0.014942235313355923, -0.017081324011087418, 1.0901213884353638, 2.3355719659739984, 1.8091907541310945, -3.2532344821432893, 36285.0, 30960.0, 32924.0, 38135.0, 7.874380588531494, -53.927494049072266, 5.81259822845459, -385.47296142578125, 0.31673040986061096, 0.45217570662498474, 1.160077452659607, 1.1386840343475342, 1.0714359283447266, 1.58349609375, 1.125, 0.980224609375, 1.540283203125
82674, 0.5236572623252869, -0.4799387454986572, -0.23267865180969238, 0.028237080201506615, -0.028570856899023056, 1.118079423904419, 0.057573430240154266, 0.02341800183057785, 0.028674690052866936, 0.013149620965123177, -0.011545461602509022, 1.0886026620864868, 3.9265534610805553, 2.3094591803793207, -7.683955008680178, 36285.0, 30960.0, 32924.0, 38135.0, 7.8942155838012695, -53.927494049072266, 5.81259822845459, -385.47296142578125, 0.6453556418418884, -1.07676100730896, 0.057128798216581345, 1.1386840343475342, 1.0714359283447266, 1.58349609375, 1.125, 0.980224609375, 1.5703125
82704, -0.937044620513916, -0.48125147819519043, 3.175784111022949, 0.026590267196297646, -0.028166459873318672, 1.1181174516677856, 0.052056603133678436, 0.022748325020074844, -0.008141162805259228, 0.013924650847911835, -0.01290245819836855, 1.0863598585128784, 5.0379796676568, 1.0515784364108072, -0.3040822192135332, 36618.0, 30730.0, 32012.0, 37497.0, 7.9140496253967285, -53.927494049072266, 5.81259822845459, -385.47296142578125, 0.34192052483558655, 1.8927631378173828, 1.1993249654769897, 1.1386840343475342, 1.0714359283447266, 1.58349609375, 1.125, 0.980224609375, 1.5703125
82714, -0.6929115653038025, -0.3138677477836609, 2.4217112064361572, 0.026590267196297646, -0.028166459873318672, 1.1181174516677856, 0.052056603133678436, 0.022748325020074844, -0.008141162805259228, 0.014624557457864285, -0.015012030489742756, 1.0855528116226196, 2.6683029002585563, 1.011990380754753, 0.7393566088327311, 37760.0, 30558.0, 31253.0, 36424.0, 7.933885097503662, -53.927494049072266, 5.81259822845459, -385.47296142578125, 0.34192052483558655, 1.8927631378173828, 1.1993249654769897, 1.1386840343475342, 1.0714359283447266, 1.58349609375, 1.125, 0.980224609375, 1.5703125
82724, -0.2578125596046448, -0.5935935974121094, -0.1605501025915146, 0.026590267196297646, -0.028166459873318672, 1.1181174516677856, 0.052056603133678436, 0.022748325020074844, -0.008141162805259228, 0.014461194165050983, -0.01632801815867424, 1.0838141441345215, 0.2855179319384472, 1.0338166003186586, -0.14688583854806095, 38013.0, 30461.0, 30736.0, 36197.0, 7.874380588531494, -53.927494049072266, 5.81259822845459, -385.47296142578125, 0.39023301005363464, 0.9657613039016724, 0.6463552117347717, 1.1386840343475342, 1.0714359283447266, 1.58349609375, 1.125, 0.980224609375, 1.5703125
82734, 0.44314059615135193, -0.7510157823562622, 0.5435659289360046, 0.028742261230945587, -0.027303028851747513, 1.1181961297988892, 0.05423501506447792, 0.023169413208961487, -0.06786342710256577, 0.01406247727572918, -0.014626966789364815, 1.0846835374832153, 2.7439087658787074, 1.5217175841228823, -4.94169911375807, 38013.0, 30461.0, 30736.0, 36197.0, 7.874380588531494, -53.927494049072266, 5.81259822845459, -385.47296142578125, -0.37498483061790466, -2.085468292236328, 2.5068366527557373, 1.1386840343475342, 1.0714359283447266, 1.58349609375, 1.125, 0.980224609375, 1.5703125
82754, 1.2784397602081299, -0.6161490678787231, 4.237725257873535, 0.027017462998628616, -0.026338722556829453, 1.1167817115783691, 0.05081766098737717, 0.022770650684833527, 0.07450632005929947, 0.012546282261610031, -0.010245956480503082, 1.083944320678711, 4.1008722433298415, 2.114663253448839, -7.587208071202092, 38013.0, 30461.0, 30736.0, 36197.0, 7.9140496253967285, 28.59402847290039, -15.53998851776123, 171.8186798095703, 0.8886317610740662, 0.14517812430858612, 0.4014459550380707, 1.1386840343475342, 1.0714359283447266, 1.58349609375, 1.125, 0.980224609375, 1.535888671875
82794, -0.4956933856010437, -0.6014652848243713, 0.47037380933761597, 0.026129024103283882, -0.02427596040070057, 1.115715503692627, 0.0466047003865242, 0.024991685524582863, 0.06693905591964722, 0.014129530638456345, -0.01339789666235447, 1.0811609029769897, 3.3940114481691626, 0.9133158910187262, 0.4868439352577063, 38013.0, 30461.0, 30736.0, 36197.0, 7.874380588531494, 28.59402847290039, -15.53998851776123, 171.8186798095703, 0.4165486693382263, 1.2051589488983154, -0.026671523228287697, 1.1386840343475342, 1.0714359283447266, 1.58349609375, 1.125, 0.980224609375, 1.477294921875
82804, 0.5185286998748779, -0.6034824848175049, -0.0026457570493221283, 0.02659454196691513, -0.024027006700634956, 1.1158090829849243, 0.04609163478016853, 0.02509080059826374, -0.048211634159088135, 0.013139283284544945, -0.016988644376397133, 1.0807833671569824, 1.790491580814195, 1.984919681544227, 0.8212016271027925, 38013.0, 30461.0, 30736.0, 36197.0, 7.874380588531494, 28.59402847290039, -15.53998851776123, 171.8186798095703, -0.02381361834704876, -1.6090848445892334, 2.0232250690460205, 1.1386840343475342, 1.0714359283447266, 1.58349609375, 1.125, 0.980224609375, 1.546875
82814, 0.7235242128372192, -0.7365512251853943, -1.4503154754638672, 0.027060197666287422, -0.02377212792634964, 1.1152909994125366, 0.04704384133219719, 0.02600923553109169, -0.055405426770448685, 0.013963350094854832, -0.013545813970267773, 1.0807627439498901, 2.601439680090879, 1.4375309009611499, -5.20937894808551, 36881.0, 30866.0, 31368.0, 37557.0, 7.8942155838012695, 5.718798637390137, -42.58883285522461, -538.1864624023438, 0.3732060194015503, 0.4065449833869934, 1.5008732080459595, 1.1386840343475342, 1.0714359283447266, 1.58349609375, 1.125, 0.980224609375, 1.546875
82854, -0.5602798461914062, -0.5006769895553589, 2.3127880096435547, 0.026169871911406517, -0.02217380702495575, 1.1134809255599976, 0.04506029188632965, 0.022038431838154793, -0.00916968658566475, 0.013821477070450783, -0.016704492270946503, 1.0778840780258179, 1.649106994959612, 2.0005365684893377, 0.9828882754260517, 36426.0, 30892.0, 32303.0, 37990.0, 7.933885097503662, 34.71976852416992, -18.40285301208496, -82.65229034423828, 0.2033844292163849, 2.0067577362060547, 0.7241924405097961, 1.1386840343475342, 1.0714359283447266, 1.58349609375, 1.623779296875, 0.4742889404296875, 1.48974609375
82864, -0.47232964634895325, -0.5945776700973511, 1.2415090799331665, 0.026169871911406517, -0.02217380702495575, 1.1134809255599976, 0.04506029188632965, 0.022038431838154793, -0.00916968658566475, 0.015288989059627056, -0.013804917223751545, 1.078594446182251, -1.0119024993135812, 1.0154631187965037, -0.6887867090928494, 38028.0, 30626.0, 30940.0, 36458.0, 7.933885097503662, -28.020578384399414, 60.28684616088867, -306.50994873046875, 0.2033844292163849, 2.0067577362060547, 0.7241924405097961, 1.1386840343475342, 1.0714359283447266, 1.58349609375, 1.623779296875, 0.4742889404296875, 1.48974609375
82914, 1.0395793914794922, -0.5551190376281738, 3.385556697845459, 0.02610892988741398, -0.020854385569691658, 1.110628604888916, 0.043993428349494934, 0.018465576693415642, -0.04801848530769348, 0.015007149428129196, -0.012160440906882286, 1.0782084465026855, 5.507001766933241, 1.189613461046747, -1.1706912497456254, 37961.0, 30605.0, 30910.0, 36538.0, 7.854546070098877, 42.48014831542969, -19.790929794311523, -245.58847045898438, 0.3225598633289337, 1.8835307359695435, 1.0320818424224854, 1.1386840343475342, 1.0714359283447266, 1.58349609375, 1.623779296875, 0.4742889404296875, 1.528564453125
82944, 0.5449698567390442, -0.6174091696739197, -0.18010900914669037, 0.027484344318509102, -0.020390866324305534, 1.1099205017089844, 0.047442011535167694, 0.015026242472231388, -0.012493332847952843, 0.015435093082487583, -0.01541995070874691, 1.0779507160186768, 2.2213468503906766, 1.6994331811041832, -2.63811984702029, 37263.0, 30572.0, 31497.0, 37891.0, 7.854546070098877, 42.48014831542969, -19.790929794311523, -245.58847045898438, 0.006408387329429388, 1.3825386762619019, -0.6666592955589294, 1.1386840343475342, 1.0714359283447266, 1.58349609375, 1.623779296875, 0.4742889404296875, 1.528564453125
82964, 1.2383482456207275, -0.6433980464935303, -0.468019962310791, 0.02550520934164524, -0.01915489323437214, 1.1055439710617065, 0.0422833189368248, 0.016220232471823692, -0.035635657608509064, 0.016544565558433533, -0.011996127665042877, 1.0774345397949219, 3.4317414160095185, 0.9437242564697499, -7.778733789519888, 37796.0, 30783.0, 30951.0, 37747.0, 7.8942155838012695, 57.585052490234375, -12.874286651611328, 474.2246398925781, -0.375255823135376, -1.4889228343963623, 2.5939712524414062, 1.1386840343475342, 1.0714359283447266, 1.58349609375, 1.623779296875, 0.4742889404296875, 1.532958984375
82974, 1.6868215799331665, -0.7158651947975159, 3.3162178993225098, 0.02594081312417984, -0.019006596878170967, 1.1054531335830688, 0.044496867805719376, 0.013233000412583351, 0.01746365986764431, 0.015324406325817108, -0.012125223875045776, 1.0786786079406738, 3.5863324755801194, 1.4355225161841076, -3.9158946380346578, 37796.0, 30783.0, 30951.0, 37747.0, 7.8942155838012695, -34.591957092285156, -19.562454223632812, -386.7341003417969, -0.375255823135376, -1.4889228343963623, 2.5939712524414062, 1.1386840343475342, 1.0714359283447266, 1.58349609375, 1.623779296875, 0.4742889404296875, 1.546875
82984, 1.1999515295028687, -0.7048771381378174, 2.118065118789673, 0.02594081312417984, -0.019006596878170967, 1.1054531335830688, 0.044496867805719376, 0.013233000412583351, 0.01746365986764431, 0.015987467020750046, -0.01422906294465065, 1.0767501592636108, 3.210618650367524, 1.0770450181240392, 0.4831017644734554, 37054.0, 30798.0, 32307.0, 39048.0, 7.8942155838012695, -19.787843704223633, 22.2806396484375, 472.11187744140625, -0.375255823135376, -1.4889228343963623, 2.5939712524414062, 1.1386840343475342, 1.0714359283447266, 1.58349609375, 1.623779296875, 0.4742889404296875, 1.546875
83054, 1.2390995025634766, -0.9211025238037109, 1.4113743305206299, 0.026029666885733604, -0.017033547163009644, 1.1008106470108032, 0.04711068421602249, 0.007846876047551632, 0.051312465220689774, 0.0156233049929142, -0.01882340759038925, 1.0787134170532227, 1.348208310828853, 2.102908506037778, 1.6953123938505874, 37069.0, 31073.0, 32158.0, 39224.0, 7.854546070098877, -22.08336639404297, 9.72213363647461, 308.7541809082031, -0.710498571395874, -2.2277333736419678, 0.36643218994140625, 1.1386840343475342, 1.0714359283447266, 1.58349609375, 1.623779296875, 0.4742889404296875, 1.53515625
83104, 1.2243187427520752, -1.0222647190093994, -1.673679232597351, 0.025935892015695572, -0.016317691653966904, 1.0968846082687378, 0.04891835153102875, 0.0037826618645340204, -0.00870511494576931, 0.017757639288902283, -0.014894888736307621, 1.0809435844421387, 3.581110107500361, 1.2577446680234061, -0.06248014539503996, 38269.0, 30806.0, 30727.0, 38042.0, 7.874380588531494, 37.92628479003906, -63.16316223144531, 1.9768422842025757, -0.5144134759902954, -1.866251826286316, 2.821296453475952, 1.1386840343475342, 1.0714359283447266, 1.58349609375, 1.623779296875, 0.4742889404296875, 1.564453125
83114, 1.938461184501648, -1.0411006212234497, 3.8014814853668213, 0.023501798510551453, -0.016093367710709572, 1.094337821006775, 0.044985853135585785, 0.0004184187564533204, 0.06671583652496338, 0.018140127882361412, -0.018551193177700043, 1.0806084871292114, -0.49034550613371747, 1.1686524002093677, 1.354760402550866, 38269.0, 30806.0, 30727.0, 38042.0, 7.874380588531494, -9.210001945495605, -16.953899383544922, -67.54270935058594, -0.7920749187469482, -2.4315383434295654, 0.440321147441864, 1.1386840343475342, 1.0714359283447266, 1.58349609375, 1.623779296875, 0.4742889404296875, 1.563720703125
83144, -0.07514790445566177, -0.752135694026947, 2.622068405151367, 0.024899262934923172, -0.016130900010466576, 1.0943371057510376, 0.04936816543340683, -0.004372652620077133, -0.007132217288017273, 0.01991894096136093, -0.014724865555763245, 1.084116816520691, 2.975123725778467, 1.0451287897717236, -7.887499531887704, 38719.0, 30610.0, 31285.0, 37650.0, 7.933885097503662, -21.9610595703125, 3.09745454788208, 277.12933349609375, -0.14443224668502808, 0.647831380367279, -0.17378659546375275, 1.1386840343475342, 1.0714359283447266, 1.58349609375, 1.623779296875, 0.4742889404296875, 1.55859375
83204, -0.27691102027893066, -0.8615149855613708, 4.027950286865234, 0.025012142956256866, -0.01523633860051632, 1.0914157629013062, 0.05219673737883568, -0.008160708472132683, -0.012444054707884789, 0.020490635186433792, -0.015145448036491871, 1.0907740592956543, 3.4073614823779383, 1.8544804502088539, -4.273949945247702, 37739.0, 30678.0, 32354.0, 38920.0, 7.933885097503662, 36.15027618408203, -62.41746139526367, -40.02671432495117, 0.20153923332691193, 2.248387575149536, 1.3992094993591309, 1.1386840343475342, 1.0714359283447266, 1.58349609375, 1.623779296875, 0.4742889404296875, 1.52783203125
83224, 0.30824607610702515, -0.9705992937088013, 0.39576470851898193, 0.02322637289762497, -0.014433741569519043, 1.0889683961868286, 0.04870503023266792, -0.006721400655806065, 0.058146946132183075, 0.02149001695215702, -0.019473733380436897, 1.0902678966522217, -1.2352043013027625, 1.4329676123404624, 0.9713973281461085, 37739.0, 30678.0, 32354.0, 38920.0, 7.854546070098877, 138.54417419433594, 27.06757164001465, -200.52389526367188, -0.23928149044513702, 0.34053510427474976, -0.23988422751426697, 1.1386840343475342, 1.0714359283447266, 1.58349609375, 1.623779296875, 0.4742889404296875, 1.518310546875
83314, 0.7242433428764343, -1.049782156944275, -1.6019891500473022, 0.02472131885588169, -0.014944460242986679, 1.0870115756988525, 0.05155058950185776, -0.010699411854147911, -0.07162179052829742, 0.022578150033950806, -0.019629143178462982, 1.0980217456817627, 1.6364520613652607, 2.226206184808774, -2.56157918917911, 37902.0, 31318.0, 31435.0, 39061.0, 7.874380588531494, 64.80818939208984, -37.91667556762695, 10.544395446777344, -0.7027629017829895, -1.5673246383666992, 3.0462303161621094, 1.1386840343475342, 1.0714359283447266, 1.58349609375, 1.623779296875, 0.4742889404296875, 1.519775390625
83324, 1.4531753063201904, -1.001680850982666, 3.0719895362854004, 0.02472131885588169, -0.014944460242986679, 1.0870115756988525, 0.05155058950185776, -0.010699411854147911, -0.07162179052829742, 0.02256951481103897, -0.01733160763978958, 1.0975229740142822, 1.7249534197811685, 1.890628899784673, -7.039268944536498, 37902.0, 31318.0, 31435.0, 39061.0, 7.83471155166626, 64.80818939208984, -37.91667556762695, 10.544395446777344, -0.7027629017829895, -1.5673246383666992, 3.0462303161621094, 1.1386840343475342, 1.0714359283447266, 1.58349609375, 1.623779296875, 0.4742889404296875, 1.54248046875
83344, -0.7560620307922363, -1.104089379310608, 4.117425918579102, 0.024269698187708855, -0.015542997978627682, 1.0851730108261108, 0.054293204098939896, -0.016443956643342972, 0.0057435669004917145, 0.023801742121577263, -0.016262155026197433, 1.0987725257873535, 2.955581226629253, 1.4019649097522233, -8.084705726129917, 37460.0, 31090.0, 32660.0, 39492.0, 7.83471155166626, -208.58059692382812, 50.35075759887695, -201.1104278564453, -0.7027629017829895, -1.5673246383666992, 3.0462303161621094, 1.1386840343475342, 1.0714359283447266, 1.58349609375, 1.623779296875, 0.4742889404296875, 1.54833984375
83384, 0.7604985237121582, -1.1938968896865845, -1.0960869789123535, 0.023970045149326324, -0.01576107181608677, 1.0835503339767456, 0.05570613965392113, -0.014853804372251034, 0.029696937650442123, 0.02305019460618496, -0.021273590624332428, 1.0994024276733398, 0.5020891586720213, 1.7561705186353151, 1.5939507596211404, 37460.0, 31090.0, 32660.0, 39492.0, 7.874380588531494, 148.75469970703125, 14.072199821472168, -252.32327270507812, 1.0634163618087769, -1.384390115737915, -0.1667177826166153, 1.1386840343475342, 1.0714359283447266, 1.58349609375, 0.684814453125, 18.124267578125, 1.5498046875
83444, 0.5213751196861267, -1.44284188747406, 0.4970357120037079, 0.026382701471447945, -0.016456421464681625, 1.0848565101623535, 0.06465216726064682, -0.01961696147918701, 0.039435528218746185, 0.023349538445472717, -0.015863534063100815, 1.105256199836731, 3.294826176083978, 1.906677105751271, -3.352449095107, 38466.0, 30873.0, 30813.0, 38460.0, 7.8942155838012695, 48.55073928833008, -2.8317763805389404, 10.73198127746582, 0.5133563876152039, 0.8116076588630676, 1.12275230884552, 1.1386840343475342, 1.0714359283447266, 1.58349609375, 0.684814453125, 18.124267578125, 1.518310546875
83454, 0.7147549986839294, -1.1490732431411743, -0.8153598308563232, 0.026382701471447945, -0.016456421464681625, 1.0848565101623535, 0.06465216726064682, -0.01961696147918701, 0.039435528218746185, 0.024236047640442848, -0.017834356054663658, 1.1038596630096436, 2.793732016857691, 1.5545823358175141, 0.7596520057403193, 37980.0, 31216.0, 31781.0, 39167.0, 7.8942155838012695, 124.64330291748047, 19.35407066345215, 483.009033203125, 0.5133563876152039, 0.8116076588630676, 1.12275230884552, 1.1386840343475342, 1.0714359283447266, 1.58349609375, 0.684814453125, 18.124267578125, 1.518310546875
83464, 1.2459415197372437, -1.0493748188018799, 2.2366487979888916, 0.026382701471447945, -0.016456421464681625, 1.0848565101623535, 0.06465216726064682, -0.01961696147918701, 0.039435528218746185, 0.024064572528004646, -0.021007096394896507, 1.1032280921936035, 0.8066662655006972, 1.90417659468676, 1.4401845338888124, 37736.0, 31209.0, 32589.0, 39462.0, 7.8942155838012695, -30.34102439880371, -18.47921371459961, -335.2735900878906, -0.537274956703186, -1.1495027542114258, 0.5674342513084412, 1.1386840343475342, 1.0714359283447266, 1.58349609375, 0.684814453125, 18.124267578125, 1.518310546875
83494, -0.678169310092926, -0.8816521763801575, 2.9548182487487793, 0.025986196473240852, -0.016295570880174637, 1.0841442346572876, 0.0663657858967781, -0.0180132444947958, 0.05229547992348671, 0.025068936869502068, -0.01599777303636074, 1.1047804355621338, 2.048197901086834, 1.4230394238449264, -8.43983047362864, 37736.0, 31209.0, 32589.0, 39462.0, 7.8942155838012695, -158.0864715576172, 51.626487731933594, -332.8891906738281, 0.016704952344298363, 0.8732393383979797, -0.6548159122467041, 1.1386840343475342, 1.0714359283447266, 1.58349609375, 0.684814453125, 18.124267578125, 1.60986328125
83504, 0.28269103169441223, -1.1091026067733765, -0.204008087515831, 0.026659555733203888, -0.0164647176861763, 1.0847190618515015, 0.06830156594514847, -0.015916774049401283, 0.06268730014562607, 0.025392411276698112, -0.015351931564509869, 1.1062244176864624, 3.131403258399478, 1.651924802226489, -7.234113002746012, 37736.0, 31209.0, 32589.0, 39462.0, 7.854546070098877, -158.0864715576172, 51.626487731933594, -332.8891906738281, 0.5188435912132263, 0.5774219036102295, 1.2608087062835693, 1.1386840343475342, 1.0714359283447266, 1.58349609375, 0.684814453125, 18.124267578125, 1.60986328125
83514, 0.41479843854904175, -1.3389368057250977, 0.3931824266910553, 0.027341526001691818, -0.016624778509140015, 1.0847846269607544, 0.06777842342853546, -0.014226563274860382, -0.04953128844499588, 0.024582546204328537, -0.016117038205266, 1.1068381071090698, 2.97785003057237, 2.2555703347756832, -4.374615280238358, 37736.0, 31209.0, 32589.0, 39462.0, 7.8942155838012695, -158.0864715576172, 51.626487731933594, -332.8891906738281, -0.7761572003364563, -0.9009349942207336, 2.8750433921813965, 1.1386840343475342, 1.0714359283447266, 1.58349609375, 0.684814453125, 18.124267578125, 1.60986328125
83564, -0.7422842383384705, -0.7705129981040955, 2.598546266555786, 0.026788588613271713, -0.017201093956828117, 1.0856424570083618, 0.06895271688699722, -0.016803719103336334, 0.026660306379199028, 0.025256620720028877, -0.018725352361798286, 1.1082628965377808, 1.89624126003159, 2.622949610902964, -3.7372123786941103, 39099.0, 30720.0, 31427.0, 37272.0, 7.83471155166626, -158.0864715576172, 51.626487731933594, -332.8891906738281, 0.030694957822561264, 0.2937803268432617, 2.2180702686309814, 1.1386840343475342, 1.0714359283447266, 1.58349609375, 0.684814453125, 18.124267578125, 1.60986328125
83574, 0.2603444755077362, -0.9034336805343628, -0.7827891111373901, 0.026788588613271713, -0.017201093956828117, 1.0856424570083618, 0.06895271688699722, -0.016803719103336334, 0.026660306379199028, 0.025770170614123344, -0.01695489138364792, 1.1064263582229614, 1.4320359196481838, 1.912309267744405, -6.709682238107149, 39082.0, 30646.0, 30892.0, 37224.0, 7.83471155166626, 151.38839721679688, -34.33052444458008, -261.67669677734375, 0.030694957822561264, 0.2937803268432617, 2.2180702686309814, 1.1386840343475342, 1.0714359283447266, 1.58349609375, 0.684814453125, 18.124267578125, 1.60986328125
83644, 0.1334739476442337, -0.744992733001709, -0.45640820264816284, 0.031662046909332275, -0.01875903643667698, 1.0902304649353027, 0.07880722731351852, -0.01642714813351631, 0.06180562824010849, 0.02575528249144554, -0.017364641651511192, 1.1062825918197632, -1.525349392240462, 1.6428032942767459, -1.8420945454059234, 39082.0, 30646.0, 30892.0, 37224.0, 7.854546070098877, 137.34886169433594, 42.165679931640625, 790.8555297851562, 0.4731193780899048, 0.46188995242118835, 1.3274019956588745, 1.1386840343475342, 1.0714359283447266, 1.58349609375, 0.684814453125, 18.124267578125, 1.53515625
83694, -1.4531655311584473, -0.778815507888794, 3.087461471557617, 0.03274519741535187, -0.018653778359293938, 1.0931309461593628, 0.07936430722475052, -0.015300549566745758, 0.070277638733387, 0.024730341508984566, -0.013894924893975258, 1.1061985492706299, 3.013846756997706, 2.5926604034299316, -3.836870065917464, 37944.0, 31004.0, 31454.0, 38109.0, 7.854546070098877, -118.33755493164062, 39.51177978515625, -407.9804992675781, 0.5031685829162598, 2.101080894470215, 0.9754621982574463, 1.1386840343475342, 1.0714359283447266, 1.58349609375, 0.684814453125, 18.124267578125, 1.53515625
83704, -0.9757499098777771, -0.6270895600318909, 2.7514498233795166, 0.03274519741535187, -0.018653778359293938, 1.0931309461593628, 0.07936430722475052, -0.015300549566745758, 0.070277638733387, 0.025051269680261612, -0.014525976963341236, 1.105217695236206, 3.2245760943830417, 2.2122639055992295, 0.14323438347873832, 38696.0, 30915.0, 31401.0, 36725.0, 7.854546070098877, 15.708898544311523, 28.678203582763672, -111.81539916992188, 0.5031685829162598, 2.101080894470215, 0.9754621982574463, 1.1386840343475342, 1.0714359283447266, 1.58349609375, 0.684814453125, 18.124267578125, 1.53515625
83714, -0.04487688094377518, -0.7824445962905884, -0.5500675439834595, 0.03274519741535187, -0.018653778359293938, 1.0931309461593628, 0.07936430722475052, -0.015300549566745758, 0.070277638733387, 0.024320581927895546, -0.01817210018634796, 1.1046911478042603, 1.136255692720304, 3.2206762864814777, 1.4464898840722415, 38604.0, 30904.0, 30775.0, 36644.0, 7.854546070098877, 144.61878967285156, -22.188079833984375, -200.50364685058594, 0.5031685829162598, 2.101080894470215, 0.9754621982574463, 1.1386840343475342, 1.0714359283447266, 1.58349609375, 0.684814453125, 18.124267578125, 1.53515625
83724, 0.14071343839168549, -1.0471503734588623, 0.23833362758159637, 0.032361067831516266, -0.018469305709004402, 1.0954786539077759, 0.07490858435630798, -0.009645415470004082, -0.01564653590321541, 0.02502114698290825, -0.016617152839899063, 1.1058098077774048, 1.8138469549729153, 2.9309472393262297, -2.0842856650384367, 38604.0, 30904.0, 30775.0, 36644.0, 7.854546070098877, -36.63493347167969, 16.729534149169922, -12.36435604095459, 0.5031685829162598, 2.101080894470215, 0.9754621982574463, 1.1386840343475342, 1.0714359283447266, 1.58349609375, 0.684814453125, 18.124267578125, 1.535888671875
83794, 0.27497076988220215, -0.9956220984458923, 0.3844805657863617, 0.034994058310985565, -0.019297346472740173, 1.101276159286499, 0.07807273417711258, -0.008296679705381393, -0.0020066117867827415, 0.023681458085775375, -0.014459589496254921, 1.1040867567062378, 1.9173507746379104, 2.644901856668298, -3.1111023492268806, 38198.0, 30884.0, 31583.0, 36512.0, 7.854546070098877, -11.334117889404297, 48.211082458496094, 138.2408905029297, 0.47887158393859863, 0.8729075193405151, 1.0272114276885986, 1.1386840343475342, 1.0714359283447266, 1.58349609375, 1.418701171875, 0.0603485107421875, 1.529296875
83824, 0.6164358854293823, -0.58376145362854, 1.826441764831543, 0.034362658858299255, -0.019490322098135948, 1.1038163900375366, 0.07613196223974228, -0.008537091314792633, 0.06438460946083069, 0.022231247276067734, -0.010591130703687668, 1.1033916473388672, 3.2245221545742773, 1.8883551003119123, -5.463084564162437, 36443.0, 31202.0, 33039.0, 38187.0, 7.8942155838012695, -33.39011001586914, -7.523360729217529, 366.5627746582031, -0.5375716686248779, -1.8105295896530151, 0.5460248589515686, 1.1386840343475342, 1.0714359283447266, 1.58349609375, 1.418701171875, 0.0603485107421875, 1.53076171875
83884, 1.1098214387893677, -0.5140436291694641, 4.60487174987793, 0.03564362972974777, -0.01900518499314785, 1.1075537204742432, 0.07388835400342941, -0.0060056159272789955, 0.15442006289958954, 0.02034502476453781, -0.006792061030864716, 1.100853443145752, 3.588195250842008, 2.04125126628162, -6.5236518481686545, 36462.0, 30874.0, 33043.0, 37861.0, 7.874380588531494, 118.43601989746094, 10.562281608581543, -329.630859375, -0.7317067980766296, -2.872774600982666, 0.5456891655921936, 1.1386840343475342, 1.0714359283447266, 1.58349609375, 1.8544921875, 1.19146728515625, 1.6083984375
83894, 0.8244648575782776, -0.39445123076438904, 2.2958972454071045, 0.03638268634676933, -0.019065329805016518, 1.1086345911026, 0.07393451780080795, -0.004568084608763456, 0.06171184033155441, 0.020770777016878128, -0.00847146287560463, 1.0998741388320923, 2.3920562659899742, 1.5717865152888635, -5.138218802487689, 36462.0, 30874.0, 33043.0, 37861.0, 7.8942155838012695, 118.43601989746094, 10.562281608581543, -329.630859375, -0.7317067980766296, -2.872774600982666, 0.5456891655921936, 1.1386840343475342, 1.0714359283447266, 1.58349609375, 1.8544921875, 1.19146728515625, 1.6083984375
83904, -0.39759427309036255, -0.32771092653274536, 5.630425453186035, 0.03638268634676933, -0.019065329805016518, 1.1086345911026, 0.07393451780080795, -0.004568084608763456, 0.06171184033155441, 0.02023063227534294, -0.008343284949660301, 1.1003117561340332, 5.205655479490188, 1.2410377715814036, -1.1303320548670266, 36275.0, 30875.0, 31726.0, 37683.0, 7.8942155838012695, 118.43601989746094, 10.562281608581543, -329.630859375, -0.17255862057209015, 1.7161827087402344, 0.873526930809021, 1.1386840343475342, 1.0714359283447266, 1.58349609375, 1.8544921875, 1.19146728515625, 1.6083984375
83924, -0.7078354358673096, -0.4611881673336029, 1.9121538400650024, 0.03638268634676933, -0.019065329805016518, 1.1086345911026, 0.07393451780080795, -0.004568084608763456, 0.06171184033155441, 0.020557178184390068, -0.01062557939440012, 1.097952127456665, -0.4447422008828951, 1.3547549070559057, 0.9895289659884319, 37401.0, 30719.0, 30570.0, 36639.0, 7.83471155166626, 70.98577880859375, -36.72392272949219, 82.21507263183594, 0.27432525157928467, 1.2273670434951782, -0.21740134060382843, 1.1386840343475342, 1.0714359283447266, 1.58349609375, 1.8544921875, 1.19146728515625, 1.6083984375
83954, 0.8351346850395203, -0.48756295442581177, 2.961540937423706, 0.034557562321424484, -0.01883874461054802, 1.109150767326355, 0.06302603334188461, -0.003908964805305004, 0.10175088793039322, 0.0197752732783556, -0.006413542665541172, 1.0982985496520996, 4.6589302056264, 1.4185071316065319, -7.144595408176215, 37401.0, 30719.0, 30570.0, 36639.0, 7.83471155166626, 85.10318756103516, 30.31422233581543, 804.29345703125, 0.06782098859548569, -1.185016393661499, 2.1103551387786865, 1.1386840343475342, 1.0714359283447266, 1.58349609375, 1.8427734375, 1.1400146484375, 1.51171875
84054, -1.305185079574585, 0.10006235539913177, 2.190502405166626, 0.03769595921039581, -0.018241209909319878, 1.1101229190826416, 0.05967732518911362, 4.256013926351443e-05, -0.01833975873887539, 0.017363501712679863, -0.009069448336958885, 1.0974701642990112, 2.0923925365334073, 1.155947180033877, 1.370934173757603, 36653.0, 30628.0, 34803.0, 38343.0, 7.9140496253967285, -59.51464080810547, 11.500722885131836, 657.1350708007812, 0.2938182055950165, 1.7645690441131592, 0.9735001921653748, 1.1386840343475342, 1.0714359283447266, 1.58349609375, 1.8427734375, 1.1400146484375, 1.59814453125
84064, -0.9375328421592712, 0.36252036690711975, 2.740678548812866, 0.03769595921039581, -0.018241209909319878, 1.1101229190826416, 0.05967732518911362, 4.256013926351443e-05, -0.01833975873887539, 0.01671087183058262, -0.009365848265588284, 1.0987355709075928, 1.4672485279868912, 1.488536442849778, -0.39146697666605546, 36653.0, 30628.0, 34803.0, 38343.0, 7.83471155166626, -59.51464080810547, 11.500722885131836, 657.1350708007812, 0.2938182055950165, 1.7645690441131592, 0.9735001921653748, 1.1386840343475342, 1.0714359283447266, 1.58349609375, 1.8427734375, 1.1400146484375, 1.598876953125
84074, -0.2964736819267273, 0.12178371846675873, 0.5861280560493469, 0.03769595921039581, -0.018241209909319878, 1.1101229190826416, 0.05967732518911362, 4.256013926351443e-05, -0.01833975873887539, 0.0176590234041214, -0.004268309101462364, 1.0966752767562866, 0.05499535985569397, 0.9424327273359268, -5.801166762215515, 36653.0, 30628.0, 34803.0, 38343.0, 7.83471155166626, -59.51464080810547, 11.500722885131836, 657.1350708007812, 0.17751963436603546, 0.7761728763580322, 0.8834483027458191, 1.1386840343475342, 1.0714359283447266, 1.58349609375, 1.8427734375, 1.1400146484375, 1.53955078125
84114, 0.629065215587616, -0.002982486505061388, 2.77952241897583, 0.03762943297624588, -0.01683369092643261, 1.1087663173675537, 0.04970810189843178, 0.00598275987431407, -0.021643467247486115, 0.016428682953119278, -0.007187219336628914, 1.0971819162368774, 2.299660714998523, 0.9834940127507537, -0.9148249508295988, 36653.0, 30628.0, 34803.0, 38343.0, 7.8942155838012695, -59.51464080810547, 11.500722885131836, 657.1350708007812, 0.2822345197200775, 1.946618676185608, 1.3596432209014893, 1.1386840343475342, 1.0714359283447266, 1.58349609375, 1.8427734375, 1.1400146484375, 1.52197265625
84164, 0.6766090989112854, -0.5129374265670776, -1.842736005783081, 0.03663189709186554, -0.015945056453347206, 1.106144666671753, 0.04256536066532135, 0.007361140567809343, -0.0649053156375885, 0.015362290665507317, -0.004116535186767578, 1.0988247394561768, 3.4551098418323356, 1.0942009336940544, -5.244547984582031, 36653.0, 30628.0, 34803.0, 38343.0, 7.9140496253967285, 26.344053268432617, -13.423121452331543, -68.32487487792969, -0.3592786490917206, -2.245598554611206, 2.4817910194396973, 1.1386840343475342, 1.0714359283447266, 1.58349609375, 1.8427734375, 1.1400146484375, 1.5234375
84174, 1.278176188468933, -0.5590224266052246, 3.2820072174072266, 0.03663189709186554, -0.015945056453347206, 1.106144666671753, 0.04256536066532135, 0.007361140567809343, -0.0649053156375885, 0.015506488271057606, -0.004050834570080042, 1.096373438835144, 4.244770425923588, 0.7735763664626063, -0.1632688706369733, 37049.0, 31337.0, 30791.0, 39014.0, 7.9140496253967285, 21.370006561279297, -23.193342208862305, 89.09210968017578, -0.3592786490917206, -2.245598554611206, 2.4817910194396973, 1.1386840343475342, 1.0714359283447266, 1.58349609375, 1.8427734375, 1.1400146484375, 1.5556640625
84194, -0.42814773321151733, -0.5532180070877075, 2.294015884399414, 0.034655552357435226, -0.015418641269207, 1.105048656463623, 0.03764905780553818, 0.004628526978194714, -0.05382005497813225, 0.01596834324300289, -0.00621599517762661, 1.0982708930969238, 2.488353747264987, 1.610405782836807, -2.8145279532842413, 37049.0, 31337.0, 30791.0, 39014.0, 7.9140496253967285, -23.159311294555664, 8.348020553588867, 90.60521697998047, 0.023302491754293442, 1.4465036392211914, 1.6802310943603516, 1.1386840343475342, 1.0714359283447266, 1.58349609375, 1.8427734375, 1.1400146484375, 1.57470703125
84234, 0.8928548693656921, -0.4678730070590973, -2.809011936187744, 0.03263435512781143, -0.014019792899489403, 1.1033562421798706, 0.031129317358136177, 0.009280001744627953, -0.05091286450624466, 0.016208207234740257, -0.004076194949448109, 1.0959385633468628, 3.838565334845915, 0.8700837138260624, -0.1819134731296288, 37459.0, 30870.0, 33623.0, 38465.0, 7.8942155838012695, -23.159311294555664, 8.348020553588867, 90.60521697998047, 0.7470167875289917, 0.8251248002052307, 0.5228149890899658, 1.1386840343475342, 1.0714359283447266, 1.58349609375, 1.8427734375, 1.1400146484375, 1.537353515625
84254, 1.130468487739563, -0.38816171884536743, 1.183740258216858, 0.03328286483883858, -0.013878745958209038, 1.1036485433578491, 0.03287248685956001, 0.0071310121566057205, -0.019594931975007057, 0.016517585143446922, -0.005520426668226719, 1.0969605445861816, 2.291080678406849, 1.2584292319269537, -5.509069046642287, 36803.0, 30690.0, 34547.0, 39080.0, 7.854546070098877, -23.159311294555664, 8.348020553588867, 90.60521697998047, 0.028576167300343513, 1.6929998397827148, 1.430871844291687, 1.1386840343475342, 1.0714359283447266, 1.58349609375, 1.8427734375, 1.1400146484375, 1.537353515625
84284, -0.3160581588745117, -0.5460865497589111, 2.501589775085449, 0.030662300065159798, -0.012424755841493607, 1.1021316051483154, 0.02587985247373581, 0.006842426024377346, -0.04150882363319397, 0.01661396212875843, -0.0032691461965441704, 1.09764564037323, 5.323146576764906, 0.4376986080040979, -1.8150090525087583, 38957.0, 30530.0, 30365.0, 37112.0, 7.83471155166626, 57.59200668334961, -48.656776428222656, 75.91985321044922, 0.4637978971004486, 1.2552646398544312, 0.14139264822006226, 1.1386840343475342, 1.0714359283447266, 1.58349609375, 1.8427734375, 1.1400146484375, 1.537353515625
84294, 0.8040845394134521, -0.6076952219009399, 1.7298004627227783, 0.030662300065159798, -0.012424755841493607, 1.1021316051483154, 0.02587985247373581, 0.006842426024377346, -0.04150882363319397, 0.01689033769071102, -0.004495908040553331, 1.0961965322494507, 3.1015258836167674, 0.720737815332825, -0.3667250076250329, 38544.0, 30681.0, 29730.0, 37534.0, 7.874380588531494, 57.59200668334961, -48.656776428222656, 75.91985321044922, 0.4637978971004486, 1.2552646398544312, 0.14139264822006226, 1.1386840343475342, 1.0714359283447266, 1.58349609375, 1.8427734375, 1.1400146484375, 1.537353515625
84304, 1.0231777429580688, -0.8274658918380737, -0.07593061774969101, 0.03146006911993027, -0.012209075503051281, 1.1011581420898438, 0.02690155804157257, 0.007909053936600685, -0.08216502517461777, 0.016778752207756042, -0.0068112583830952644, 1.095736026763916, 0.7351478858303071, 0.9412677197426262, -0.6746679712568378, 38544.0, 30681.0, 29730.0, 37534.0, 7.874380588531494, -4.29361629486084, -49.013187408447266, -529.8364868164062, 0.4637978971004486, 1.2552646398544312, 0.14139264822006226, 1.1386840343475342, 1.0714359283447266, 1.58349609375, 1.8427734375, 1.1400146484375, 1.575439453125
84314, 1.5911288261413574, -0.85383141040802, 4.168270111083984, 0.03146006911993027, -0.012209075503051281, 1.1011581420898438, 0.02690155804157257, 0.007909053936600685, -0.08216502517461777, 0.017060313373804092, -0.005823073908686638, 1.098711371421814, 2.2300881139699658, 1.3681614300261629, -3.7233702280530685, 37293.0, 30944.0, 30533.0, 39165.0, 7.874380588531494, 60.53790283203125, 12.704948425292969, 646.4904174804688, 0.4637978971004486, 1.2552646398544312, 0.14139264822006226, 1.1386840343475342, 1.0714359283447266, 1.58349609375, 1.8427734375, 1.1400146484375, 1.5205078125
84344, -0.5100074410438538, -0.6619244813919067, 1.2430716753005981, 0.029531994834542274, -0.011401493102312088, 1.0999926328659058, 0.024920759722590446, 0.0022725386079400778, -0.023244109004735947, 0.017667103558778763, -0.0013545803958550096, 1.0977667570114136, 3.8225055933597187, 0.2991165140684302, -6.913623897034899, 37293.0, 30944.0, 30533.0, 39165.0, 7.854546070098877, -55.1099739074707, -13.321921348571777, -397.3787841796875, -0.47170546650886536, 0.1055542379617691, 0.7454407811164856, 1.1386840343475342, 1.0714359283447266, 1.58349609375, 1.8427734375, 1.1400146484375, 1.58056640625
84404, 0.500798225402832, -0.8499904870986938, 5.733030319213867, 0.027737034484744072, -0.010726307518780231, 1.0998611450195312, 0.023949021473526955, 0.0017508618766441941, 0.0902649462223053, 0.017631372436881065, -0.001202387735247612, 1.0983809232711792, 3.773065658853519, 1.7884836209604202, -7.987366858348266, 37034.0, 30764.0, 33290.0, 38548.0, 7.9140496253967285, 88.99713134765625, 45.39063262939453, -102.53811645507812, 0.06147472560405731, 1.2635915279388428, 1.3010870218276978, 1.1386840343475342, 1.0714359283447266, 1.58349609375, 1.8427734375, 1.1400146484375, 1.58056640625
84414, -0.24321186542510986, -0.7761022448539734, 4.332496166229248, 0.027737034484744072, -0.010726307518780231, 1.0998611450195312, 0.023949021473526955, 0.0017508618766441941, 0.0902649462223053, 0.017664771527051926, 0.000144273042678833, 1.097984790802002, 4.1715586864441905, 1.7661824378197934, -6.941209546566136, 38079.0, 30629.0, 32033.0, 37512.0, 7.854546070098877, 88.99713134765625, 45.39063262939453, -102.53811645507812, 0.06147472560405731, 1.2635915279388428, 1.3010870218276978, 1.1386840343475342, 1.0714359283447266, 1.58349609375, 1.8427734375, 1.1400146484375, 1.58056640625
84434, 0.8888117074966431, -1.0202447175979614, 1.3683396577835083, 0.026087751612067223, -0.009414451196789742, 1.100287675857544, 0.021294238045811653, 0.0010311423102393746, -0.03901175037026405, 0.019204387441277504, -0.0020676907151937485, 1.098219394683838, 4.838605477408645, 0.6402920850875091, -1.5926666438065253, 38665.0, 30568.0, 30434.0, 36939.0, 7.854546070098877, 64.10530853271484, 14.511610984802246, -78.74092102050781, 0.06147472560405731, 1.2635915279388428, 1.3010870218276978, 1.1386840343475342, 1.0714359283447266, 1.58349609375, 1.8427734375, 1.1400146484375, 1.60107421875
84524, 1.6198750734329224, -1.2366254329681396, 1.870413064956665, 0.025562819093465805, -0.008154908195137978, 1.100196123123169, 0.030782045796513557, -0.0022344556637108326, -0.04295187070965767, 0.021267199888825417, -0.004803141579031944, 1.0988596677780151, 2.196671906006519, 1.346570657955823, -2.688715055001001, 37018.0, 30915.0, 33747.0, 38752.0, 7.854546070098877, -78.91278839111328, -21.250850677490234, -527.8607788085938, 0.1970537006855011, 0.3310105502605438, 1.825912594795227, 1.1386840343475342, 1.0714359283447266, 1.58349609375, 0.54052734375, 32.96937561035156, 1.52783203125
84534, 1.3311189413070679, -1.0537152290344238, 0.7503663301467896, 0.025562819093465805, -0.008154908195137978, 1.100196123123169, 0.030782045796513557, -0.0022344556637108326, -0.04295187070965767, 0.02167634665966034, -0.004227170720696449, 1.0986826419830322, 2.6570088402480025, 1.755638639991588, -4.16679600060278, 36697.0, 31021.0, 33915.0, 39035.0, 7.854546070098877, -91.69087219238281, -39.88983154296875, -664.1248168945312, 0.1970537006855011, 0.3310105502605438, 1.825912594795227, 1.1386840343475342, 1.0714359283447266, 1.58349609375, 0.54052734375, 32.96937561035156, 1.52783203125
84544, 0.848580002784729, -1.0260963439941406, 4.209394931793213, 0.025562819093465805, -0.008154908195137978, 1.100196123123169, 0.030782045796513557, -0.0022344556637108326, -0.04295187070965767, 0.02241498790681362, -0.0009603709331713617, 1.0960551500320435, 2.0556078154154256, 0.3296584786173753, -7.373839652618282, 36697.0, 31021.0, 33915.0, 39035.0, 7.854546070098877, -137.34490966796875, 1.310479998588562, 558.8403930664062, 0.1970537006855011, 0.3310105502605438, 1.825912594795227, 1.1386840343475342, 1.0714359283447266, 1.58349609375, 0.54052734375, 32.96937561035156, 1.557861328125
84554, -0.22563056647777557, -0.966411828994751, 3.4006874561309814, 0.02436317317187786, -0.007612235378473997, 1.0995299816131592, 0.03343040496110916, -0.008343317545950413, -0.020027628168463707, 0.021409962326288223, 0.0010778838768601418, 1.0986706018447876, 4.418868284314401, 1.1714633213148318, -6.10320127754794, 36697.0, 31021.0, 33915.0, 39035.0, 7.9140496253967285, 32.498863220214844, -35.57046127319336, -87.78607940673828, 0.1970537006855011, 0.3310105502605438, 1.825912594795227, 1.1386840343475342, 1.0714359283447266, 1.58349609375, 0.54052734375, 32.96937561035156, 1.557861328125
84644, -0.5736360549926758, -1.1921404600143433, 0.8734868764877319, 0.024870330467820168, -0.008202001452445984, 1.0988188982009888, 0.04475363343954086, -0.017562083899974823, 0.06067698821425438, 0.02337593026459217, -0.00034013204276561737, 1.0991544723510742, 4.432683133745273, 1.507485797523941, -3.2743769408446792, 38894.0, 30994.0, 30310.0, 37145.0, 7.83471155166626, 103.19400024414062, -54.13767623901367, -139.21444702148438, 0.1249179095029831, 1.591333270072937, -0.512808084487915, 1.090295433998108, 1.4119148254394531, 1.611328125, 0.54052734375, 32.96937561035156, 1.49853515625
84654, 0.5383914709091187, -1.1480348110198975, -0.04325932636857033, 0.024870330467820168, -0.008202001452445984, 1.0988188982009888, 0.04475363343954086, -0.017562083899974823, 0.06067698821425438, 0.023634901270270348, -0.001394718885421753, 1.097835898399353, 5.736816257444701, 0.8397387839206942, -0.6457041284155715, 37915.0, 31144.0, 31019.0, 38066.0, 7.83471155166626, 51.99868392944336, -17.796255111694336, -375.2509765625, 0.1249179095029831, 1.591333270072937, -0.512808084487915, 1.090295433998108, 1.4119148254394531, 1.611328125, 0.54052734375, 32.96937561035156, 1.49853515625
84664, 0.9815605878829956, -1.5287624597549438, -0.8437294363975525, 0.024870330467820168, -0.008202001452445984, 1.0988188982009888, 0.04475363343954086, -0.017562083899974823, 0.06067698821425438, 0.023973360657691956, -0.0032909363508224487, 1.0978899002075195, 3.504008321548808, 1.4846477554549438, -0.16414504899735935, 37915.0, 31144.0, 31019.0, 38066.0, 7.83471155166626, 80.38985443115234, 70.23766326904297, 997.7813110351562, 0.1249179095029831, 1.591333270072937, -0.512808084487915, 1.090295433998108, 1.4119148254394531, 1.611328125, 0.54052734375, 32.96937561035156, 1.5791015625
84684, 1.0081825256347656, -1.2755398750305176, 0.8840423822402954, 0.024819962680339813, -0.007661009207367897, 1.0996124744415283, 0.04917289689183235, -0.01788877509534359, -0.0032988146413117647, 0.02400708757340908, -0.003785722190514207, 1.0987017154693604, 3.1439509048202297, 1.58830586609389, -3.1398281903884415, 37915.0, 31144.0, 31019.0, 38066.0, 7.854546070098877, -100.84136199951172, -34.59114074707031, -804.5733032226562, 0.34512048959732056, 2.626396894454956, 0.9288809299468994, 1.090295433998108, 1.4119148254394531, 1.611328125, 0.54052734375, 32.96937561035156, 1.53369140625
84714, 0.24549414217472076, -1.1250911951065063, -0.6812262535095215, 0.024118363857269287, -0.006599136162549257, 1.1000970602035522, 0.050466835498809814, -0.014573737047612667, 0.0264099333435297, 0.0234316885471344, 0.002182887401431799, 1.0977479219436646, 5.216648697854655, 1.906061218439163, -6.75514905100731, 37915.0, 31144.0, 31019.0, 38066.0, 7.854546070098877, -100.84136199951172, -34.59114074707031, -804.5733032226562, 0.02478189766407013, -0.6972150206565857, 1.3788726329803467, 1.090295433998108, 1.4119148254394531, 1.611328125, 1.478759765625, 0.1546478271484375, 1.529296875
84764, -0.7384728193283081, -1.102987289428711, 2.7515134811401367, 0.02573312632739544, -0.007029801607131958, 1.1009243726730347, 0.058878280222415924, -0.01632980816066265, 0.07870078086853027, 0.02486591413617134, -0.005264323204755783, 1.098903775215149, 2.3626359175349654, 1.6255694039879245, -1.9006125533852956, 37612.0, 30888.0, 32969.0, 37752.0, 7.874380588531494, 68.17542266845703, 54.2512092590332, 826.41259765625, 0.3072021007537842, 2.5511937141418457, 0.9940769076347351, 1.090295433998108, 1.4119148254394531, 1.611328125, 1.478759765625, 0.1546478271484375, 1.529296875
84784, 0.17326554656028748, -1.0682377815246582, 0.4059291481971741, 0.02573312632739544, -0.007029801607131958, 1.1009243726730347, 0.058878280222415924, -0.01632980816066265, 0.07870078086853027, 0.025700535625219345, -0.001005775760859251, 1.0975149869918823, 3.10787739179615, 0.8585754616341319, -7.13422347569174, 38522.0, 30677.0, 32019.0, 36925.0, 7.874380588531494, 123.29657745361328, -34.115333557128906, -63.208248138427734, 0.1102304607629776, 2.034917116165161, -0.627758800983429, 1.090295433998108, 1.4119148254394531, 1.611328125, 1.675048828125, 0.6022186279296875, 1.546142578125
84794, 0.9017899036407471, -1.4266802072525024, 0.1927223950624466, 0.02573312632739544, -0.007029801607131958, 1.1009243726730347, 0.058878280222415924, -0.01632980816066265, 0.07870078086853027, 0.02416594699025154, 0.0013109901919960976, 1.0987321138381958, 5.048006662765977, 1.8178161098410328, -7.189898601622142, 37822.0, 30794.0, 32129.0, 37635.0, 7.874380588531494, 97.06842041015625, 41.464439392089844, -46.10924530029297, 0.1102304607629776, 2.034917116165161, -0.627758800983429, 1.090295433998108, 1.4119148254394531, 1.611328125, 1.675048828125, 0.6022186279296875, 1.546142578125
84804, 1.043214201927185, -1.076704740524292, -0.3688575327396393, 0.026940084993839264, -0.007326317019760609, 1.1008511781692505, 0.06385426968336105, -0.015685178339481354, 0.02365639992058277, 0.024753957986831665, 0.00042101647704839706, 1.0998586416244507, 4.670083663966288, 1.3374088673172366, -5.680307872751101, 37822.0, 30794.0, 32129.0, 37635.0, 7.874380588531494, 15.851112365722656, -0.8084778785705566, 491.08355712890625, 0.1102304607629776, 2.034917116165161, -0.627758800983429, 1.090295433998108, 1.4119148254394531, 1.611328125, 1.675048828125, 0.6022186279296875, 1.51611328125
84894, 0.8480609059333801, -0.9534494280815125, 1.3130782842636108, 0.026367105543613434, -0.006460089702159166, 1.100399374961853, 0.06212076544761658, -0.013201288878917694, -0.056306011974811554, 0.02649500221014023, -0.0010252567008137703, 1.098219871520996, -0.16799225965407708, 1.3110677812479707, -6.3173640703775495, 36834.0, 31039.0, 32724.0, 38887.0, 7.854546070098877, -4.194554328918457, 17.494895935058594, 443.28387451171875, -0.5359424948692322, -1.779236912727356, 0.14835847914218903, 1.090295433998108, 1.4119148254394531, 1.611328125, 1.675048828125, 0.6022186279296875, 1.51318359375
84904, -0.34351253509521484, -1.0089795589447021, 2.8710010051727295, 0.026367105543613434, -0.006460089702159166, 1.100399374961853, 0.06212076544761658, -0.013201288878917694, -0.056306011974811554, 0.026275867596268654, -0.0021997164003551006, 1.0982834100723267, 4.316715297326187, 0.5513552523000556, -7.368946045759361, 37499.0, 30938.0, 32158.0, 38194.0, 7.854546070098877, -4.194554328918457, 17.494895935058594, 443.28387451171875, -0.017084775492548943, -0.09034690260887146, 2.362848997116089, 1.090295433998108, 1.4119148254394531, 1.611328125, 1.675048828125, 0.6022186279296875, 1.538818359375
84914, -0.5537073016166687, -0.7650282382965088, 1.283970594406128, 0.026367105543613434, -0.006460089702159166, 1.100399374961853, 0.06212076544761658, -0.013201288878917694, -0.056306011974811554, 0.024410169571638107, 0.000803148839622736, 1.0992801189422607, 5.040605052920994, 1.898876498788269, -7.045696336918801, 38478.0, 30908.0, 31637.0, 37281.0, 7.854546070098877, -4.194554328918457, 17.494895935058594, 443.28387451171875, -0.017084775492548943, -0.09034690260887146, 2.362848997116089, 1.090295433998108, 1.4119148254394531, 1.611328125, 1.675048828125, 0.6022186279296875, 1.538818359375
84954, 1.8460476398468018, -0.9870339035987854, 3.9990499019622803, 0.030476046726107597, -0.006336870603263378, 1.1007936000823975, 0.0751904547214508, -0.019538208842277527, 0.07789472490549088, 0.02557261474430561, -0.002681438345462084, 1.0998674631118774, 5.58990362520721, 0.9704085968301683, -1.4543522006550393, 38478.0, 30908.0, 31637.0, 37281.0, 7.854546070098877, 155.4353485107422, -12.571381568908691, 111.465576171875, -0.7145768404006958, -2.1821017265319824, 0.0891791433095932, 1.090295433998108, 1.4119148254394531, 1.611328125, 1.675048828125, 0.6022186279296875, 1.513916015625
85004, 1.2190189361572266, -0.8932139873504639, 0.47332802414894104, 0.030268337577581406, -0.006004591938108206, 1.0999388694763184, 0.0727534145116806, -0.021143043413758278, 0.019764622673392296, 0.025633463636040688, -0.005663461051881313, 1.1006572246551514, 3.167030482033176, 1.7095524181939652, -3.2935719557460486, 38217.0, 30655.0, 31804.0, 37638.0, 7.854546070098877, 155.4353485107422, -12.571381568908691, 111.465576171875, 0.6413379907608032, 0.17068107426166534, 0.8443546295166016, 1.090295433998108, 1.4119148254394531, 1.611328125, 1.675048828125, 0.6022186279296875, 1.513916015625
85034, 1.2001127004623413, -0.5479552149772644, 0.44306644797325134, 0.03143438696861267, -0.006312657613307238, 1.0997427701950073, 0.07206834107637405, -0.023829156532883644, -0.01586398296058178, 0.02472705952823162, -0.00028083939105272293, 1.0996087789535522, 4.94909183065297, 2.009317671998275, -6.757971702252361, 36760.0, 31128.0, 33086.0, 39260.0, 7.83471155166626, -20.719867706298828, -2.3857645988464355, 151.3541717529297, -0.10745422542095184, 1.6091581583023071, 1.58588707447052, 1.090295433998108, 1.4119148254394531, 1.611328125, 1.675048828125, 0.6022186279296875, 1.55126953125
85054, -0.06278382986783981, -0.34769323468208313, 1.9893195629119873, 0.03290152549743652, -0.00684787891805172, 1.0993092060089111, 0.07500942796468735, -0.029032200574874878, 0.008429300971329212, 0.02563062310218811, -0.0028928848914802074, 1.1003749370574951, 4.256402957650431, 1.6923938334464026, -2.678363644788703, 37421.0, 30783.0, 32433.0, 38574.0, 7.83471155166626, -52.57988739013672, -25.70389747619629, -328.89300537109375, 0.2656162679195404, 0.6228120923042297, 2.235236406326294, 1.090295433998108, 1.4119148254394531, 1.611328125, 1.675048828125, 0.6022186279296875, 1.5380859375
85104, 1.255214810371399, -0.469327837228775, 0.29634565114974976, 0.03396371006965637, -0.006592018995434046, 1.0993479490280151, 0.07303917407989502, -0.030985552817583084, 0.006142704747617245, 0.026402181014418602, -0.004114433657377958, 1.0988917350769043, 2.581193965763533, 1.061423673459302, -7.018997234575477, 36759.0, 31018.0, 32817.0, 39334.0, 7.83471155166626, -51.23004913330078, -46.24390411376953, -195.86634826660156, -0.021314246580004692, 1.414056420326233, 1.562099575996399, 1.090295433998108, 1.4119148254394531, 1.611328125, 1.803955078125, 0.987579345703125, 1.547607421875
85114, 0.21626831591129303, -0.5474127531051636, 3.0616650581359863, 0.03396371006965637, -0.006592018995434046, 1.0993479490280151, 0.07303917407989502, -0.030985552817583084, 0.006142704747617245, 0.025776566937565804, -0.0028842855244874954, 1.1008620262145996, 3.63042456902702, 1.6541755428004024, -7.094059799630626, 36759.0, 31018.0, 32817.0, 39334.0, 7.83471155166626, -178.93450927734375, 28.85634422302246, -40.71392822265625, -0.021314246580004692, 1.414056420326233, 1.562099575996399, 1.090295433998108, 1.4119148254394531, 1.611328125, 2.076416015625, 3.050201416015625, 1.547607421875
85134, 0.21223105490207672, -0.6010962724685669, 0.624841034412384, 0.03396371006965637, -0.006592018995434046, 1.0993479490280151, 0.07303917407989502, -0.030985552817583084, 0.006142704747617245, 0.025245562195777893, -0.0020978720858693123, 1.1011719703674316, 4.358466535485681, 1.5059528090727667, -5.75017251376055, 38805.0, 30697.0, 31296.0, 37089.0, 7.83471155166626, -178.93450927734375, 28.85634422302246, -40.71392822265625, -0.315038800239563, 1.635520339012146, -0.11661560833454132, 1.090295433998108, 1.4119148254394531, 1.611328125, 2.076416015625, 3.050201416015625, 1.547607421875
85144, 1.155975580215454, -0.650529682636261, 0.583976686000824, 0.03396371006965637, -0.006592018995434046, 1.0993479490280151, 0.07303917407989502, -0.030985552817583084, 0.006142704747617245, 0.02565750852227211, -0.004327651113271713, 1.101116418838501, 3.658305538139043, 1.7344718485266242, -4.517132914596964, 38805.0, 30697.0, 31296.0, 37089.0, 7.874380588531494, -178.93450927734375, 28.85634422302246, -40.71392822265625, -0.17603206634521484, -2.5028672218322754, 1.9427944421768188, 1.090295433998108, 1.4119148254394531, 1.611328125, 2.076416015625, 3.050201416015625, 1.524169921875
85164, 2.0028204917907715, -0.6012469530105591, 4.787965774536133, 0.0356692411005497, -0.006729758810251951, 1.0996861457824707, 0.07248302549123764, -0.037208862602710724, 0.09150931239128113, 0.0259599220007658, -0.0066314563155174255, 1.0992705821990967, 1.5079295618271227, 1.7497017110273703, -0.35692114106364725, 38805.0, 30697.0, 31296.0, 37089.0, 7.83471155166626, -44.5023307800293, -50.1490364074707, -275.5074462890625, -1.167195200920105, -2.844052314758301, 0.07730130106210709, 1.090295433998108, 1.4119148254394531, 1.611328125, 1.387939453125, 0.0297393798828125, 1.51025390625
85174, 1.1552016735076904, -0.43320268392562866, 0.03852944076061249, 0.0356692411005497, -0.006729758810251951, 1.0996861457824707, 0.07248302549123764, -0.037208862602710724, 0.09150931239128113, 0.025581616908311844, -0.00865195319056511, 1.1008915901184082, 1.8501385830943327, 1.6302523504109843, -2.21712082185135, 36609.0, 31214.0, 32737.0, 39110.0, 7.874380588531494, -43.06706619262695, -8.26915454864502, -90.62288665771484, 0.005316212307661772, 1.3847439289093018, 1.497841477394104, 1.090295433998108, 1.4119148254394531, 1.611328125, 1.387939453125, 0.0297393798828125, 1.51025390625
85184, 0.20695354044437408, -0.5564736127853394, 3.2307517528533936, 0.034449316561222076, -0.006594434380531311, 1.1000038385391235, 0.06708108633756638, -0.03825841844081879, -0.011991282925009727, 0.025916315615177155, -0.007826795801520348, 1.1000620126724243, 2.46473242860116, 1.7862531700284023, -4.608263357783107, 37163.0, 30923.0, 32116.0, 38415.0, 7.933885097503662, -182.4287872314453, 26.534305572509766, -5.741234302520752, 0.3430344760417938, 1.2152419090270996, 2.1000308990478516, 1.090295433998108, 1.4119148254394531, 1.611328125, 1.387939453125, 0.0297393798828125, 1.51025390625
85194, -0.08154290169477463, -0.26468735933303833, 2.388827085494995, 0.03512544557452202, -0.006991170812398195, 1.1000953912734985, 0.06845323741436005, -0.040380120277404785, 0.0303786788135767, 0.025426607578992844, -0.0034044738858938217, 1.1009539365768433, 3.6014924858657453, 1.5656522523425735, -7.083121532104613, 38164.0, 30728.0, 31855.0, 37434.0, 7.933885097503662, -17.086259841918945, -43.68876266479492, -211.9307403564453, -0.33873894810676575, 1.444502353668213, 0.08007846027612686, 1.090295433998108, 1.4119148254394531, 1.611328125, 1.387939453125, 0.0297393798828125, 1.544677734375
85204, 0.05814289674162865, -0.5791328549385071, 0.5593811273574829, 0.03581815958023071, -0.007397499866783619, 1.1007349491119385, 0.06973373144865036, -0.04059289023280144, 0.09755303710699081, 0.025155751034617424, -0.004927383735775948, 1.1012552976608276, 3.8553715956488146, 1.3769778560519228, -3.2936696288834053, 38164.0, 30728.0, 31855.0, 37434.0, 7.854546070098877, 138.44200134277344, 28.62401008605957, 157.80215454101562, 0.6649289727210999, 0.6397745013237, 0.4891148805618286, 1.090295433998108, 1.4119148254394531, 1.611328125, 1.387939453125, 0.0297393798828125, 1.606201171875
85224, 1.604329228401184, -0.5728963017463684, -1.7961673736572266, 0.03416451811790466, -0.0070711951702833176, 1.1004799604415894, 0.0617109090089798, -0.037614744156599045, -0.002617073245346546, 0.025188611820340157, -0.009021027013659477, 1.100074291229248, 3.3361032165564612, 1.395676508341495, -4.052775056674494, 37098.0, 31071.0, 31901.0, 38296.0, 7.9140496253967285, 65.40211486816406, 54.41454315185547, 19.616958618164062, 0.39217403531074524, 1.1693503856658936, 1.1507233381271362, 1.090295433998108, 1.4119148254394531, 1.611328125, 1.387939453125, 0.0297393798828125, 1.549072265625
85234, 1.9569101333618164, -0.5495303273200989, 4.4838104248046875, 0.03479108586907387, -0.007464890368282795, 1.1009676456451416, 0.06354981660842896, -0.042305540293455124, 0.1001133844256401, 0.025547625496983528, -0.00501220440492034, 1.0990889072418213, 3.101114208291687, 0.5385959329976515, -7.280737646141889, 36490.0, 31069.0, 32887.0, 38970.0, 7.83471155166626, 51.650978088378906, 22.874574661254883, 707.4966430664062, -1.1277328729629517, -2.5221638679504395, -0.05777318403124809, 1.090295433998108, 1.4119148254394531, 1.611328125, 1.387939453125, 0.0297393798828125, 1.549072265625
85244, 1.1103743314743042, -0.36017152667045593, -0.0001178265520138666, 0.03479108586907387, -0.007464890368282795, 1.1009676456451416, 0.06354981660842896, -0.042305540293455124, 0.1001133844256401, 0.02484774775803089, -0.003584738355129957, 1.0986770391464233, 5.209123057319831, 0.47946006038765177, -6.089592452461527, 36490.0, 31069.0, 32887.0, 38970.0, 7.854546070098877, -59.799072265625, -17.7003231048584, -217.3477020263672, -0.00039882303099147975, 1.0562819242477417, 1.4301193952560425, 1.090295433998108, 1.4119148254394531, 1.611328125, 2.083740234375, 3.1550750732421875, 1.549072265625
85254, 0.2587231993675232, -0.42008376121520996, 3.24609637260437, 0.03607328236103058, -0.008328493684530258, 1.1016682386398315, 0.06504138559103012, -0.04536470025777817, -0.022340280935168266, 0.024737883359193802, -0.005339812487363815, 1.100154161453247, 3.8077741730116332, 1.1731798846650747, -2.7599577903222574, 36490.0, 31069.0, 32887.0, 38970.0, 7.8942155838012695, -182.48304748535156, 14.149919509887695, 55.26207733154297, 0.44828224182128906, 1.682242512702942, 1.875287413597107, 1.090295433998108, 1.4119148254394531, 1.611328125, 2.083740234375, 3.1550750732421875, 1.610595703125
85274, -0.24160774052143097, -0.3693544566631317, 0.2845347225666046, 0.03436959534883499, -0.007251028902828693, 1.1016111373901367, 0.058565638959407806, -0.04203943908214569, 0.09464071691036224, 0.024784212931990623, -0.00942589808255434, 1.0983130931854248, 1.392877161276742, 0.9988538522041779, -0.9311997449985039, 38517.0, 30568.0, 31355.0, 36920.0, 7.854546070098877, 17.56110191345215, -49.134761810302734, -83.69560241699219, -0.4635923504829407, 0.8400539755821228, 0.30443844199180603, 1.090295433998108, 1.4119148254394531, 1.611328125, 2.083740234375, 3.1550750732421875, 1.610595703125
85294, 1.429337739944458, -0.47336792945861816, -1.5709518194198608, 0.035538554191589355, -0.008093294687569141, 1.1017082929611206, 0.058686867356300354, -0.042078085243701935, -0.0196725782006979, 0.02517598308622837, -0.005997808650135994, 1.0980141162872314, 2.094821116266476, 0.36535771438983033, -6.942716875044167, 37306.0, 30885.0, 32023.0, 38107.0, 7.8942155838012695, 49.520851135253906, 33.84239959716797, -35.0501823425293, 0.2516702711582184, 0.9158642888069153, 1.5922081470489502, 1.090295433998108, 1.4119148254394531, 1.611328125, 2.083740234375, 3.1550750732421875, 1.51025390625
85304, 1.6614491939544678, -0.44550150632858276, 3.9955267906188965, 0.03613104298710823, -0.008526822552084923, 1.1020164489746094, 0.05999327078461647, -0.045925941318273544, 0.08126568794250488, 0.023823216557502747, -0.002540361136198044, 1.1000086069107056, 4.408617987711686, 0.8319121202038673, -5.428250274220537, 36682.0, 30875.0, 32978.0, 38859.0, 7.83471155166626, 80.58695220947266, 47.97415542602539, 922.208984375, -0.9867002964019775, -2.791963577270508, 0.08018302917480469, 1.090295433998108, 1.4119148254394531, 1.611328125, 2.083740234375, 3.1550750732421875, 1.51025390625
85314, 0.9402099847793579, -0.21089935302734375, 0.02035403437912464, 0.03673294931650162, -0.008992645889520645, 1.1025993824005127, 0.06080331653356552, -0.04720460623502731, 0.03530833497643471, 0.02448948100209236, -0.005233653821051121, 1.0991196632385254, 3.9831371616002027, 0.7786131025099507, -2.204121650517932, 36682.0, 30875.0, 32978.0, 38859.0, 7.874380588531494, -96.23513793945312, -39.099185943603516, -498.10797119140625, 0.12936699390411377, 0.6699981689453125, 1.2514749765396118, 1.090295433998108, 1.4119148254394531, 1.611328125, 2.083740234375, 3.1550750732421875, 1.559326171875
85334, -0.3566308617591858, -0.06782799959182739, 2.8815648555755615, 0.034996796399354935, -0.008287711068987846, 1.1018913984298706, 0.05402281880378723, -0.04638424515724182, 0.004519901238381863, 0.024568289518356323, -0.009825993329286575, 1.099096655845642, 2.525728940926439, 0.8650167525241272, -1.904553541076596, 37957.0, 30631.0, 32234.0, 37475.0, 7.933885097503662, -158.14015197753906, 1.5686376094818115, 228.73045349121094, -0.5597829222679138, 0.20077882707118988, 0.7516109347343445, 1.090295433998108, 1.4119148254394531, 1.611328125, 2.083740234375, 3.1550750732421875, 1.59375
85344, -0.6346216201782227, -0.26685404777526855, 0.26514288783073425, 0.0355408638715744, -0.008754685521125793, 1.102347493171692, 0.05451174080371857, -0.046217069029808044, 0.0867081806063652, 0.024754969403147697, -0.008508553728461266, 1.1008861064910889, 2.5985058579692737, 0.8069276887875674, -3.92781892230201, 37957.0, 30631.0, 32234.0, 37475.0, 7.83471155166626, -158.14015197753906, 1.5686376094818115, 228.73045349121094, 0.4818583130836487, 1.3464446067810059, -0.03037869744002819, 1.090295433998108, 1.4119148254394531, 1.611328125, 0.96533203125, 3.8350372314453125, 1.56005859375
85354, 0.43030497431755066, -0.20925119519233704, 0.5355662107467651, 0.036085933446884155, -0.009217213839292526, 1.1026670932769775, 0.05416626110672951, -0.04686429724097252, -0.022804666310548782, 0.023708630353212357, -0.0019525522366166115, 1.0981625318527222, 4.976543540348405, 0.6677190177481975, -5.520782179609102, 37957.0, 30631.0, 32234.0, 37475.0, 7.854546070098877, -158.14015197753906, 1.5686376094818115, 228.73045349121094, -0.3575880825519562, -1.7667851448059082, 1.5623396635055542, 1.090295433998108, 1.4119148254394531, 1.611328125, 2.10791015625, 3.529327392578125, 1.515380859375
85364, 1.3005026578903198, -0.4836105704307556, -1.052135705947876, 0.03662947937846184, -0.009681318886578083, 1.1023573875427246, 0.054553527384996414, -0.04565974324941635, -0.039116814732551575, 0.02512148953974247, -0.006066655274480581, 1.0986099243164062, 5.4326591675711455, -0.13599907092256558, -0.33685499244076034, 37522.0, 30672.0, 31934.0, 37944.0, 7.9140496253967285, -158.14015197753906, 1.5686376094818115, 228.73045349121094, 0.1511271595954895, 0.132375106215477, 2.076392650604248, 1.090295433998108, 1.4119148254394531, 1.611328125, 2.10791015625, 3.529327392578125, 1.53515625
85374, 1.4355175495147705, -0.3834269344806671, 3.079606533050537, 0.03717862442135811, -0.010145165957510471, 1.102445363998413, 0.05568133294582367, -0.048620328307151794, 0.05668522045016289, 0.025284543633461, -0.0099081015214324, 1.098150610923767, 2.7462785109871977, 0.7067690753742113, -1.4165140942411538, 37522.0, 30672.0, 31934.0, 37944.0, 7.83471155166626, 90.81212615966797, 60.10905838012695, 968.2846069335938, -0.6362555623054504, -2.4567484855651855, 0.06975807249546051, 1.090295433998108, 1.4119148254394531, 1.611328125, 2.10791015625, 3.529327392578125, 1.528564453125
85404, -0.49036118388175964, -0.23858177661895752, 3.0034945011138916, 0.03589249402284622, -0.010838168673217297, 1.10231351852417, 0.04998046159744263, -0.05144680291414261, 0.0015027341432869434, 0.025876294821500778, -0.0031033195555210114, 1.0992196798324585, 4.2174533796720395, 0.5359668253691154, -6.571419900723161, 36477.0, 31195.0, 32902.0, 39130.0, 7.854546070098877, 33.97833251953125, -34.44226837158203, 78.08204650878906, 0.4775502681732178, 2.63570499420166, 1.323003888130188, 1.090295433998108, 1.4119148254394531, 1.611328125, 1.7314453125, 0.7552032470703125, 1.552734375
85414, -0.9225287437438965, -0.3405962884426117, 0.1391768455505371, 0.03639713674783707, -0.011356604285538197, 1.1027741432189941, 0.05081765353679657, -0.05108759552240372, 0.09061473608016968, 0.025685375556349754, -0.0030728853307664394, 1.0996097326278687, 4.864004455574688, 0.2915489463163681, -4.44760780771273, 36477.0, 31195.0, 32902.0, 39130.0, 7.83471155166626, 33.97833251953125, -34.44226837158203, 78.08204650878906, 0.24911056458950043, 1.7275338172912598, -0.22032704949378967, 1.090295433998108, 1.4119148254394531, 1.611328125, 1.7314453125, 0.7552032470703125, 1.5322265625
85424, 0.1375710368156433, -0.2828734219074249, 0.6592523455619812, 0.036905303597450256, -0.01186749991029501, 1.1031875610351562, 0.0506860725581646, -0.05189802497625351, -0.007936462759971619, 0.026387428864836693, -0.0049003008753061295, 1.0993098020553589, 4.50549189869028, 0.6027412849033738, -2.2652700085059236, 38512.0, 30639.0, 31393.0, 36904.0, 7.874380588531494, 66.32000732421875, -21.834718704223633, -68.89684295654297, 0.24911056458950043, 1.7275338172912598, -0.22032704949378967, 1.090295433998108, 1.4119148254394531, 1.611328125, 1.7314453125, 0.7552032470703125, 1.5322265625
85474, -0.6838633418083191, -0.49556049704551697, 2.9670305252075195, 0.03637528046965599, -0.012661805376410484, 1.102540373802185, 0.047462284564971924, -0.05167657509446144, -0.010963148437440395, 0.027562271803617477, -0.008003042079508305, 1.0991754531860352, 3.251624618480849, 0.9002846825500512, -4.489051155717243, 38512.0, 30639.0, 31393.0, 36904.0, 7.874380588531494, 11.574331283569336, -29.337621688842773, 60.429256439208984, 0.40412092208862305, 2.80470609664917, 1.2490041255950928, 1.090295433998108, 1.4119148254394531, 1.611328125, 1.7314453125, 0.7552032470703125, 1.541748046875
85484, -1.1114377975463867, -0.5068086385726929, 0.005457554943859577, 0.03637528046965599, -0.012661805376410484, 1.102540373802185, 0.047462284564971924, -0.05167657509446144, -0.010963148437440395, 0.02881246991455555, -0.007802472449839115, 1.097140908241272, 1.8911400354741974, 0.5548402046031811, -6.06171273090295, 38520.0, 30765.0, 31551.0, 37124.0, 7.83471155166626, 11.574331283569336, -29.337621688842773, 60.429256439208984, 0.07238924503326416, 2.0387556552886963, -0.30012255907058716, 1.090295433998108, 1.4119148254394531, 1.611328125, 1.7314453125, 0.7552032470703125, 1.541748046875
85494, -0.02260763756930828, -0.5581560730934143, 0.789253830909729, 0.034458428621292114, -0.011410707607865334, 1.10267972946167, 0.041702669113874435, -0.04519708827137947, 0.005583472084254026, 0.027843967080116272, -0.006027642637491226, 1.0978277921676636, 3.1920847465208317, 0.5452679998409167, -6.896553939133095, 38520.0, 30765.0, 31551.0, 37124.0, 7.854546070098877, 87.31339263916016, -22.811073303222656, -30.49481201171875, -0.22098810970783234, -1.0762903690338135, 1.3651190996170044, 1.090295433998108, 1.4119148254394531, 1.611328125, 1.7314453125, 0.7552032470703125, 1.541748046875
85504, 1.0358623266220093, -0.9344452023506165, -0.16151584684848785, 0.03487759828567505, -0.011857973411679268, 1.102487564086914, 0.042065221816301346, -0.043321393430233, -0.043990153819322586, 0.027591640129685402, -0.0023983698338270187, 1.0986979007720947, 5.051669488866809, 0.8073999096662305, -4.890638370778577, 38520.0, 30765.0, 31551.0, 37124.0, 7.9140496253967285, 87.31339263916016, -22.811073303222656, -30.49481201171875, 0.20632854104042053, -1.108590006828308, 2.2335407733917236, 1.090295433998108, 1.4119148254394531, 1.611328125, 1.7314453125, 0.7552032470703125, 1.529296875
85534, 0.3990166485309601, -0.7357511520385742, 2.5330419540405273, 0.03344440460205078, -0.011581447906792164, 1.1020082235336304, 0.038563963025808334, -0.04267597943544388, -0.044255517423152924, 0.029262105002999306, -0.010050863027572632, 1.0982807874679565, 3.19365662508237, 0.9512607087015397, -2.286666702078495, 36864.0, 31231.0, 32754.0, 38714.0, 7.854546070098877, -19.599483489990234, 10.981902122497559, 494.4820556640625, 0.01952185481786728, -0.7921653985977173, 0.48831358551979065, 1.090295433998108, 1.4119148254394531, 1.611328125, 1.7314453125, 0.7552032470703125, 1.55859375
85544, -0.4776170551776886, -0.8117295503616333, 3.099477767944336, 0.03383878618478775, -0.012017551809549332, 1.1016827821731567, 0.04029860347509384, -0.04432414099574089, -0.02081822231411934, 0.030073292553424835, -0.008928492665290833, 1.0973825454711914, 3.1824751610126625, 1.1153847666212755, -5.019390551837115, 36864.0, 31231.0, 32754.0, 38714.0, 7.8942155838012695, -10.377683639526367, -20.922138214111328, 81.13032531738281, 0.01952185481786728, -0.7921653985977173, 0.48831358551979065, 1.090295433998108, 1.4119148254394531, 1.611328125, 1.7314453125, 0.7552032470703125, 1.525634765625
85554, -1.002955675125122, -0.7608863711357117, 0.13370785117149353, 0.0342538096010685, -0.012466649524867535, 1.1019004583358765, 0.04276055842638016, -0.04417083412408829, 0.06436708569526672, 0.03050791658461094, -0.005604828242212534, 1.0965632200241089, 3.560935560009319, 0.23278446427931954, -6.723171279020379, 36864.0, 31231.0, 32754.0, 38714.0, 7.854546070098877, -83.43325805664062, 41.466304779052734, -479.83917236328125, 0.01952185481786728, -0.7921653985977173, 0.48831358551979065, 1.090295433998108, 1.4119148254394531, 1.611328125, 1.7314453125, 0.7552032470703125, 1.54541015625
85574, 1.1175657510757446, -1.2178500890731812, 0.11451543867588043, 0.03512163460254669, -0.013346651569008827, 1.1020736694335938, 0.04387838393449783, -0.042620543390512466, -0.048492513597011566, 0.030327055603265762, -0.005781449377536774, 1.0987614393234253, 4.723823115667239, 0.8502128893423162, -2.7957650589621603, 38713.0, 30696.0, 31403.0, 36980.0, 7.8942155838012695, 106.52593994140625, -19.80971908569336, 65.58529663085938, 0.3862112760543823, -2.0621225833892822, 1.9857933521270752, 1.090295433998108, 1.4119148254394531, 1.611328125, 1.7314453125, 0.7552032470703125, 1.54541015625
85634, 0.18654422461986542, -1.089118480682373, 1.2761037349700928, 0.03457800671458244, -0.014207328669726849, 1.101906657218933, 0.04769051820039749, -0.046260934323072433, 0.06811058521270752, 0.03207903355360031, -0.007268020883202553, 1.097784161567688, 4.534551726706117, 0.8299793542194891, -2.713822676323651, 38559.0, 31011.0, 31446.0, 37014.0, 7.814876556396484, 124.54094696044922, -20.365835189819336, 121.24897766113281, -0.1237785741686821, 2.419849157333374, -0.3487727642059326, 1.090295433998108, 1.4119148254394531, 1.611328125, 1.7314453125, 0.7552032470703125, 1.559326171875
85684, -0.05169348418712616, -1.2061558961868286, 2.6504123210906982, 0.03471400961279869, -0.014299193397164345, 1.1016693115234375, 0.05102148652076721, -0.045559294521808624, -0.030994713306427002, 0.033020228147506714, -0.007401399314403534, 1.0977914333343506, 4.0131871323644095, 0.6203347632269924, -6.829893305592521, 37849.0, 31101.0, 31859.0, 37617.0, 7.854546070098877, 6.9817986488342285, 15.18957233428955, 453.32147216796875, 0.05132820084691048, -0.019537299871444702, 2.2753942012786865, 1.090295433998108, 1.4119148254394531, 1.611328125, 1.7314453125, 0.7552032470703125, 1.553466796875
85714, 1.2111482620239258, -1.2840839624404907, 0.6128697991371155, 0.03371888026595116, -0.013022766448557377, 1.1013319492340088, 0.04993743821978569, -0.038791850209236145, -0.04947886988520622, 0.0345039889216423, -0.011593164876103401, 1.0960536003112793, 1.8871748741549264, 1.0002809247434072, -0.8959078145933057, 38090.0, 30732.0, 31531.0, 37631.0, 7.8942155838012695, 150.00225830078125, 65.4763412475586, -69.25143432617188, 0.1980127990245819, -2.4422357082366943, 1.6396666765213013, 1.090295433998108, 1.4119148254394531, 1.611328125, 1.3447265625, 0.0158538818359375, 1.53955078125
85734, 1.839821219444275, -1.1080273389816284, 4.132655143737793, 0.03477676957845688, -0.013831128366291523, 1.1012592315673828, 0.056320592761039734, -0.04429221898317337, 0.06798689812421799, 0.03614490479230881, -0.009811533614993095, 1.0959947109222412, -0.21081423595271997, 0.8224718287967221, -6.262694677120229, 37041.0, 31038.0, 31953.0, 38802.0, 7.854546070098877, -71.28468322753906, -46.923038482666016, 159.69151306152344, -0.7794758081436157, -2.358499765396118, -0.008360655046999454, 1.090295433998108, 1.4119148254394531, 1.611328125, 1.3447265625, 0.0158538818359375, 1.54833984375
85754, 0.1459549069404602, -0.9531482458114624, 2.3555219173431396, 0.03368265554308891, -0.01317920908331871, 1.1004492044448853, 0.052630841732025146, -0.04319249466061592, -0.033305924385786057, 0.03558479994535446, -0.011040937155485153, 1.0988603830337524, 3.943913828212985, 1.117324918505659, -4.112665793967296, 37399.0, 30874.0, 31735.0, 38436.0, 7.8942155838012695, -0.10444406419992447, 11.60620403289795, 347.27874755859375, -0.14413394033908844, 1.821391224861145, 1.5954844951629639, 1.090295433998108, 1.4119148254394531, 1.611328125, 1.3447265625, 0.0158538818359375, 1.541015625
85774, 0.35110002756118774, -0.8402959108352661, 0.8623047471046448, 0.03478553146123886, -0.014075862243771553, 1.1009039878845215, 0.05718483403325081, -0.045162927359342575, 0.047882646322250366, 0.03639720380306244, -0.016042586416006088, 1.0982398986816406, 2.4013388484903264, 1.1358046057067668, -1.7552185247854604, 38281.0, 30652.0, 31524.0, 37645.0, 7.83471155166626, 145.58670043945312, -8.87950611114502, 249.46368408203125, 0.7159146666526794, -0.05253380909562111, 0.7324196696281433, 1.0261282920837402, 0.1396007537841797, 1.50732421875, 1.3447265625, 0.0158538818359375, 1.5673828125
85784, 0.3216952383518219, -0.9226548671722412, 0.5995101928710938, 0.03535737842321396, -0.014527492225170135, 1.100892186164856, 0.056866355240345, -0.0442221499979496, -0.0502295196056366, 0.037870340049266815, -0.014717874117195606, 1.096532940864563, 1.909310339682147, 1.202078747218053, -5.196180478082327, 38281.0, 30652.0, 31524.0, 37645.0, 7.874380588531494, 145.58670043945312, -8.87950611114502, 249.46368408203125, 0.006274672225117683, -2.456566572189331, 1.5947048664093018, 1.0019487142562866, 1.0445575714111328, 1.581298828125, 1.3447265625, 0.0158538818359375, 1.5673828125
85824, 0.2402624785900116, -0.7584201097488403, 2.432335615158081, 0.035528264939785004, -0.014437088742852211, 1.100070595741272, 0.05786233767867088, -0.04852314665913582, -0.04137582704424858, 0.038185782730579376, -0.01312325894832611, 1.0974183082580566, 5.096664397156023, 0.6257415259204322, -1.237290337074636, 38281.0, 30652.0, 31524.0, 37645.0, 7.9140496253967285, -129.11663818359375, 20.899368286132812, -118.85885620117188, -0.09595868736505508, 1.1069366931915283, 1.5716118812561035, 1.0019487142562866, 1.0445575714111328, 1.581298828125, 1.33154296875, 0.0198516845703125, 1.5732421875
85834, 0.19771432876586914, -0.730014443397522, 2.4378063678741455, 0.036116547882556915, -0.014937872998416424, 1.1000030040740967, 0.059995509684085846, -0.0505879782140255, 0.027908986434340477, 0.03860672190785408, -0.014006609097123146, 1.0959460735321045, 1.5006385781527454, 1.2173248774297747, -0.7041272499334409, 38281.0, 30652.0, 31524.0, 37645.0, 7.83471155166626, -90.83684539794922, -12.704566955566406, -468.9585266113281, -0.09595868736505508, 1.1069366931915283, 1.5716118812561035, 1.0019487142562866, 1.0445575714111328, 1.581298828125, 1.33154296875, 0.0198516845703125, 1.5732421875
85844, -0.15808305144309998, -0.4691598117351532, 1.3313822746276855, 0.03477594256401062, -0.01272841077297926, 1.1000226736068726, 0.05630529671907425, -0.04355332627892494, 0.057845260947942734, 0.03842778876423836, -0.016834601759910583, 1.0978710651397705, 2.1059736831859195, 1.3177902773223593, -2.642361600327662, 38281.0, 30652.0, 31524.0, 37645.0, 7.83471155166626, -90.83684539794922, -12.704566955566406, -468.9585266113281, 0.7729101777076721, 0.22685974836349487, 0.5958392024040222, 1.0019487142562866, 1.0445575714111328, 1.581298828125, 1.33154296875, 0.0198516845703125, 1.5732421875
85854, 0.25219935178756714, -0.7085666656494141, 0.9434745907783508, 0.03477594256401062, -0.01272841077297926, 1.1000226736068726, 0.05630529671907425, -0.04355332627892494, 0.057845260947942734, 0.03898180276155472, -0.016204141080379486, 1.0980236530303955, 2.60723874947126, 1.6180377060078968, -4.458807724620553, 38397.0, 30706.0, 31843.0, 37444.0, 7.83471155166626, -90.83684539794922, -12.704566955566406, -468.9585266113281, -0.05728667974472046, -2.4424209594726562, 1.5958333015441895, 1.0019487142562866, 1.0445575714111328, 1.581298828125, 1.33154296875, 0.0198516845703125, 1.5732421875
85864, 1.186203122138977, -0.7646801471710205, 0.6304528117179871, 0.03477594256401062, -0.01272841077297926, 1.1000226736068726, 0.05630529671907425, -0.04355332627892494, 0.057845260947942734, 0.03866096958518028, -0.012178988195955753, 1.098012924194336, 3.5861976610167163, 1.1490433131557154, -6.698379224553072, 38397.0, 30706.0, 31843.0, 37444.0, 7.83471155166626, -25.246198654174805, -36.65924072265625, -164.0166778564453, -0.05728667974472046, -2.4424209594726562, 1.5958333015441895, 1.0019487142562866, 1.0445575714111328, 1.581298828125, 1.1806640625, 0.5037689208984375, 1.5380859375
85874, 1.7962726354599, -0.8028517961502075, -0.7854751944541931, 0.03477594256401062, -0.01272841077297926, 1.1000226736068726, 0.05630529671907425, -0.04355332627892494, 0.057845260947942734, 0.03790841996669769, -0.01024891808629036, 1.0966788530349731, 4.703706415410955, 1.4763668734998134, -5.987396631677141, 36617.0, 31112.0, 32775.0, 39313.0, 7.83471155166626, 33.56930923461914, 22.012008666992188, 497.9430236816406, -0.05728667974472046, -2.4424209594726562, 1.5958333015441895, 1.0019487142562866, 1.0445575714111328, 1.581298828125, 1.1806640625, 0.5037689208984375, 1.5380859375
85894, 1.096604347229004, -0.6221639513969421, 0.4722372889518738, 0.03601154312491417, -0.012897276319563389, 1.0996785163879395, 0.05731537193059921, -0.04680120199918747, -0.02590208686888218, 0.03919772803783417, -0.014691848307847977, 1.0965737104415894, 4.552616035488324, 0.6240721208878313, -0.6043627597567758, 36538.0, 31214.0, 32533.0, 39247.0, 7.83471155166626, -158.7102508544922, 22.37399673461914, -84.67864990234375, -0.0698302686214447, 1.3771857023239136, 1.6043164730072021, 1.0019487142562866, 1.0445575714111328, 1.581298828125, 1.1806640625, 0.5037689208984375, 1.556396484375
85904, -0.06492112576961517, -0.5277600288391113, 1.7280769348144531, 0.03601154312491417, -0.012897276319563389, 1.0996785163879395, 0.05731537193059921, -0.04680120199918747, -0.02590208686888218, 0.03942353278398514, -0.01858184114098549, 1.096868634223938, 2.583668470029593, 1.3164348234816146, -1.4074839110916118, 36538.0, 31214.0, 32533.0, 39247.0, 7.8942155838012695, -158.7102508544922, 22.37399673461914, -84.67864990234375, -0.3409002423286438, 1.6386915445327759, 0.05445779860019684, 1.0019487142562866, 1.0445575714111328, 1.581298828125, 1.1806640625, 0.5037689208984375, 1.54248046875
85944, 1.6005529165267944, -0.8690015077590942, -1.1947803497314453, 0.03904881700873375, -0.015364975668489933, 1.1004512310028076, 0.06491973251104355, -0.05407049506902695, 0.08076577633619308, 0.038967110216617584, -0.011456501670181751, 1.0967354774475098, 4.765135175123386, 1.1037798461254624, -6.224080301720129, 36538.0, 31214.0, 32533.0, 39247.0, 7.8942155838012695, -10.641907691955566, -42.06972885131836, -298.858642578125, -1.2905993461608887, -2.5194454193115234, -0.07816441357135773, 1.0019487142562866, 1.0445575714111328, 1.581298828125, 1.1806640625, 0.5037689208984375, 1.5439453125
85964, 0.9572763442993164, -0.6955232620239258, 0.058587584644556046, 0.03836030513048172, -0.014950188808143139, 1.0999341011047363, 0.06161521375179291, -0.053395409137010574, -0.037074554711580276, 0.03957942873239517, -0.01401190459728241, 1.0979849100112915, 4.071120041041579, 1.042651782789335, -3.5156854161384317, 36538.0, 31214.0, 32533.0, 39247.0, 7.854546070098877, -159.087158203125, 9.616963386535645, 9.253103256225586, 0.11144768446683884, 0.8553574085235596, 1.3680614233016968, 1.0019487142562866, 1.0445575714111328, 1.581298828125, 1.1806640625, 0.5037689208984375, 1.5439453125
85984, -0.22793316841125488, -0.5475156307220459, 2.2000348567962646, 0.03963249921798706, -0.016048604622483253, 1.1002126932144165, 0.06554640829563141, -0.05501093715429306, 0.07058458030223846, 0.040145572274923325, -0.019161995500326157, 1.0965763330459595, 2.8305728531142664, 1.0558036417316998, -1.8110072210483568, 38026.0, 30852.0, 31956.0, 37799.0, 7.814876556396484, -159.087158203125, 9.616963386535645, 9.253103256225586, -0.46037235856056213, 1.166425108909607, 0.33726766705513, 1.0019487142562866, 1.0445575714111328, 1.581298828125, 1.1806640625, 0.5037689208984375, 1.518310546875
85994, -0.1708323061466217, -0.7699912190437317, 0.5084866285324097, 0.040287233889102936, -0.016599051654338837, 1.1003503799438477, 0.06492547690868378, -0.0549231581389904, -0.04305850714445114, 0.04024332016706467, -0.017361629754304886, 1.0980746746063232, 3.1281605662042513, 0.9441007687306922, -4.3280172637485075, 38026.0, 30852.0, 31956.0, 37799.0, 7.814876556396484, -159.087158203125, 9.616963386535645, 9.253103256225586, -0.24835529923439026, -2.177628517150879, 1.5875184535980225, 1.0019487142562866, 1.0445575714111328, 1.581298828125, 1.1806640625, 0.5037689208984375, 1.518310546875
86004, 1.4643536806106567, -0.8147021532058716, -1.2871475219726562, 0.040287233889102936, -0.016599051654338837, 1.1003503799438477, 0.06492547690868378, -0.0549231581389904, -0.04305850714445114, 0.04131477326154709, -0.01773519441485405, 1.0961111783981323, 2.2913547816224398, 0.7553182340743092, -5.674560248672729, 38026.0, 30852.0, 31956.0, 37799.0, 7.854546070098877, -159.087158203125, 9.616963386535645, 9.253103256225586, 0.180930033326149, 0.8956936001777649, 1.7264654636383057, 1.0019487142562866, 1.0445575714111328, 1.581298828125, 1.1806640625, 0.5037689208984375, 1.5380859375
86034, 0.8084389567375183, -0.522734522819519, 0.03741658851504326, 0.04078333079814911, -0.016690097749233246, 1.0998177528381348, 0.06569131463766098, -0.05679868161678314, -0.03400639072060585, 0.040205635130405426, -0.012674382887780666, 1.0981805324554443, 5.073441400217831, 0.5704272977250184, -4.589849593529153, 38026.0, 30852.0, 31956.0, 37799.0, 7.814876556396484, 75.28964233398438, 36.20351791381836, 866.118896484375, 0.5893803238868713, 2.1948282718658447, 1.6755309104919434, 1.0019487142562866, 1.0445575714111328, 1.581298828125, 1.1806640625, 0.5037689208984375, 1.560791015625
86044, -0.026226960122585297, -0.5481345057487488, 2.7625813484191895, 0.04144686460494995, -0.017268309369683266, 1.0997120141983032, 0.06718911975622177, -0.05819173529744148, 0.01291030365973711, 0.04054400324821472, -0.015059323981404305, 1.0979043245315552, 4.715768740267782, 0.7526757733696741, -1.5725530079262304, 38026.0, 30852.0, 31956.0, 37799.0, 7.8942155838012695, 22.3165340423584, -52.655452728271484, -24.589719772338867, 0.5893803238868713, 2.1948282718658447, 1.6755309104919434, 1.0019487142562866, 1.0445575714111328, 1.581298828125, 1.1806640625, 0.5037689208984375, 1.560791015625
86064, -0.5531150698661804, -0.47159913182258606, 0.18402737379074097, 0.040723420679569244, -0.015907956287264824, 1.099883794784546, 0.062498386949300766, -0.05147445574402809, -0.03433850035071373, 0.041394252330064774, -0.018120767548680305, 1.0970542430877686, 3.115703047535391, 0.6732136175141363, -4.0590818127988575, 38452.0, 30593.0, 31725.0, 37269.0, 7.83471155166626, 22.3165340423584, -52.655452728271484, -24.589719772338867, -0.32659071683883667, -1.9333618879318237, 1.6115578413009644, 1.0019487142562866, 1.0445575714111328, 1.581298828125, 1.1806640625, 0.5037689208984375, 1.560791015625
86074, 0.39226511120796204, -0.3995479345321655, 0.42139697074890137, 0.040723420679569244, -0.015907956287264824, 1.099883794784546, 0.062498386949300766, -0.05147445574402809, -0.03433850035071373, 0.04263118654489517, -0.015955310314893723, 1.0956871509552002, 0.6348886672979076, 0.7354759253733221, -6.0391379224528885, 38452.0, 30593.0, 31725.0, 37269.0, 7.874380588531494, 22.3165340423584, -52.655452728271484, -24.589719772338867, 0.11854962259531021, 0.6432269811630249, 1.94601309299469, 1.0019487142562866, 1.0445575714111328, 1.581298828125, 1.1806640625, 0.5037689208984375, 1.560791015625
86104, 0.46774157881736755, -0.17317236959934235, -0.18160544335842133, 0.04150388017296791, -0.01642782799899578, 1.099662184715271, 0.061711013317108154, -0.05218247324228287, -0.02684825472533703, 0.04150697961449623, -0.014459207653999329, 1.0984114408493042, 5.101367319346184, 0.4791330787621746, -4.451320055476374, 37042.0, 30954.0, 32528.0, 38547.0, 7.83471155166626, -131.56558227539062, -0.530664324760437, 252.90280151367188, 0.12246641516685486, 0.42849937081336975, 1.1648141145706177, 1.0019487142562866, 1.0445575714111328, 1.581298828125, 1.1806640625, 0.5037689208984375, 1.54248046875
86164, 1.1796858310699463, -0.31034165620803833, 3.8282601833343506, 0.04328162595629692, -0.018394846469163895, 1.100717544555664, 0.058991290628910065, -0.050567224621772766, 0.05098400264978409, 0.043459948152303696, -0.01676211692392826, 1.0973882675170898, 4.746595991424848, 0.1353074242310015, -4.441240888611738, 36317.0, 31218.0, 32945.0, 39080.0, 7.83471155166626, 54.766685485839844, -8.829944610595703, -119.51319885253906, 0.16441936790943146, 0.054123565554618835, 0.9805172681808472, 1.0019487142562866, 1.0445575714111328, 1.581298828125, 1.1806640625, 0.5037689208984375, 1.5439453125
86194, -0.6355416774749756, -0.031142158433794975, 3.002093553543091, 0.045068517327308655, -0.019954198971390724, 1.1013554334640503, 0.06003906950354576, -0.05163341760635376, 0.09345225244760513, 0.04405231028795242, -0.022399328649044037, 1.0973668098449707, 2.7901346622152223, 0.7274161183752881, -2.8663750418378653, 37722.0, 30634.0, 32199.0, 37723.0, 7.83471155166626, -5.475231647491455, 30.44953155517578, -183.94239807128906, -0.5228698253631592, -0.04285043105483055, 0.9785698056221008, 1.0019487142562866, 1.0445575714111328, 1.581298828125, 1.1806640625, 0.5037689208984375, 1.5439453125
86204, -1.1284770965576172, -0.11704188585281372, -0.12891033291816711, 0.045068517327308655, -0.019954198971390724, 1.1013554334640503, 0.06003906950354576, -0.05163341760635376, 0.09345225244760513, 0.04466940462589264, -0.021482279524207115, 1.0981049537658691, 3.2540407612247537, 1.0589471462910467, -4.637773047973493, 38509.0, 30632.0, 31361.0, 36887.0, 7.854546070098877, -5.475231647491455, 30.44953155517578, -183.94239807128906, -0.4196183979511261, -1.527956485748291, 1.3886927366256714, 1.0019487142562866, 1.0445575714111328, 1.581298828125, 1.1806640625, 0.5037689208984375, 1.5439453125
86214, -0.132627934217453, -0.10305538773536682, 0.9495833516120911, 0.045068517327308655, -0.019954198971390724, 1.1013554334640503, 0.06003906950354576, -0.05163341760635376, 0.09345225244760513, 0.0455927848815918, -0.017349429428577423, 1.0957608222961426, -0.3147790899786504, 0.36529329113386666, -6.536089901733807, 38509.0, 30632.0, 31361.0, 36887.0, 7.8942155838012695, -5.475231647491455, 30.44953155517578, -183.94239807128906, -0.4196183979511261, -1.527956485748291, 1.3886927366256714, 1.0019487142562866, 1.0445575714111328, 1.581298828125, 1.1806640625, 0.5037689208984375, 1.53515625
86224, 1.0782465934753418, -0.43790820240974426, -0.5736272931098938, 0.045068517327308655, -0.019954198971390724, 1.1013554334640503, 0.06003906950354576, -0.05163341760635376, 0.09345225244760513, 0.04455623775720596, -0.01784631796181202, 1.0977929830551147, 4.0265028911957135, 0.5379448621280005, -6.8194530158279285, 36807.0, 31026.0, 32424.0, 38812.0, 7.8942155838012695, 42.030670166015625, 29.00363540649414, 748.4649658203125, -0.4196183979511261, -1.527956485748291, 1.3886927366256714, 1.0019487142562866, 1.0445575714111328, 1.581298828125, 1.1806640625, 0.5037689208984375, 1.53515625
86234, 1.0439488887786865, -0.31056663393974304, 2.939196825027466, 0.045068517327308655, -0.019954198971390724, 1.1013554334640503, 0.06003906950354576, -0.05163341760635376, 0.09345225244760513, 0.044277485460042953, -0.016400422900915146, 1.098187804222107, 4.918166360300092, 0.6763467359357946, -5.3393184309222335, 36472.0, 31224.0, 32844.0, 39176.0, 7.8942155838012695, -142.42803955078125, -50.320457458496094, -800.8096313476562, -0.4196183979511261, -1.527956485748291, 1.3886927366256714, 1.0019487142562866, 1.0445575714111328, 1.581298828125, 1.1806640625, 0.5037689208984375, 1.53515625
86244, 0.4811214208602905, -0.19923411309719086, 0.6125189065933228, 0.045068517327308655, -0.019954198971390724, 1.1013554334640503, 0.06003906950354576, -0.05163341760635376, 0.09345225244760513, 0.044880419969558716, -0.019089017063379288, 1.098416805267334, 4.4135712186288, 0.6302668211028788, -4.143537952310319, 36472.0, 31224.0, 32844.0, 39176.0, 7.8942155838012695, -33.21994400024414, 6.161191463470459, 413.6993408203125, -0.4196183979511261, -1.527956485748291, 1.3886927366256714, 1.0019487142562866, 1.0445575714111328, 1.581298828125, 1.1806640625, 0.5037689208984375, 1.5556640625
86274, -1.1173673868179321, -0.21186530590057373, -0.3481859266757965, 0.045668475329875946, -0.019604038447141647, 1.1006689071655273, 0.05278536677360535, -0.04412936419248581, -0.0064198630861938, 0.04571285843849182, -0.024684518575668335, 1.0982328653335571, 2.9319760267468937, 0.7534384034465234, -1.9872800631388265, 36472.0, 31224.0, 32844.0, 39176.0, 7.874380588531494, 89.49764251708984, -15.784028053283691, 33.89688491821289, -0.29873231053352356, -1.2863154411315918, 1.3316149711608887, 1.0019487142562866, 1.0445575714111328, 1.581298828125, 1.7900390625, 0.938507080078125, 1.51904296875
86324, 0.414470374584198, -0.3139914572238922, 2.507838487625122, 0.04647586867213249, -0.02060275711119175, 1.0995407104492188, 0.051528625190258026, -0.0453333854675293, -0.016654925420880318, 0.047565754503011703, -0.0227670781314373, 1.0968995094299316, 4.411489089298853, 0.3134025777597742, -0.6075187141330666, 36472.0, 31224.0, 32844.0, 39176.0, 7.854546070098877, -16.075332641601562, -9.94958782196045, 118.39327239990234, 0.22343622148036957, 2.955080032348633, 1.5228828191757202, 1.0019487142562866, 1.0445575714111328, 1.581298828125, 0.563232421875, 30.190032958984375, 1.55712890625
86334, -0.2536240518093109, -0.33521369099617004, 2.827610969543457, 0.04699665307998657, -0.02106272615492344, 1.0998332500457764, 0.05261748284101486, -0.045586973428726196, 0.0751754492521286, 0.04811818525195122, -0.02506566420197487, 1.0987865924835205, 3.042709667192254, 0.7468874747529242, -3.945716546148695, 38331.0, 30726.0, 31489.0, 37637.0, 7.9140496253967285, -85.4215087890625, 31.61990737915039, -498.874267578125, -0.08760299533605576, 2.489717721939087, -0.2884124219417572, 1.0019487142562866, 1.0445575714111328, 1.581298828125, 0.563232421875, 30.190032958984375, 1.55712890625
86344, -0.8501668572425842, -0.2670268416404724, -0.493040531873703, 0.04752344638109207, -0.021518077701330185, 1.100204586982727, 0.05289363116025925, -0.046368300914764404, -0.0009107075165957212, 0.04948259890079498, -0.02134212851524353, 1.0967936515808105, -0.818550048664233, 0.6333499318478744, -6.383767758635517, 38331.0, 30726.0, 31489.0, 37637.0, 7.814876556396484, -85.4215087890625, 31.61990737915039, -498.874267578125, -0.23298247158527374, -1.1727447509765625, 1.252081036567688, 1.0019487142562866, 1.0445575714111328, 1.581298828125, 0.563232421875, 30.190032958984375, 1.559326171875
86354, 0.243300661444664, -0.2910281717777252, 1.2116403579711914, 0.04805369675159454, -0.02197769656777382, 1.0999796390533447, 0.05312131345272064, -0.044753298163414, -0.044068530201911926, 0.04959215968847275, -0.02291242592036724, 1.097141981124878, 4.216592780498481, -0.31011771637199104, -6.997446707721108, 38331.0, 30726.0, 31489.0, 37637.0, 7.83471155166626, -85.4215087890625, 31.61990737915039, -498.874267578125, -0.23298247158527374, -1.1727447509765625, 1.252081036567688, 1.0019487142562866, 1.0445575714111328, 1.581298828125, 0.563232421875, 30.190032958984375, 1.54541015625
86424, 0.4367401599884033, -0.31212592124938965, 1.0767462253570557, 0.04741648584604263, -0.021658409386873245, 1.0991077423095703, 0.047380201518535614, -0.043504584580659866, -0.03914492204785347, 0.05004735291004181, -0.02837388776242733, 1.0990856885910034, 2.6168655341215015, 0.8673428324509871, -1.9673046381265582, 38035.0, 30874.0, 32362.0, 37778.0, 7.854546070098877, 124.09236907958984, -21.57630157470703, 131.45127868652344, 0.23011410236358643, -1.870684266090393, 2.1215927600860596, 1.0938664674758911, 0.6413593292236328, 1.54833984375, 0.563232421875, 30.190032958984375, 1.53515625
86434, 1.5745667219161987, -0.6491754651069641, 0.07046214491128922, 0.047894589602947235, -0.022099241614341736, 1.098995327949524, 0.048553064465522766, -0.045804500579833984, 0.016611190512776375, 0.050382036715745926, -0.026639796793460846, 1.0985689163208008, 2.5014368861745067, 0.4646388512378792, -3.619052549671242, 38035.0, 30874.0, 32362.0, 37778.0, 7.854546070098877, -56.45267105102539, -11.96581745147705, 402.08038330078125, 0.23011410236358643, -1.870684266090393, 2.1215927600860596, 1.0938664674758911, 0.6413593292236328, 1.54833984375, 0.563232421875, 30.190032958984375, 1.53515625
86444, 1.610980749130249, -0.45351770520210266, 1.0594826936721802, 0.047894589602947235, -0.022099241614341736, 1.098995327949524, 0.048553064465522766, -0.045804500579833984, 0.016611190512776375, 0.05025912821292877, -0.02670687437057495, 1.09994375705719, 2.8729540537651896, 0.9049315319780931, -3.9965538791113437, 36407.0, 31270.0, 33231.0, 39479.0, 7.8942155838012695, -56.45267105102539, -11.96581745147705, 402.08038330078125, 0.23011410236358643, -1.870684266090393, 2.1215927600860596, 1.0938664674758911, 0.6413593292236328, 1.54833984375, 0.563232421875, 30.190032958984375, 1.53515625
86464, 0.8391004800796509, -0.29505178332328796, 2.2663893699645996, 0.048889972269535065, -0.023076342418789864, 1.0995821952819824, 0.05008712038397789, -0.04996440187096596, -0.038546640425920486, 0.051267195492982864, -0.02436191961169243, 1.0976370573043823, 2.542416235692032, 0.1720116324653702, -6.794235468753607, 36407.0, 31270.0, 33231.0, 39479.0, 7.8942155838012695, -71.25597381591797, 1.2904490232467651, 3.398606777191162, 0.011992593295872211, 2.5192527770996094, 1.5261250734329224, 1.0938664674758911, 0.6413593292236328, 1.54833984375, 0.563232421875, 30.190032958984375, 1.57470703125
86474, -0.10512450337409973, -0.35245925188064575, 2.7240357398986816, 0.048889972269535065, -0.023076342418789864, 1.0995821952819824, 0.05008712038397789, -0.04996440187096596, -0.038546640425920486, 0.05015433207154274, -0.020829353481531143, 1.0982160568237305, 4.908367980109833, 0.855325652081433, -5.941464220143733, 38348.0, 30720.0, 31808.0, 37614.0, 7.8942155838012695, -106.3933334350586, 26.037471771240234, -572.7367553710938, 0.011992593295872211, 2.5192527770996094, 1.5261250734329224, 1.0938664674758911, 0.6413593292236328, 1.54833984375, 0.563232421875, 30.190032958984375, 1.57470703125
86484, -0.660246729850769, -0.23743075132369995, 0.0017380370991304517, 0.048889972269535065, -0.023076342418789864, 1.0995821952819824, 0.05008712038397789, -0.04996440187096596, -0.038546640425920486, 0.05114784464240074, -0.02388063445687294, 1.1000195741653442, 4.162439125561846, 0.604911034723898, -3.8728502087118115, 38752.0, 30664.0, 31544.0, 37131.0, 7.8942155838012695, 129.58612060546875, -15.604186058044434, 168.4390411376953, 0.011992593295872211, 2.5192527770996094, 1.5261250734329224, 1.0938664674758911, 0.6413593292236328, 1.54833984375, 0.563232421875, 30.190032958984375, 1.57470703125
86494, 0.34393927454948425, -0.3227282762527466, 1.2793763875961304, 0.048889972269535065, -0.023076342418789864, 1.0995821952819824, 0.05008712038397789, -0.04996440187096596, -0.038546640425920486, 0.05198010429739952, -0.025695059448480606, 1.0983319282531738, 4.605731834205994, 0.14902709321509633, -0.6342815135645736, 38752.0, 30664.0, 31544.0, 37131.0, 7.83471155166626, 129.58612060546875, -15.604186058044434, 168.4390411376953, 0.2581869065761566, -1.875170350074768, 2.074693202972412, 1.0938664674758911, 0.6413593292236328, 1.54833984375, 0.563232421875, 30.190032958984375, 1.497802734375
86564, 0.18661193549633026, -0.38850221037864685, 0.8840312957763672, 0.05071728676557541, -0.025134000927209854, 1.0994676351547241, 0.04887115955352783, -0.05133933201432228, -0.04518388584256172, 0.053903788328170776, -0.02550653927028179, 1.1005123853683472, 4.543612514537085, 0.6215047133549092, -1.6065008304209594, 38186.0, 30777.0, 32165.0, 37555.0, 7.83471155166626, -104.46971130371094, 24.023298263549805, -533.2296142578125, 0.36325815320014954, -0.4809505045413971, 1.1046262979507446, 1.0938664674758911, 0.6413593292236328, 1.54833984375, 0.563232421875, 30.190032958984375, 1.546875
86574, 1.0895531177520752, -0.6221991181373596, 0.43614375591278076, 0.05071728676557541, -0.025134000927209854, 1.0994676351547241, 0.04887115955352783, -0.05133933201432228, -0.04518388584256172, 0.05492161586880684, -0.026270534843206406, 1.098226547241211, 2.5720209024893768, 0.2301052259917924, -1.2570612603520677, 37149.0, 31122.0, 32547.0, 38700.0, 7.874380588531494, -70.75591278076172, -29.83408546447754, 202.19996643066406, 0.36325815320014954, -0.4809505045413971, 1.1046262979507446, 1.0938664674758911, 0.6413593292236328, 1.54833984375, 0.563232421875, 30.190032958984375, 1.546875
86584, 1.1580255031585693, -0.41580185294151306, -0.01991921477019787, 0.05071728676557541, -0.025134000927209854, 1.0994676351547241, 0.04887115955352783, -0.05133933201432228, -0.04518388584256172, 0.05466087907552719, -0.030047250911593437, 1.1002247333526611, 3.290504033397316, 0.7576430521465056, -2.546060336115357, 37149.0, 31122.0, 32547.0, 38700.0, 7.874380588531494, -46.56400680541992, -12.015100479125977, -282.1150817871094, 0.36325815320014954, -0.4809505045413971, 1.1046262979507446, 1.0938664674758911, 0.6413593292236328, 1.54833984375, 0.563232421875, 30.190032958984375, 1.546875
86594, 1.2653746604919434, -0.4801280200481415, 3.1401517391204834, 0.05071728676557541, -0.025134000927209854, 1.0994676351547241, 0.04887115955352783, -0.05133933201432228, -0.04518388584256172, 0.05519186705350876, -0.028621580451726913, 1.1005645990371704, 3.6088416000922114, 0.7355831927352767, -5.098140120684814, 36673.0, 31124.0, 32832.0, 39101.0, 7.874380588531494, -9.0853853225708, 14.896095275878906, 387.0858154296875, 0.36325815320014954, -0.4809505045413971, 1.1046262979507446, 1.0938664674758911, 0.6413593292236328, 1.54833984375, 0.563232421875, 30.190032958984375, 1.53955078125
86604, 0.5460584163665771, -0.3396754264831543, 1.4960094690322876, 0.050856903195381165, -0.025925079360604286, 1.0993374586105347, 0.04795078560709953, -0.05463641136884689, -0.015343760140240192, 0.05537908524274826, -0.026861650869250298, 1.1003040075302124, 3.396243434464248, 0.4323054548971186, -6.822017557424268, 36673.0, 31124.0, 32832.0, 39101.0, 7.854546070098877, -9.0853853225708, 14.896095275878906, 387.0858154296875, 0.36325815320014954, -0.4809505045413971, 1.1046262979507446, 1.0938664674758911, 0.6413593292236328, 1.54833984375, 0.563232421875, 30.190032958984375, 1.55126953125
86694, -1.0838514566421509, -0.129492849111557, 0.7316914796829224, 0.052017390727996826, -0.026636922731995583, 1.0997925996780396, 0.04608749598264694, -0.04604048654437065, 0.0449720062315464, 0.05838526412844658, -0.02741922251880169, 1.1017829179763794, 5.05927132751579, 0.583650124852312, -3.8555606035191055, 38362.0, 30776.0, 32008.0, 37553.0, 7.814876556396484, -130.4196014404297, 21.96961784362793, -108.38307189941406, 0.5644211173057556, -0.09815417975187302, 0.8498785495758057, 1.0938664674758911, 0.6413593292236328, 1.54833984375, 0.552978515625, 31.422943115234375, 1.51611328125
86704, -0.43874797224998474, -0.33250948786735535, 0.9832232594490051, 0.052478328347206116, -0.02709672413766384, 1.0997836589813232, 0.04575781524181366, -0.044897351413965225, -0.04674476757645607, 0.05979044735431671, -0.030322235077619553, 1.0999239683151245, 4.65673554212557, 0.5532854870664607, -1.6969664833561346, 38362.0, 30776.0, 32008.0, 37553.0, 7.83471155166626, 102.17279052734375, 48.02200698852539, -49.88941192626953, 0.053961582481861115, -2.4478442668914795, 1.7447116374969482, 1.0938664674758911, 0.6413593292236328, 1.54833984375, 0.552978515625, 31.422943115234375, 1.547607421875
86714, 0.40753650665283203, -0.4863213002681732, 0.4448752701282501, 0.05293986573815346, -0.027540285140275955, 1.0995235443115234, 0.04667547717690468, -0.04444252327084541, -0.005273876246064901, 0.06033819913864136, -0.03208709508180618, 1.1020152568817139, 3.8447813688783086, 0.9991222993337772, -4.794809134265699, 38362.0, 30776.0, 32008.0, 37553.0, 7.8942155838012695, -66.12944030761719, -37.77036666870117, -5.8507466316223145, 0.592431366443634, 1.1112346649169922, 0.8516033291816711, 1.0938664674758911, 0.6413593292236328, 1.54833984375, 0.552978515625, 31.422943115234375, 1.541015625
86724, 0.7147417068481445, -0.36126598715782166, -0.5951152443885803, 0.05341438949108124, -0.027991119772195816, 1.0998897552490234, 0.04804978892207146, -0.04622466862201691, 0.0785239189863205, 0.061113037168979645, -0.02913159504532814, 1.1000235080718994, 4.172338835751687, 0.047092601322702876, -6.8034373597676785, 38362.0, 30776.0, 32008.0, 37553.0, 7.83471155166626, 4.032354831695557, 13.148414611816406, 178.68605041503906, -1.0380946397781372, -2.4205052852630615, -0.10986153781414032, 1.0938664674758911, 0.6413593292236328, 1.54833984375, 0.552978515625, 31.422943115234375, 1.537353515625
86734, 0.9474276304244995, -0.5024852752685547, 4.101272106170654, 0.05273113772273064, -0.027670511975884438, 1.0997169017791748, 0.044888392090797424, -0.04393031820654869, -0.022356681525707245, 0.060628511011600494, -0.028159592300653458, 1.1021851301193237, 5.408995077629807, 0.5418558955109063, -4.915957055370621, 36738.0, 31280.0, 32838.0, 39097.0, 7.83471155166626, -33.88416290283203, 4.690737247467041, 154.49966430664062, -0.10853856801986694, 1.518664002418518, 1.580993890762329, 1.0938664674758911, 0.6413593292236328, 1.54833984375, 0.552978515625, 31.422943115234375, 1.537353515625
86744, 0.05506892129778862, -0.28954246640205383, 0.8878681659698486, 0.05318408086895943, -0.028116300702095032, 1.0994114875793457, 0.04577011615037918, -0.04560035094618797, -0.03870712220668793, 0.061853401362895966, -0.03167573735117912, 1.1007739305496216, 6.17367840599872, 0.2800198058282035, -1.3450021387866198, 37444.0, 31094.0, 32242.0, 38408.0, 7.874380588531494, -131.82403564453125, 21.956052780151367, -90.6507568359375, 0.2883017361164093, 0.3898308575153351, 2.2965166568756104, 1.0938664674758911, 0.6413593292236328, 1.54833984375, 0.552978515625, 31.422943115234375, 1.5263671875
86754, -0.8247412443161011, -0.42808693647384644, 2.6219840049743652, 0.053646113723516464, -0.028573058545589447, 1.0993884801864624, 0.04677707329392433, -0.044624220579862595, 0.03410664573311806, 0.062336985021829605, -0.03650183230638504, 1.1010658740997314, 3.3187339030930785, 1.0846665099953157, -2.066622279116696, 38361.0, 30853.0, 31912.0, 37634.0, 7.874380588531494, -88.66927337646484, -9.55164909362793, -461.0641784667969, -0.27813008427619934, 2.2340683937072754, -0.05610007420182228, 1.0938664674758911, 0.6413593292236328, 1.54833984375, 0.552978515625, 31.422943115234375, 1.55859375
86834, -0.8211510181427002, -0.16408900916576385, 1.007095456123352, 0.05614817515015602, -0.030790241435170174, 1.1006603240966797, 0.04917420446872711, -0.04109375923871994, 0.07235730439424515, 0.06479083746671677, -0.03896014019846916, 1.1022409200668335, 2.6149682783627295, 0.7604395010320388, -3.700709296416742, 38036.0, 30820.0, 31713.0, 37774.0, 7.83471155166626, 147.4218292236328, 11.500672340393066, 350.5382385253906, -0.24486617743968964, 2.311110734939575, -0.06846734881401062, 1.0938664674758911, 0.6413593292236328, 1.54833984375, 0.545654296875, 32.32598876953125, 1.549072265625
86844, -0.4269299805164337, -0.35297346115112305, 0.8235030770301819, 0.05545797944068909, -0.02935097925364971, 1.1005843877792358, 0.04577505588531494, -0.035565316677093506, -0.023400599136948586, 0.06567396223545074, -0.038052115589380264, 1.1006778478622437, 1.603543235551068, 0.4198190950864955, -5.597257750684595, 38036.0, 30820.0, 31713.0, 37774.0, 7.83471155166626, 90.98497772216797, 27.352693557739258, -159.84580993652344, -0.24486617743968964, 2.311110734939575, -0.06846734881401062, 1.0938664674758911, 0.6413593292236328, 1.54833984375, 0.545654296875, 32.32598876953125, 1.528564453125
86854, 0.4856540560722351, -0.4257971942424774, 0.36592167615890503, 0.055919330567121506, -0.029702145606279373, 1.1004549264907837, 0.046531692147254944, -0.03501313179731369, -0.0024887272156774998, 0.06465332955121994, -0.03432241082191467, 1.1010907888412476, 4.595666850378132, 0.7728210153593409, -6.901322044575778, 38036.0, 30820.0, 31713.0, 37774.0, 7.83471155166626, 90.98497772216797, 27.352693557739258, -159.84580993652344, 0.1797962486743927, 1.2660726308822632, 1.6422734260559082, 1.0938664674758911, 0.6413593292236328, 1.54833984375, 0.545654296875, 32.32598876953125, 1.5380859375
86874, 1.4835314750671387, -0.5163588523864746, 4.3982343673706055, 0.056872934103012085, -0.030442601069808006, 1.1013762950897217, 0.04836773872375488, -0.038371115922927856, 0.00857463851571083, 0.06701203435659409, -0.040108099579811096, 1.1007509231567383, 3.334958192069863, 0.5319854337749064, -1.1825016485011952, 38036.0, 30820.0, 31713.0, 37774.0, 7.814876556396484, 48.897666931152344, 33.47224044799805, 546.2510986328125, 0.025219101458787918, 0.6572428941726685, 1.4019736051559448, 1.0938664674758911, 0.6413593292236328, 1.54833984375, 2.542236328125, 23.317047119140625, 1.5380859375
86904, -0.3212185204029083, -0.18299390375614166, 1.5021175146102905, 0.057344090193510056, -0.02996707893908024, 1.101404070854187, 0.048449885100126266, -0.03711337968707085, 0.06945901364088058, 0.06790781021118164, -0.03803789243102074, 1.1021461486816406, 3.454228977088659, 0.7773272311718529, -7.26797186391543, 38036.0, 30820.0, 31713.0, 37774.0, 7.854546070098877, 116.33370208740234, 19.433698654174805, 312.2707214355469, -0.3368209898471832, 1.8957041501998901, 0.12944577634334564, 1.0938664674758911, 0.6413593292236328, 1.54833984375, 2.542236328125, 23.317047119140625, 1.5380859375
86914, -0.1511143445968628, -0.3724600374698639, 0.5784268379211426, 0.05782858654856682, -0.030338216572999954, 1.1016075611114502, 0.04813018813729286, -0.036829184740781784, -0.0287530105561018, 0.06811308860778809, -0.0382898785173893, 1.102668046951294, 3.982482251624932, 0.6246299868444964, -5.8392707592357755, 38036.0, 30820.0, 31713.0, 37774.0, 7.83471155166626, 116.33370208740234, 19.433698654174805, 312.2707214355469, -0.2781449854373932, -2.035362958908081, 1.1529275178909302, 1.0938664674758911, 0.6413593292236328, 1.54833984375, 2.542236328125, 23.317047119140625, 1.5380859375
86944, 1.9004430770874023, -0.4337456226348877, 4.442712306976318, 0.05846167355775833, -0.030837751924991608, 1.101530909538269, 0.04872283712029457, -0.04047699645161629, 0.007394700776785612, 0.06941371411085129, -0.045833852142095566, 1.100752353668213, 1.6161284521821624, 1.3121643715564346, -1.0937425720019813, 38036.0, 30820.0, 31713.0, 37774.0, 7.83471155166626, 65.74419403076172, 34.684810638427734, 720.1480102539062, -1.1022605895996094, -2.1638145446777344, -0.21531176567077637, 1.0938664674758911, 0.6413593292236328, 1.54833984375, 2.542236328125, 23.317047119140625, 1.52783203125
86954, 0.9461002349853516, -0.25666648149490356, 0.14155104756355286, 0.05846167355775833, -0.030837751924991608, 1.101530909538269, 0.04872283712029457, -0.04047699645161629, 0.007394700776785612, 0.06999567151069641, -0.04474728927016258, 1.1024363040924072, 1.7103624305115541, 0.9096378811682371, -2.961267097895981, 36901.0, 31101.0, 32108.0, 38772.0, 7.83471155166626, -106.71621704101562, 11.119585037231445, -27.216064453125, -1.1022605895996094, -2.1638145446777344, -0.21531176567077637, 1.0938664674758911, 0.6413593292236328, 1.54833984375, 2.542236328125, 23.317047119140625, 1.541748046875
86964, 0.4727456867694855, -0.32404273748397827, 2.056840419769287, 0.05846167355775833, -0.030837751924991608, 1.101530909538269, 0.04872283712029457, -0.04047699645161629, 0.007394700776785612, 0.07039398699998856, -0.04436996579170227, 1.1027687788009644, 2.287647191107983, 1.318308999959811, -4.041527405228127, 37773.0, 30840.0, 32158.0, 38048.0, 7.9140496253967285, -106.71621704101562, 11.119585037231445, -27.216064453125, -1.1022605895996094, -2.1638145446777344, -0.21531176567077637, 1.0938664674758911, 0.6413593292236328, 1.54833984375, 2.542236328125, 23.317047119140625, 1.541748046875
87044, 0.010127474553883076, 0.06888671964406967, 2.093553066253662, 0.06205879524350166, -0.03385375067591667, 1.1010266542434692, 0.05154476314783096, -0.05439567193388939, -0.005558260716497898, 0.07384274899959564, -0.04504746198654175, 1.100567102432251, 0.645829411886659, 0.7406667859973197, -5.6613501286509536, 38473.0, 30689.0, 32177.0, 37515.0, 7.83471155166626, -109.7235336303711, 0.5464691519737244, 125.67485809326172, 0.48186424374580383, 1.1875410079956055, 0.06521334499120712, 1.0938664674758911, 0.6413593292236328, 1.54833984375, 2.542236328125, 23.317047119140625, 1.538818359375
87054, -0.20097540318965912, -0.1173810213804245, -0.1752697229385376, 0.06205879524350166, -0.03385375067591667, 1.1010266542434692, 0.05154476314783096, -0.05439567193388939, -0.005558260716497898, 0.07297715544700623, -0.04177142679691315, 1.1019682884216309, 3.196394294073727, 0.7645565292857839, -6.757185354748564, 38502.0, 30683.0, 32339.0, 37341.0, 7.83471155166626, 58.09262466430664, -9.161623001098633, -115.4059066772461, 0.48186424374580383, 1.1875410079956055, 0.06521334499120712, 1.0938664674758911, 0.6413593292236328, 1.54833984375, 2.542236328125, 23.317047119140625, 1.538818359375
87094, 0.9220398664474487, 0.030536020174622536, -0.25148805975914, 0.06402849406003952, -0.03508452698588371, 1.1019037961959839, 0.050455618649721146, -0.05882629379630089, -0.03491323068737984, 0.07481429725885391, -0.04558410495519638, 1.1012961864471436, 2.688051989826257, 0.714721772949332, -4.22183331663546, 36366.0, 31295.0, 33629.0, 39358.0, 7.83471155166626, -134.5066680908203, -52.62773132324219, -662.5101928710938, 0.5339077711105347, 2.7198691368103027, 1.441002368927002, 1.0938664674758911, 0.6413593292236328, 1.54833984375, 2.542236328125, 23.317047119140625, 1.57470703125
87104, 0.2717386484146118, 0.020446671172976494, 2.5099129676818848, 0.06376304477453232, -0.034305326640605927, 1.1014543771743774, 0.04850318655371666, -0.05706443637609482, 0.007389012724161148, 0.07615470886230469, -0.04165251925587654, 1.0990993976593018, -0.5985230380928375, 0.5823866300026168, -6.7061374540598315, 36366.0, 31295.0, 33629.0, 39358.0, 7.83471155166626, 16.318479537963867, -27.133787155151367, 131.7302703857422, 0.5339077711105347, 2.7198691368103027, 1.441002368927002, 1.0938664674758911, 0.6413593292236328, 1.54833984375, 2.542236328125, 23.317047119140625, 1.55859375
87154, 1.227844476699829, -0.27119719982147217, 3.6175289154052734, 0.06547538191080093, -0.03689543157815933, 1.1023473739624023, 0.047415841370821, -0.059907216578722, 0.028361065313220024, 0.07740139961242676, -0.04571126773953438, 1.1014546155929565, 3.4787832497759656, 1.0721875403631032, -4.633106935924215, 36449.0, 31481.0, 33210.0, 39144.0, 7.83471155166626, 16.318479537963867, -27.133787155151367, 131.7302703857422, 0.12563280761241913, 0.24157792329788208, 0.867376446723938, 1.0938664674758911, 0.6413593292236328, 1.54833984375, 2.542236328125, 23.317047119140625, 1.5380859375
87164, 0.5178048014640808, -0.06091435253620148, -0.13417953252792358, 0.06547538191080093, -0.03689543157815933, 1.1023473739624023, 0.047415841370821, -0.059907216578722, 0.028361065313220024, 0.07882814854383469, -0.04239673912525177, 1.0986509323120117, -0.25603713345142864, 0.6529915683455272, -6.234707091416521, 36834.0, 31284.0, 32473.0, 38692.0, 7.854546070098877, 16.318479537963867, -27.133787155151367, 131.7302703857422, 0.4611787796020508, 2.759554386138916, 1.1868910789489746, 1.0938664674758911, 0.6413593292236328, 1.54833984375, 2.542236328125, 23.317047119140625, 1.5380859375
87174, -0.12588174641132355, -0.08099192380905151, 2.5437300205230713, 0.06547538191080093, -0.03689543157815933, 1.1023473739624023, 0.047415841370821, -0.059907216578722, 0.028361065313220024, 0.07774613052606583, -0.04118320345878601, 1.1007722616195679, 4.551154503548342, 0.7032538481993811, -6.3371855431580615, 37729.0, 30930.0, 32611.0, 37937.0, 7.9140496253967285, 15.106832504272461, -16.943809509277344, 93.68904113769531, 0.4611787796020508, 2.759554386138916, 1.1868910789489746, 1.0938664674758911, 0.6413593292236328, 1.54833984375, 2.542236328125, 23.317047119140625, 1.5380859375
87184, -0.8878597617149353, -0.06338634341955185, 2.59287428855896, 0.06547538191080093, -0.03689543157815933, 1.1023473739624023, 0.047415841370821, -0.059907216578722, 0.028361065313220024, 0.0775383934378624, -0.04019264131784439, 1.1009011268615723, 5.433681601421435, 0.5469251412342828, -4.667656913988769, 38559.0, 30795.0, 31954.0, 37200.0, 7.814876556396484, -18.37984848022461, 35.23246765136719, -213.41712951660156, 0.4611787796020508, 2.759554386138916, 1.1868910789489746, 1.0938664674758911, 0.6413593292236328, 1.54833984375, 2.542236328125, 23.317047119140625, 1.5380859375
87204, -0.20885878801345825, -0.11699128895998001, 0.3401535749435425, 0.0671001598238945, -0.039213888347148895, 1.1018708944320679, 0.046315863728523254, -0.057558465749025345, -0.048519864678382874, 0.07900213450193405, -0.04425647109746933, 1.0984649658203125, 5.208605092074156, 0.2051240651936439, -1.0291151171290482, 37885.0, 31059.0, 32391.0, 37834.0, 7.814876556396484, 100.45018768310547, -3.0740742683410645, -266.1451110839844, 0.4611787796020508, 2.759554386138916, 1.1868910789489746, 1.0938664674758911, 0.6413593292236328, 1.54833984375, 2.542236328125, 23.317047119140625, 1.5380859375
87214, 0.632510781288147, -0.317017138004303, -0.7090016603469849, 0.0671001598238945, -0.039213888347148895, 1.1018708944320679, 0.046315863728523254, -0.057558465749025345, -0.048519864678382874, 0.07941677421331406, -0.04681892693042755, 1.0992159843444824, 3.940264382533767, 0.7559376183351958, -2.0074270518975976, 37885.0, 31059.0, 32391.0, 37834.0, 7.814876556396484, 53.001190185546875, 42.502140045166016, 777.8955688476562, 0.4611787796020508, 2.759554386138916, 1.1868910789489746, 1.0938664674758911, 0.6413593292236328, 1.54833984375, 2.542236328125, 23.317047119140625, 1.58203125
87284, 0.21273595094680786, -0.17930543422698975, -0.6478450894355774, 0.07002168893814087, -0.04237416759133339, 1.1025867462158203, 0.04599878191947937, -0.05042240396142006, 0.05281879007816315, 0.08175273984670639, -0.04536004364490509, 1.0965440273284912, 2.8772071625747464, 0.4798203826960332, -1.91774311706281, 37885.0, 31059.0, 32391.0, 37834.0, 7.8942155838012695, 28.90987205505371, 30.514541625976562, 650.0933227539062, 0.1415630578994751, -1.0172908306121826, 2.323671579360962, 1.0938664674758911, 0.6413593292236328, 1.54833984375, 2.542236328125, 23.317047119140625, 1.563720703125
87294, 0.19488957524299622, -0.07929310202598572, 1.5470550060272217, 0.07048340141773224, -0.04288048669695854, 1.1031837463378906, 0.046370845288038254, -0.05085887759923935, 0.06658442318439484, 0.08171403408050537, -0.04934687539935112, 1.0978789329528809, 3.155774879851538, 0.7245217494347571, -3.545604813338408, 37885.0, 31059.0, 32391.0, 37834.0, 7.83471155166626, -121.29322814941406, -56.1530876159668, -764.2808837890625, 0.1415630578994751, -1.0172908306121826, 2.323671579360962, 1.0938664674758911, 0.6413593292236328, 1.54833984375, 2.542236328125, 23.317047119140625, 1.563720703125
87304, -0.17298507690429688, 0.07211051136255264, 0.7564515471458435, 0.07048340141773224, -0.04288048669695854, 1.1031837463378906, 0.046370845288038254, -0.05085887759923935, 0.06658442318439484, 0.08285466581583023, -0.047955647110939026, 1.0968246459960938, 2.9229057201125643, 0.6077673634078451, -5.801091962849236, 36735.0, 31222.0, 33492.0, 38584.0, 7.83471155166626, -34.20840072631836, 5.996476173400879, 538.6798706054688, 0.1415630578994751, -1.0172908306121826, 2.323671579360962, 1.0938664674758911, 0.6413593292236328, 1.54833984375, 2.542236328125, 23.317047119140625, 1.547607421875
87314, -0.7239787578582764, 0.1286335587501526, 2.580687999725342, 0.07069811969995499, -0.04310474917292595, 1.1028251647949219, 0.0445479080080986, -0.04871091619133949, 0.011037556454539299, 0.08237428963184357, -0.04341805726289749, 1.097935438156128, 4.88059248866372, 0.7781646778105369, -6.602966465022478, 37509.0, 30885.0, 33372.0, 37810.0, 7.854546070098877, -34.20840072631836, 5.996476173400879, 538.6798706054688, -0.3774084746837616, -0.5879562497138977, 1.8231754302978516, 1.0938664674758911, 0.6413593292236328, 1.54833984375, 2.542236328125, 23.317047119140625, 1.547607421875
87324, -1.680493712425232, 0.11159361153841019, 2.7948546409606934, 0.07114111632108688, -0.0435808040201664, 1.103327751159668, 0.0440036803483963, -0.04520053789019585, 0.08943392336368561, 0.08263523131608963, -0.04474953934550285, 1.098146677017212, 5.084224686307529, 0.5563728393765075, -4.985276106788896, 37509.0, 30885.0, 33372.0, 37810.0, 7.9140496253967285, -34.20840072631836, 5.996476173400879, 538.6798706054688, -0.3774084746837616, -0.5879562497138977, 1.8231754302978516, 1.0938664674758911, 0.6413593292236328, 1.54833984375, 2.542236328125, 23.317047119140625, 1.54541015625
87394, -1.5407414436340332, -0.0013098238268867135, 2.695697069168091, 0.07360723614692688, -0.046304717659950256, 1.1040763854980469, 0.04236707463860512, -0.036658916622400284, 0.07059057801961899, 0.08558272570371628, -0.050145234912633896, 1.094996452331543, 2.22154693752524, 0.7596880755618827, -5.797263247923403, 37509.0, 30885.0, 33372.0, 37810.0, 7.874380588531494, 158.81036376953125, 47.827728271484375, -75.1941146850586, -0.17729072272777557, 2.5641181468963623, -0.1870010644197464, 1.0938664674758911, 0.6413593292236328, 1.54833984375, 2.542236328125, 23.317047119140625, 1.53515625
87424, 0.02306780219078064, -0.18346288800239563, -0.07378640025854111, 0.07425997406244278, -0.046232499182224274, 1.1037747859954834, 0.040725626051425934, -0.028548846021294594, 0.0047387052327394485, 0.0857008695602417, -0.04815644025802612, 1.0956348180770874, 4.471745489371959, 0.27594742366477476, -5.213484060944712, 36952.0, 31162.0, 32515.0, 38392.0, 7.8942155838012695, 158.81036376953125, 47.827728271484375, -75.1941146850586, 0.4115813374519348, -2.168097496032715, 1.729391098022461, 1.0938664674758911, 0.6413593292236328, 1.54833984375, 2.542236328125, 23.317047119140625, 1.5263671875
87434, 0.23329158127307892, -0.030184945091605186, 0.04592478647828102, 0.07425997406244278, -0.046232499182224274, 1.1037747859954834, 0.040725626051425934, -0.028548846021294594, 0.0047387052327394485, 0.08545378595590591, -0.04904717952013016, 1.0962426662445068, 4.200066482723974, 0.8672816069916394, -3.7769228176993166, 36316.0, 31389.0, 33189.0, 39087.0, 7.8942155838012695, -39.01533508300781, -6.613263130187988, -228.51927185058594, 0.4115813374519348, -2.168097496032715, 1.729391098022461, 1.0938664674758911, 0.6413593292236328, 1.54833984375, 2.542236328125, 23.317047119140625, 1.5263671875
87444, 0.38172757625579834, -0.1371576189994812, 2.692549705505371, 0.07425997406244278, -0.046232499182224274, 1.1037747859954834, 0.040725626051425934, -0.028548846021294594, 0.0047387052327394485, 0.08627095073461533, -0.050276290625333786, 1.0939494371414185, 4.807130461261763, 0.4673586525396445, -0.6682874074645812, 36399.0, 31313.0, 32968.0, 38921.0, 7.83471155166626, -39.01533508300781, -6.613263130187988, -228.51927185058594, -0.13817045092582703, 1.6770862340927124, 1.6085224151611328, 1.0938664674758911, 0.6413593292236328, 1.54833984375, 2.542236328125, 23.317047119140625, 1.5263671875
87534, -0.4148486256599426, 0.014722758904099464, 1.937130093574524, 0.07765145599842072, -0.04681198671460152, 1.103484034538269, 0.03822565823793411, -0.021215900778770447, 0.03110876865684986, 0.08810146898031235, -0.052644260227680206, 1.0932790040969849, 5.032299954963191, 0.23079897843717845, -1.2505157763461558, 36230.0, 31323.0, 33290.0, 39094.0, 7.874380588531494, -109.75827026367188, 15.29348087310791, -515.7966918945312, -0.2984640896320343, 2.219191074371338, 0.08867370337247849, 1.0938664674758911, 0.6413593292236328, 1.54833984375, 2.542236328125, 23.317047119140625, 1.534423828125
87554, -0.34138017892837524, 0.026437735185027122, 0.896111786365509, 0.07841429859399796, -0.04722141474485397, 1.1039884090423584, 0.037776391953229904, -0.01945018768310547, -0.03485633432865143, 0.08892577886581421, -0.05486510694026947, 1.0915337800979614, 0.0013640740505616506, 0.5821057981871718, -2.0161990729250956, 38102.0, 30853.0, 32508.0, 37349.0, 7.874380588531494, 99.67404174804688, 26.170270919799805, -140.92933654785156, 0.8075858354568481, 0.08243806660175323, 0.653501570224762, 1.0938664674758911, 0.6413593292236328, 1.54833984375, 2.542236328125, 23.317047119140625, 1.5439453125
87564, 0.6293249726295471, -0.03475571423768997, 0.43650755286216736, 0.07841429859399796, -0.04722141474485397, 1.1039884090423584, 0.037776391953229904, -0.01945018768310547, -0.03485633432865143, 0.08900825679302216, -0.055649399757385254, 1.0940370559692383, 2.408414741016332, 1.2284500090480037, -3.9065786145107695, 38102.0, 30853.0, 32508.0, 37349.0, 7.874380588531494, -10.269530296325684, -34.53317642211914, -55.27001953125, 0.8075858354568481, 0.08243806660175323, 0.653501570224762, 1.0938664674758911, 0.6413593292236328, 1.54833984375, 2.542236328125, 23.317047119140625, 1.505126953125
87584, 1.6331120729446411, -0.16424044966697693, 4.192787170410156, 0.07917850464582443, -0.047393348067998886, 1.103427767753601, 0.03720257058739662, -0.021953798830509186, 0.00033154580160044134, 0.08961866050958633, -0.052278369665145874, 1.0924193859100342, 2.772571399549664, 0.3391505588295445, -7.25252915086584, 38102.0, 30853.0, 32508.0, 37349.0, 7.8942155838012695, -70.75253295898438, -18.816179275512695, -139.22967529296875, 0.8075858354568481, 0.08243806660175323, 0.653501570224762, 1.0938664674758911, 0.6413593292236328, 1.54833984375, 2.542236328125, 23.317047119140625, 1.53076171875
87674, 0.11083155125379562, 0.031289029866456985, 2.055738687515259, 0.08205927908420563, -0.04828590154647827, 1.1030185222625732, 0.03744543716311455, -0.030812226235866547, 0.008030455559492111, 0.09165994822978973, -0.05391335487365723, 1.0906925201416016, 2.264901842300547, 0.3054687996589962, -7.1418886969433615, 36810.0, 31110.0, 32448.0, 38650.0, 7.83471155166626, 18.90727424621582, -45.23320007324219, 34.88152313232422, 0.5676097869873047, 2.3231921195983887, 1.5829952955245972, 1.0938664674758911, 0.6413593292236328, 1.54833984375, 2.542236328125, 23.317047119140625, 1.55419921875
87684, -0.3297516703605652, 0.2510000169277191, 1.923904538154602, 0.08205927908420563, -0.04828590154647827, 1.1030185222625732, 0.03744543716311455, -0.030812226235866547, 0.008030455559492111, 0.09073155373334885, -0.05036035180091858, 1.0910063982009888, 4.745521864651591, 1.1105424367046908, -6.371855718481554, 38360.0, 30779.0, 32279.0, 37189.0, 7.83471155166626, 68.79922485351562, 32.16378402709961, 62.49467849731445, 0.5676097869873047, 2.3231921195983887, 1.5829952955245972, 1.0938664674758911, 0.6413593292236328, 1.54833984375, 2.542236328125, 23.317047119140625, 1.55419921875
87714, 1.3049579858779907, 0.002834765240550041, -1.2892820835113525, 0.08303215354681015, -0.047897666692733765, 1.1025481224060059, 0.035174448043107986, -0.02943989634513855, 0.07234865427017212, 0.09242590516805649, -0.05484132841229439, 1.090820550918579, 4.555526118232238, 0.36222876151794026, -0.6555365318720257, 37482.0, 30995.0, 32972.0, 38014.0, 7.8942155838012695, 79.34077453613281, 45.55997085571289, 866.0757446289062, 0.08695705235004425, 0.4259064495563507, 1.9368720054626465, 1.0938664674758911, 0.6413593292236328, 1.54833984375, 2.542236328125, 23.317047119140625, 1.52197265625
87724, 1.406606912612915, 0.028875013813376427, 3.8422279357910156, 0.08338377624750137, -0.04819709062576294, 1.1030017137527466, 0.0353996604681015, -0.030454237014055252, 0.01837044209241867, 0.09272999316453934, -0.05809744447469711, 1.0923081636428833, 2.730077120180046, 0.9719090566592286, -2.502525349999377, 37482.0, 30995.0, 32972.0, 38014.0, 7.83471155166626, -127.0316390991211, -54.08251190185547, -618.9536743164062, 0.12829849123954773, 0.4196969270706177, 1.0825226306915283, 1.0938664674758911, 0.6413593292236328, 1.54833984375, 2.542236328125, 23.317047119140625, 1.52197265625
87734, 0.6248604655265808, 0.29703450202941895, -0.3071257770061493, 0.08354852348566055, -0.0482717901468277, 1.101378321647644, 0.03527073189616203, -0.03164227306842804, -0.05005301535129547, 0.0933104082942009, -0.05675173178315163, 1.0927116870880127, 3.0313439435566165, 1.3603375695653313, -4.466026314405848, 37482.0, 30995.0, 32972.0, 38014.0, 7.854546070098877, -127.0316390991211, -54.08251190185547, -618.9536743164062, 0.48940038681030273, 2.59313702583313, 1.2364453077316284, 1.0938664674758911, 0.6413593292236328, 1.54833984375, 2.542236328125, 23.317047119140625, 1.576171875
87754, -0.7395118474960327, 0.39929452538490295, 2.3864657878875732, 0.08423915505409241, -0.04892093688249588, 1.1013485193252563, 0.03349291533231735, -0.0314914807677269, 0.06907030940055847, 0.09314990043640137, -0.050437964498996735, 1.0906428098678589, 5.221348479779555, 1.1201803453022308, -5.8034289211095835, 37482.0, 30995.0, 32972.0, 38014.0, 7.9140496253967285, -127.0316390991211, -54.08251190185547, -618.9536743164062, 0.3011276125907898, 1.5081900358200073, -0.17310123145580292, 1.0938664674758911, 0.6413593292236328, 1.54833984375, 1.018798828125, 2.5822601318359375, 1.53076171875
87764, -1.0283069610595703, 0.2634390890598297, -0.20967474579811096, 0.08457459509372711, -0.0492367148399353, 1.1014803647994995, 0.033345937728881836, -0.032260555773973465, -0.04270552098751068, 0.09432492405176163, -0.05356214568018913, 1.0925426483154297, 4.449213176302689, 1.0416270136391006, -2.84803618063743, 38705.0, 30710.0, 32354.0, 37092.0, 7.814876556396484, -127.0316390991211, -54.08251190185547, -618.9536743164062, -0.18457937240600586, -1.3788901567459106, 1.5172542333602905, 1.0938664674758911, 0.6413593292236328, 1.54833984375, 1.018798828125, 2.5822601318359375, 1.53076171875
87774, -0.04563821852207184, 0.29859161376953125, 0.19239671528339386, 0.0849059671163559, -0.049551043659448624, 1.101023554801941, 0.03292319178581238, -0.030511537566781044, -0.04864322021603584, 0.09526311606168747, -0.054666951298713684, 1.089303731918335, 2.157848782590613, 0.9440540777598585, -1.0456043723856092, 38705.0, 30710.0, 32354.0, 37092.0, 7.83471155166626, -127.0316390991211, -54.08251190185547, -618.9536743164062, 0.0727364644408226, -0.23863595724105835, 2.1967685222625732, 1.0938664674758911, 0.6413593292236328, 1.54833984375, 1.018798828125, 2.5822601318359375, 1.52490234375
87794, 0.7403506636619568, 0.0886002853512764, 3.297764301300049, 0.0853978618979454, -0.05027766525745392, 1.1002495288848877, 0.03185110539197922, -0.03285980224609375, 0.020193738862872124, 0.09552409499883652, -0.05705644562840462, 1.0918394327163696, 3.2549855317016503, 1.3283222633445462, -4.582198618254959, 37079.0, 31236.0, 33490.0, 38958.0, 7.9140496253967285, -132.6856689453125, -59.100341796875, -778.6402587890625, -0.44561493396759033, -2.3311312198638916, 0.11385954916477203, 1.0938664674758911, 0.6413593292236328, 1.54833984375, 1.018798828125, 2.5822601318359375, 1.521240234375
87804, 0.12742862105369568, 0.3484194278717041, 0.0625782385468483, 0.0853978618979454, -0.05027766525745392, 1.1002495288848877, 0.03185110539197922, -0.03285980224609375, 0.020193738862872124, 0.09555597603321075, -0.05488031730055809, 1.0909501314163208, 3.2023719873862277, 0.9341426978027982, -6.567053182684865, 37128.0, 31236.0, 33003.0, 38794.0, 7.83471155166626, -132.6856689453125, -59.100341796875, -778.6402587890625, 0.43994811177253723, 2.8431200981140137, 1.1944092512130737, 1.0938664674758911, 0.6413593292236328, 1.54833984375, 1.018798828125, 2.5822601318359375, 1.521240234375
87854, 0.25924068689346313, 0.05954326316714287, -0.677707314491272, 0.08709428459405899, -0.051446475088596344, 1.09907066822052, 0.028819996863603592, -0.0262422114610672, 0.054175280034542084, 0.09663768857717514, -0.05775843933224678, 1.0913286209106445, 3.009701307976759, 0.9086012236483327, -3.7939745867596697, 38039.0, 30999.0, 32341.0, 37795.0, 7.874380588531494, 107.0765609741211, 1.8526087999343872, -211.3605499267578, 0.12241733819246292, -1.7934163808822632, 0.11930843442678452, 1.0938664674758911, 0.6413593292236328, 1.54833984375, 0.7119140625, 16.011642456054688, 1.541748046875
87884, -0.8432849049568176, 0.19189342856407166, 2.5307657718658447, 0.08766957372426987, -0.05197868123650551, 1.0997437238693237, 0.028995327651500702, -0.027509519830346107, -0.02716604806482792, 0.09660230576992035, -0.05209221690893173, 1.0924373865127563, 5.408317342603678, 0.7079653705518751, -4.576989501689388, 37848.0, 31058.0, 32962.0, 37904.0, 7.874380588531494, -131.94741821289062, -46.94840621948242, -785.4269409179688, -0.5512471795082092, -0.5781857967376709, 1.5193485021591187, 1.0938664674758911, 0.6413593292236328, 1.54833984375, 0.7119140625, 16.011642456054688, 1.53662109375
87894, -1.6153842210769653, 0.2038538008928299, 3.0011470317840576, 0.08766957372426987, -0.05197868123650551, 1.0997437238693237, 0.028995327651500702, -0.027509519830346107, -0.02716604806482792, 0.0971914678812027, -0.054392486810684204, 1.0928058624267578, 4.922413052738255, 0.8463246096548858, -2.7234926734824887, 38627.0, 30932.0, 32151.0, 37139.0, 7.8942155838012695, -52.73563766479492, 37.28897476196289, -402.80841064453125, -0.5512471795082092, -0.5781857967376709, 1.5193485021591187, 1.0938664674758911, 0.6413593292236328, 1.54833984375, 0.7119140625, 16.011642456054688, 1.53662109375
87904, -2.074247121810913, 0.23980438709259033, -0.344499409198761, 0.0883900448679924, -0.05225048586726189, 1.0990750789642334, 0.02739032544195652, -0.02231360226869583, -0.004397796466946602, 0.09811422228813171, -0.05566750466823578, 1.0897616147994995, 2.79397204070893, 0.6699255442538004, -1.3220742937759808, 38627.0, 30932.0, 32151.0, 37139.0, 7.814876556396484, 90.53765869140625, -24.276079177856445, 15.569896697998047, -0.5512471795082092, -0.5781857967376709, 1.5193485021591187, 1.0938664674758911, 0.6413593292236328, 1.54833984375, 0.7119140625, 16.011642456054688, 1.56884765625
87924, 0.15737465023994446, -0.07667893916368484, -0.4316398799419403, 0.08893018215894699, -0.05264134332537651, 1.098844051361084, 0.026839368045330048, -0.01793741248548031, 0.03491944819688797, 0.09815339744091034, -0.05827280133962631, 1.0921618938446045, 3.8667696030207637, 1.073846339541177, -4.868375084089445, 37045.0, 31264.0, 32831.0, 38804.0, 7.9140496253967285, 18.32037925720215, 21.315690994262695, 626.0731201171875, 0.18704454600811005, -1.0700204372406006, 2.204511880874634, 1.0938664674758911, 0.6413593292236328, 1.54833984375, 0.7119140625, 16.011642456054688, 1.56884765625
87934, 0.15550647675991058, 0.024094397202134132, 1.9168630838394165, 0.08893018215894699, -0.05264134332537651, 1.098844051361084, 0.026839368045330048, -0.01793741248548031, 0.03491944819688797, 0.099235400557518, -0.05402892455458641, 1.0901355743408203, -0.14240135683909586, 0.6476801210772578, -6.431199381312134, 37045.0, 31264.0, 32831.0, 38804.0, 7.9140496253967285, -120.96331024169922, -48.03866195678711, -784.2901000976562, 0.18704454600811005, -1.0700204372406006, 2.204511880874634, 1.0938664674758911, 0.6413593292236328, 1.54833984375, 0.7119140625, 16.011642456054688, 1.55126953125
88054, -0.5101506114006042, 0.5109434723854065, 1.1328424215316772, 0.09198576211929321, -0.05464697256684303, 1.096524953842163, 0.023404546082019806, -0.011274397373199463, 0.019268283620476723, 0.10240740329027176, -0.05829260125756264, 1.091854214668274, 0.0344559020495359, 0.9767855357757185, -6.019356251537948, 38172.0, 30699.0, 32672.0, 37707.0, 7.83471155166626, 176.45138549804688, 64.70503997802734, -124.0558090209961, 0.3811526596546173, -1.8337079286575317, 1.9798694849014282, 1.0838450193405151, 1.4835948944091797, 1.6171875, 0.49365234375, 39.298126220703125, 1.53955078125
88064, 0.6955353617668152, 0.20337769389152527, -0.39863571524620056, 0.09198576211929321, -0.05464697256684303, 1.096524953842163, 0.023404546082019806, -0.011274397373199463, 0.019268283620476723, 0.10241582989692688, -0.05937910079956055, 1.091813087463379, 4.024957730385777, 0.1321308078897232, -6.821027424982227, 37095.0, 30996.0, 33046.0, 38907.0, 7.8942155838012695, 176.45138549804688, 64.70503997802734, -124.0558090209961, 0.6402833461761475, -0.30588215589523315, 0.38355353474617004, 1.0838450193405151, 1.4835948944091797, 1.6171875, 0.49365234375, 39.298126220703125, 1.53955078125
88104, -0.6738317012786865, 0.4365435838699341, 2.4703261852264404, 0.09354958683252335, -0.054790325462818146, 1.0956319570541382, 0.019454652443528175, -0.009876800701022148, 0.07721324265003204, 0.10174831002950668, -0.0598500519990921, 1.0948172807693481, 4.55460397967889, 1.2538853086254846, -2.2536625969645008, 38364.0, 30804.0, 32294.0, 37809.0, 7.9140496253967285, -55.041297912597656, 0.955150842666626, 13.811960220336914, -0.22863170504570007, 2.6458253860473633, -0.31613653898239136, 1.0838450193405151, 1.4835948944091797, 1.6171875, 0.49365234375, 39.298126220703125, 1.531494140625
88124, -0.24526165425777435, 0.46621108055114746, 1.2860733270645142, 0.09393206983804703, -0.054979726672172546, 1.096156120300293, 0.01869204081594944, -0.007951835170388222, -0.0334036722779274, 0.10259391367435455, -0.06501274555921555, 1.0920889377593994, 1.9189080587196188, 1.1446002818317709, -1.2623324908308573, 38364.0, 30804.0, 32294.0, 37809.0, 7.83471155166626, 129.0229034423828, -13.92612361907959, 211.78543090820312, 0.2674771547317505, -2.0519537925720215, 1.907615303993225, 1.0838450193405151, 1.4835948944091797, 1.6171875, 0.49365234375, 39.298126220703125, 1.541748046875
88134, 0.901978611946106, 0.20298366248607635, 0.1422864943742752, 0.09411311894655228, -0.05505632236599922, 1.096044898033142, 0.017734220251441002, -0.008241480216383934, 0.011156558990478516, 0.10259269922971725, -0.0642034262418747, 1.094496726989746, 2.822659963341639, 1.5506626302460802, -3.944071020570312, 38364.0, 30804.0, 32294.0, 37809.0, 7.8942155838012695, 129.0229034423828, -13.92612361907959, 211.78543090820312, 0.2674771547317505, -2.0519537925720215, 1.907615303993225, 1.0838450193405151, 1.4835948944091797, 1.6171875, 0.49365234375, 39.298126220703125, 1.490478515625
88144, 0.9986589550971985, 0.361489862203598, 0.6727415323257446, 0.09411311894655228, -0.05505632236599922, 1.096044898033142, 0.017734220251441002, -0.008241480216383934, 0.011156558990478516, 0.10237650573253632, -0.062334880232810974, 1.0933573246002197, 2.7157187954861035, 1.0149061129775703, -6.530037834789488, 36547.0, 31383.0, 33200.0, 39557.0, 7.8942155838012695, -62.225547790527344, -13.910515785217285, -417.06695556640625, 0.2674771547317505, -2.0519537925720215, 1.907615303993225, 1.0838450193405151, 1.4835948944091797, 1.6171875, 0.49365234375, 39.298126220703125, 1.490478515625
88154, 0.9758286476135254, 0.30549517273902893, 2.464139699935913, 0.09479725360870361, -0.05566815286874771, 1.0953563451766968, 0.017826691269874573, -0.011952146887779236, -0.03061799518764019, 0.10223845392465591, -0.05934591218829155, 1.094458818435669, 4.40534246182544, 1.1785065286277927, -5.922870495785658, 36547.0, 31383.0, 33200.0, 39557.0, 7.854546070098877, -62.225547790527344, -13.910515785217285, -417.06695556640625, -0.022036252543330193, 2.236992120742798, 1.6202034950256348, 1.0838450193405151, 1.4835948944091797, 1.6171875, 0.49365234375, 39.298126220703125, 1.490478515625
88164, 0.3553219437599182, 0.4357772469520569, 1.5959739685058594, 0.09479725360870361, -0.05566815286874771, 1.0953563451766968, 0.017826691269874573, -0.011952146887779236, -0.03061799518764019, 0.10305166989564896, -0.06166739761829376, 1.0938774347305298, 3.3680691096841064, 0.716155390313503, -5.0213281046274485, 37509.0, 31038.0, 32523.0, 38574.0, 7.854546070098877, -72.04487609863281, 9.88163948059082, 24.69369125366211, -0.022036252543330193, 2.236992120742798, 1.6202034950256348, 1.0838450193405151, 1.4835948944091797, 1.6171875, 0.49365234375, 39.298126220703125, 1.490478515625
88174, -0.42690983414649963, 0.3552977740764618, 2.3856489658355713, 0.0951385423541069, -0.05594056472182274, 1.0953935384750366, 0.015954146161675453, -0.013726825825870037, 0.07208675891160965, 0.10280834138393402, -0.06188654154539108, 1.0939011573791504, 4.043503100491302, 1.1308396611303522, -3.1432694571550197, 37509.0, 31038.0, 32523.0, 38574.0, 7.854546070098877, -112.4142074584961, 17.293567657470703, -618.5317993164062, -0.022036252543330193, 2.236992120742798, 1.6202034950256348, 1.0838450193405151, 1.4835948944091797, 1.6171875, 0.49365234375, 39.298126220703125, 1.562255859375
88264, 0.05325935035943985, 0.32290413975715637, 1.0208864212036133, 0.09671582281589508, -0.05625169724225998, 1.0951249599456787, 0.012951926328241825, -0.016344496980309486, 0.04932626709342003, 0.10387325286865234, -0.06441710144281387, 1.0953731536865234, 4.965982364551605, 0.741614503227197, -1.5768493938494528, 38235.0, 30913.0, 32412.0, 37713.0, 7.854546070098877, 126.27816772460938, 52.947147369384766, -9.531394004821777, 0.4153869152069092, -0.5835867524147034, 1.049010992050171, 1.0838450193405151, 1.4835948944091797, 1.6171875, 0.49365234375, 39.298126220703125, 1.5380859375
88274, 1.0074529647827148, 0.11251096427440643, 0.5886446833610535, 0.09671582281589508, -0.05625169724225998, 1.0951249599456787, 0.012951926328241825, -0.016344496980309486, 0.04932626709342003, 0.10435865074396133, -0.06789632141590118, 1.095432996749878, 2.727679213020336, 0.9630984695776874, -0.8791846455478075, 37203.0, 31187.0, 32652.0, 38802.0, 7.854546070098877, -77.67465209960938, -33.665565490722656, 163.53857421875, 0.4153869152069092, -0.5835867524147034, 1.049010992050171, 1.0838450193405151, 1.4835948944091797, 1.6171875, 0.49365234375, 39.298126220703125, 1.556396484375
88284, 1.1419503688812256, 0.3103421628475189, 0.15280450880527496, 0.09671582281589508, -0.05625169724225998, 1.0951249599456787, 0.012951926328241825, -0.016344496980309486, 0.04932626709342003, 0.10476451367139816, -0.06713693588972092, 1.0932683944702148, 0.540065063933897, 0.8557659607403991, -1.7586742224490084, 36597.0, 31357.0, 33113.0, 39405.0, 7.814876556396484, -77.67465209960938, -33.665565490722656, 163.53857421875, -0.8361363410949707, -2.117386817932129, 0.09100140631198883, 1.0838450193405151, 1.4835948944091797, 1.6171875, 0.49365234375, 39.298126220703125, 1.556396484375
88304, 0.5401332974433899, 0.4057246446609497, 1.1848112344741821, 0.09730779379606247, -0.05713232234120369, 1.0963879823684692, 0.010814937762916088, -0.02131197415292263, 0.009433441795408726, 0.10490171611309052, -0.06737178564071655, 1.0944172143936157, 2.3246671692988197, 1.3037224863849701, -4.85183974307219, 36597.0, 31357.0, 33113.0, 39405.0, 7.814876556396484, -130.7928009033203, 15.465880393981934, -92.71658325195312, -0.8361363410949707, -2.117386817932129, 0.09100140631198883, 1.0838450193405151, 1.4835948944091797, 1.6171875, 0.49365234375, 39.298126220703125, 1.53076171875
88314, -0.5565935373306274, 0.34945443272590637, 2.1973912715911865, 0.09730779379606247, -0.05713232234120369, 1.0963879823684692, 0.010814937762916088, -0.02131197415292263, 0.009433441795408726, 0.10557515919208527, -0.06349439918994904, 1.0928337574005127, -0.08275447255162137, 0.5481701612926315, -6.827550997890086, 36597.0, 31357.0, 33113.0, 39405.0, 7.814876556396484, -94.8564682006836, -4.19597864151001, -490.95947265625, -0.8361363410949707, -2.117386817932129, 0.09100140631198883, 1.0838450193405151, 1.4835948944091797, 1.6171875, 0.49365234375, 39.298126220703125, 1.5380859375
88364, 1.0940208435058594, 0.42173701524734497, 3.4061098098754883, 0.09860818833112717, -0.058319929987192154, 1.0965220928192139, 0.008428497239947319, -0.022084154188632965, 0.003362201154232025, 0.10537934303283691, -0.06530662626028061, 1.0946351289749146, 4.961933554469978, 0.29778141492471377, -0.42706090462024676, 36544.0, 31211.0, 33442.0, 39171.0, 7.83471155166626, 144.91249084472656, 0.5257578492164612, 235.4501495361328, -0.06009717658162117, 1.7469292879104614, 1.6247894763946533, 1.0838450193405151, 1.4835948944091797, 1.6171875, 0.49365234375, 39.298126220703125, 1.544677734375
88384, -0.8772671818733215, 0.5493965148925781, 2.182866334915161, 0.09875928610563278, -0.0587940439581871, 1.0967776775360107, 0.006182347424328327, -0.023761654272675514, 0.05308480188250542, 0.10545915365219116, -0.06876291334629059, 1.09514319896698, 2.152617816976126, 1.0984807264509868, -1.9130281740485016, 37187.0, 30874.0, 32782.0, 38426.0, 7.8942155838012695, 144.91249084472656, 0.5257578492164612, 235.4501495361328, -0.270336776971817, 1.8592298030853271, -0.2589995861053467, 1.0838450193405151, 1.4835948944091797, 1.6171875, 0.49365234375, 39.298126220703125, 1.61865234375
88394, -1.1128010749816895, 0.7881854176521301, 1.0622531175613403, 0.09881563484668732, -0.05902361869812012, 1.0973564386367798, 0.005077942740172148, -0.02210027351975441, 0.06266868859529495, 0.10663197934627533, -0.06768175214529037, 1.094299077987671, 1.6521830155425645, 1.0549239261601429, -5.270644673888105, 37187.0, 30874.0, 32782.0, 38426.0, 7.814876556396484, 145.5557861328125, 16.866619110107422, 205.05307006835938, 0.536422848701477, 0.23306167125701904, 0.8420577049255371, 1.0838450193405151, 1.4835948944091797, 1.6171875, 0.49365234375, 39.298126220703125, 1.5146484375
88404, -0.5264836549758911, 0.537409245967865, 0.5824994444847107, 0.0988665372133255, -0.0592447854578495, 1.0974841117858887, 0.00466932775452733, -0.021122867241501808, -0.03711559623479843, 0.10672624409198761, -0.06421572715044022, 1.0934842824935913, 1.0869846744056546, 0.47962028308580784, -6.84601249918515, 37187.0, 30874.0, 32782.0, 38426.0, 7.854546070098877, 145.5557861328125, 16.866619110107422, 205.05307006835938, -0.06790472567081451, -2.327138662338257, 1.914817452430725, 1.0838450193405151, 1.4835948944091797, 1.6171875, 0.49365234375, 39.298126220703125, 1.5908203125
88424, 0.5072283744812012, 0.5557246804237366, -1.1334948539733887, 0.09940985590219498, -0.05988438427448273, 1.0968310832977295, 0.003067903919145465, -0.02214408479630947, 0.08993695676326752, 0.10583163797855377, -0.06440374255180359, 1.0967986583709717, 3.9969549525501065, 0.9595057134584692, -2.2794408159494863, 36809.0, 31255.0, 33461.0, 39144.0, 7.8942155838012695, 22.125585556030273, 8.005257606506348, 300.8323059082031, -1.0640445947647095, -2.7387306690216064, 0.09668238461017609, 1.0838450193405151, 1.4835948944091797, 1.6171875, 1.31982421875, 0.0273590087890625, 1.6142578125
88434, 0.7700302600860596, 0.4001733362674713, 3.955508232116699, 0.09943978488445282, -0.06010648235678673, 1.097316026687622, 0.0026793405413627625, -0.02202405408024788, 0.007056394126266241, 0.10646802932024002, -0.06540375202894211, 1.0948089361190796, 4.995191962385781, 0.1437774481811971, 1.0352232054468355, 36702.0, 31270.0, 33407.0, 39147.0, 7.8942155838012695, -42.608585357666016, -3.3090741634368896, 62.1243896484375, 0.057277388870716095, 1.4298205375671387, 1.5627012252807617, 1.0838450193405151, 1.4835948944091797, 1.6171875, 1.31982421875, 0.0273590087890625, 1.6142578125
88504, 0.5023350119590759, 0.2951708734035492, 4.173007488250732, 0.09998805075883865, -0.06094269081950188, 1.098355770111084, -0.0028910369146615267, -0.015611543320119381, 0.031136993318796158, 0.10656969249248505, -0.06273026764392853, 1.096982717514038, 4.98440920828432, 0.3231640410012062, -4.2580224353239, 36834.0, 31299.0, 33121.0, 39054.0, 7.83471155166626, -61.620548248291016, -16.33205795288086, -179.5875244140625, -1.1587632894515991, -2.6889126300811768, 0.018456997349858284, 1.0838450193405151, 1.4835948944091797, 1.6171875, 1.31982421875, 0.0273590087890625, 1.5322265625
88524, -1.4027408361434937, 0.4157550632953644, 2.593385696411133, 0.10063766688108444, -0.061405908316373825, 1.09751296043396, -0.0026183498557657003, -0.015412925742566586, 0.044500887393951416, 0.10786191374063492, -0.06628670543432236, 1.0945614576339722, 4.265831482301019, 0.40445035830853726, -0.5525638933196462, 37196.0, 31116.0, 32645.0, 38381.0, 7.854546070098877, -177.1106719970703, 16.40978240966797, 15.201437950134277, -0.41845110058784485, 1.2136585712432861, 0.13457578420639038, 1.0838450193405151, 1.4835948944091797, 1.6171875, 1.31982421875, 0.0273590087890625, 1.5615234375
88534, -1.6506733894348145, 0.6684984564781189, 1.9940954446792603, 0.10063766688108444, -0.061405908316373825, 1.09751296043396, -0.0026183498557657003, -0.015412925742566586, 0.044500887393951416, 0.10772240161895752, -0.06724171340465546, 1.0954704284667969, 3.4535687100286157, 0.47500927268345094, -3.993321766611243, 38701.0, 30746.0, 31903.0, 36882.0, 7.854546070098877, -177.1106719970703, 16.40978240966797, 15.201437950134277, 0.7075662612915039, 0.8366478085517883, 0.43891069293022156, 1.0838450193405151, 1.4835948944091797, 1.6171875, 1.31982421875, 0.0273590087890625, 1.553466796875
88544, -1.4557268619537354, 0.40627914667129517, 0.3952980041503906, 0.10056676715612411, -0.06166284158825874, 1.0985010862350464, -0.0043024662882089615, -0.011892259120941162, -0.026927286759018898, 0.10905491560697556, -0.06383634358644485, 1.0941166877746582, -0.3876609460282867, 0.5465297797055086, -5.694580104942145, 38484.0, 30764.0, 32015.0, 37012.0, 7.854546070098877, -177.1106719970703, 16.40978240966797, 15.201437950134277, -0.3432060480117798, -2.326058864593506, 1.6726126670837402, 1.0838450193405151, 1.4835948944091797, 1.6171875, 1.31982421875, 0.0273590087890625, 1.553466796875
88564, 0.06515547633171082, 0.38517892360687256, -1.710573434829712, 0.1004607230424881, -0.06184719130396843, 1.0988500118255615, -0.006489057559520006, -0.008167731575667858, 0.09637954831123352, 0.10843517631292343, -0.06432046741247177, 1.0965275764465332, 4.7241470414021745, 0.6974862519905969, -2.367369487344544, 37568.0, 31055.0, 32423.0, 38030.0, 7.8942155838012695, -3.5533552169799805, -43.622520446777344, -333.4761657714844, 0.19936056435108185, 1.0158631801605225, 1.5235198736190796, 1.0838450193405151, 1.4835948944091797, 1.6171875, 1.31982421875, 0.0273590087890625, 1.599609375
88584, -0.4950079619884491, 0.5216541886329651, -0.36652645468711853, 0.10115395486354828, -0.06309543550014496, 1.098319411277771, -0.004823647905141115, -0.011776589788496494, -0.018224507570266724, 0.10949970036745071, -0.06953037530183792, 1.095088243484497, 3.3690329605276204, 0.9007386007166645, -1.2112209613643894, 37568.0, 31055.0, 32423.0, 38030.0, 7.8942155838012695, -92.06824493408203, -33.20055389404297, -404.1947021484375, 0.6025813221931458, 1.8979787826538086, 1.699446439743042, 1.0838450193405151, 1.4835948944091797, 1.6171875, 2.419921875, 14.339447021484375, 1.576171875
88604, -1.7991210222244263, 0.4229203462600708, -0.36023837327957153, 0.10103248059749603, -0.06328797340393066, 1.098919153213501, -0.00758063280954957, -0.005854909773916006, 0.0901784747838974, 0.10979918390512466, -0.0621364563703537, 1.095217227935791, 5.6339427600397425, 1.0602929370699883, -5.60173803125581, 38642.0, 30765.0, 32189.0, 37079.0, 7.814876556396484, 84.78345489501953, 31.680936813354492, 118.45268249511719, 0.6107750535011292, 1.223839521408081, 0.19238770008087158, 1.0838450193405151, 1.4835948944091797, 1.6171875, 2.419921875, 14.339447021484375, 1.54833984375
88614, -1.7928928136825562, 0.41194775700569153, -0.36059197783470154, 0.10095755010843277, -0.06334859132766724, 1.0992567539215088, -0.007827119901776314, -0.006601440254598856, -0.022646991536021233, 0.11090433597564697, -0.06560015678405762, 1.0973573923110962, 4.755949257997291, 0.8922446137937072, -3.1627257796408235, 38642.0, 30765.0, 32189.0, 37079.0, 7.83471155166626, 84.78345489501953, 31.680936813354492, 118.45268249511719, -0.46684616804122925, -2.0079152584075928, 1.4585238695144653, 1.0838450193405151, 1.4835948944091797, 1.6171875, 2.419921875, 14.339447021484375, 1.54833984375
88644, -0.4398813247680664, 0.4612821340560913, -1.018945336341858, 0.1014937162399292, -0.06389618664979935, 1.0986590385437012, -0.007896248251199722, -0.0042066508904099464, 0.03915863111615181, 0.11329680681228638, -0.0669655054807663, 1.0943692922592163, 3.133930773678247, 0.5908526098328934, -5.864009858251489, 36518.0, 31446.0, 34114.0, 39335.0, 7.814876556396484, 88.23170471191406, 48.16743087768555, 833.3345336914062, 0.23932291567325592, 0.12114401161670685, 1.174386739730835, 1.1133846044540405, 1.3760757446289062, 1.6083984375, 2.419921875, 14.339447021484375, 1.54833984375
88674, -1.4073530435562134, 0.521449089050293, 1.5263844728469849, 0.10211683064699173, -0.06376151740550995, 1.0982950925827026, -0.008070064708590508, 0.000532988109625876, 0.09957636147737503, 0.1145927682518959, -0.07249072939157486, 1.0963847637176514, 2.4955134811499615, 1.4672201994822842, -2.1842750340744543, 38623.0, 30754.0, 33461.0, 37263.0, 7.854546070098877, 47.066471099853516, 25.905418395996094, 44.893550872802734, 0.4801277220249176, 1.4891395568847656, 0.10881078243255615, 1.1133846044540405, 1.3760757446289062, 1.6083984375, 2.419921875, 14.339447021484375, 1.56591796875
88684, -0.637535810470581, 0.4594763517379761, -0.21959391236305237, 0.10203607380390167, -0.0637560561299324, 1.0988057851791382, -0.008292288519442081, 0.00010970398579956964, 0.002566275652498007, 0.115924172103405, -0.06862255930900574, 1.0949245691299438, 0.34008385444466344, 1.3069487337777161, -5.396597560195674, 38649.0, 30774.0, 33630.0, 37047.0, 7.83471155166626, 47.066471099853516, 25.905418395996094, 44.893550872802734, -0.6893947124481201, -1.850792646408081, 1.382448434829712, 1.1133846044540405, 1.3760757446289062, 1.6083984375, 2.419921875, 14.339447021484375, 1.56591796875
88714, 0.5329051613807678, 0.19224724173545837, 2.7538156509399414, 0.10175229609012604, -0.06367556005716324, 1.0998626947402954, -0.010252714157104492, 0.0021793271880596876, 0.06811915338039398, 0.11632207036018372, -0.07287228107452393, 1.0962566137313843, 3.2333053561148923, 1.4861280520537719, 0.26562877936956586, 38649.0, 30774.0, 33630.0, 37047.0, 7.83471155166626, 73.79331970214844, 52.625370025634766, 775.18505859375, 0.30786263942718506, 0.04464415833353996, 0.9147136807441711, 1.1133846044540405, 1.3760757446289062, 1.6083984375, 0.588134765625, 27.344146728515625, 1.550537109375
88734, -0.41864678263664246, 0.21043524146080017, 3.7132837772369385, 0.10266373306512833, -0.06419706344604492, 1.0988938808441162, -0.007966278120875359, 0.00014199201541487128, 0.023106222972273827, 0.1163761243224144, -0.06920213252305984, 1.0972603559494019, 3.7569227556126203, 1.631353242518486, -6.50065605726921, 36774.0, 31292.0, 33868.0, 38613.0, 7.8942155838012695, 25.843658447265625, -32.5365104675293, 168.59877014160156, -0.6773359775543213, 0.09974461793899536, 1.0124047994613647, 1.1133846044540405, 1.3760757446289062, 1.6083984375, 1.42822265625, 0.0726470947265625, 1.550537109375
88764, 1.091668963432312, -0.22294697165489197, -0.5661045908927917, 0.10239921510219574, -0.06414437294006348, 1.1001712083816528, -0.009403030388057232, 0.0036600930616259575, -0.008577760308980942, 0.11739939451217651, -0.07538214325904846, 1.0970507860183716, 2.627868114175659, 1.5281665920651335, -0.46416980668684976, 38282.0, 30941.0, 31617.0, 37110.0, 7.814876556396484, 164.12521362304688, 26.948200225830078, -88.49412536621094, -0.6207454204559326, -1.7003344297409058, 1.3707988262176514, 1.1133846044540405, 1.3760757446289062, 1.6083984375, 0.979248046875, 3.4753265380859375, 1.538818359375
88774, 1.091668963432312, -0.22294697165489197, -0.5661045908927917, 0.10336725413799286, -0.06473808735609055, 1.0990911722183228, -0.006668426562100649, 0.00162660947535187, 0.038550861179828644, 0.11712983250617981, -0.07626006007194519, 1.0974198579788208, 1.7753951704760509, 1.5362173113686026, -2.1956573657393004, 38282.0, 30941.0, 31617.0, 37110.0, 7.814876556396484, 25.721935272216797, 26.094633102416992, 576.3851928710938, -0.6207454204559326, -1.7003344297409058, 1.3707988262176514, 1.1133846044540405, 1.3760757446289062, 1.6083984375, 0.979248046875, 3.4753265380859375, 1.510986328125
88784, 0.5835875272750854, -0.06976484507322311, 0.4224952161312103, 0.10330266505479813, -0.0647326186299324, 1.0995515584945679, -0.006191308610141277, -0.0005075703375041485, 0.053527314215898514, 0.11842837184667587, -0.0727289542555809, 1.0960723161697388, -0.37558821039021983, 1.563582055604087, -5.662854718060237, 38282.0, 30941.0, 31617.0, 37110.0, 7.814876556396484, -134.22174072265625, -50.866600036621094, -710.4295654296875, -0.6207454204559326, -1.7003344297409058, 1.3707988262176514, 1.1133846044540405, 1.3760757446289062, 1.6083984375, 0.979248046875, 3.4753265380859375, 2.205322265625
88814, -0.42341384291648865, -0.05356287956237793, 1.78005850315094, 0.10312134772539139, -0.0647832602262497, 1.0994895696640015, -0.0058066463097929955, -0.0019972987938672304, 0.07237820327281952, 0.11811363697052002, -0.07361570745706558, 1.0969043970108032, 4.090985813437771, 1.0481888135302881, 0.650744355258628, 38282.0, 30941.0, 31617.0, 37110.0, 7.83471155166626, -21.6419620513916, 10.176773071289062, 368.8539733886719, 0.05063633248209953, 2.166351795196533, -0.10850680619478226, 1.1133846044540405, 1.3760757446289062, 1.6083984375, 0.979248046875, 3.4753265380859375, 1.584228515625
88864, 0.5321614742279053, 0.16702347993850708, 2.6676464080810547, 0.10396866500377655, -0.06467918306589127, 1.09931480884552, -0.0021845533046871424, -0.0054269814863801, -0.03024156205356121, 0.11748602241277695, -0.06931664794683456, 1.097436785697937, 4.801667593733453, 1.8877044890937213, -5.838035003653616, 37926.0, 31081.0, 33223.0, 38000.0, 7.83471155166626, -118.70048522949219, -44.46236801147461, -748.4360961914062, 0.16884855926036835, 2.873645782470703, 1.4185935258865356, 1.1133846044540405, 1.3760757446289062, 1.6083984375, 0.979248046875, 3.4753265380859375, 1.584228515625
88874, 0.5274314284324646, 0.15130837261676788, 2.6699206829071045, 0.10396866500377655, -0.06467918306589127, 1.09931480884552, -0.0021845533046871424, -0.0054269814863801, -0.03024156205356121, 0.11798885464668274, -0.07144855707883835, 1.0997101068496704, 4.167059799111909, 1.4260586617428999, -4.471545902529383, 37926.0, 31081.0, 33223.0, 38000.0, 7.83471155166626, -29.60588264465332, -24.367557525634766, 50.23192596435547, 0.16884855926036835, 2.873645782470703, 1.4185935258865356, 1.1133846044540405, 1.3760757446289062, 1.6083984375, 0.979248046875, 3.4753265380859375, 1.530029296875
88884, -0.8722903728485107, 0.3396625220775604, -0.5105072259902954, 0.10396866500377655, -0.06467918306589127, 1.09931480884552, -0.0021845533046871424, -0.0054269814863801, -0.03024156205356121, 0.1184658333659172, -0.07272927463054657, 1.0989731550216675, 3.843369359514823, 1.7613107099584795, -1.5619902771460015, 38237.0, 30730.0, 31868.0, 37667.0, 7.83471155166626, -82.3479995727539, 32.46287536621094, -482.92822265625, 0.16884855926036835, 2.873645782470703, 1.4185935258865356, 1.1133846044540405, 1.3760757446289062, 1.6083984375, 0.979248046875, 3.4753265380859375, 1.530029296875
88894, -0.8722903728485107, 0.3396625220775604, -0.5105072259902954, 0.10396866500377655, -0.06467918306589127, 1.09931480884552, -0.0021845533046871424, -0.0054269814863801, -0.03024156205356121, 0.11902874708175659, -0.0732768252491951, 1.0965354442596436, 1.8350406510031674, 1.6397945066402997, -0.6015164339033693, 38237.0, 30730.0, 31868.0, 37667.0, 7.83471155166626, 113.63531494140625, -36.63965606689453, 51.31829833984375, 0.16884855926036835, 2.873645782470703, 1.4185935258865356, 1.1133846044540405, 1.3760757446289062, 1.6083984375, 0.979248046875, 3.4753265380859375, 1.512451171875
88974, -0.019364360719919205, 0.44377434253692627, 1.121176838874817, 0.10645846277475357, -0.06597144901752472, 1.0985534191131592, 0.0005096407840028405, -0.011693770997226238, -0.04635540768504143, 0.11805397272109985, -0.07154962420463562, 1.1006067991256714, 4.230906357670803, 1.5194209779702987, -2.4048092290460588, 37924.0, 30813.0, 32593.0, 37817.0, 7.83471155166626, 148.8949432373047, 50.23876953125, -100.3092269897461, 0.05297236144542694, -0.6759209036827087, 1.182487964630127, 1.2392250299453735, 1.6179943084716797, 1.628173828125, 0.979248046875, 3.4753265380859375, 1.546142578125
88984, 0.8339471220970154, 0.525313675403595, 0.29659736156463623, 0.10645846277475357, -0.06597144901752472, 1.0985534191131592, 0.0005096407840028405, -0.011693770997226238, -0.04635540768504143, 0.1180732399225235, -0.07197070121765137, 1.0999319553375244, 4.4317314458116295, 1.380879273633468, -0.5376950737033208, 37082.0, 31074.0, 32914.0, 38951.0, 7.8942155838012695, 148.8949432373047, 50.23876953125, -100.3092269897461, 0.05297236144542694, -0.6759209036827087, 1.182487964630127, 1.2392250299453735, 1.6179943084716797, 1.628173828125, 0.979248046875, 3.4753265380859375, 1.546142578125
88994, 0.8339471220970154, 0.525313675403595, 0.29659736156463623, 0.10645846277475357, -0.06597144901752472, 1.0985534191131592, 0.0005096407840028405, -0.011693770997226238, -0.04635540768504143, 0.11875253915786743, -0.07327168434858322, 1.0977985858917236, 4.1174677240375415, 1.0153490565614902, 0.11700739727418105, 36628.0, 31197.0, 33301.0, 39406.0, 7.83471155166626, 148.8949432373047, 50.23876953125, -100.3092269897461, 0.05297236144542694, -0.6759209036827087, 1.182487964630127, 1.2392250299453735, 1.6179943084716797, 1.628173828125, 0.979248046875, 3.4753265380859375, 1.546142578125
89004, 0.1290883719921112, 0.6869382262229919, 1.4219352006912231, 0.10645846277475357, -0.06597144901752472, 1.0985534191131592, 0.0005096407840028405, -0.011693770997226238, -0.04635540768504143, 0.11894998699426651, -0.075675830245018, 1.0983673334121704, 3.0576282072365317, 1.3318994960830537, -0.6804244241715224, 36762.0, 31105.0, 32979.0, 39144.0, 7.83471155166626, -15.33085823059082, 18.666872024536133, 482.90509033203125, 0.05297236144542694, -0.6759209036827087, 1.182487964630127, 1.2392250299453735, 1.6179943084716797, 1.628173828125, 0.979248046875, 3.4753265380859375, 1.546142578125
89014, 0.1290883719921112, 0.6869382262229919, 1.4219352006912231, 0.10645846277475357, -0.06597144901752472, 1.0985534191131592, 0.0005096407840028405, -0.011693770997226238, -0.04635540768504143, 0.11842091381549835, -0.07385937869548798, 1.0990755558013916, 3.3423890177062527, 1.1946765206929228, -3.401792579375376, 36762.0, 31105.0, 32979.0, 39144.0, 7.83471155166626, -96.98284149169922, 2.5316457748413086, -64.83734130859375, 0.05297236144542694, -0.6759209036827087, 1.182487964630127, 1.2392250299453735, 1.6179943084716797, 1.628173828125, 0.979248046875, 3.4753265380859375, 1.563720703125
89064, 0.3976367712020874, 0.5565487742424011, 3.554577589035034, 0.10938448458909988, -0.06793931126594543, 1.098349928855896, -0.0015750114107504487, -0.014326738193631172, 0.07222869247198105, 0.11810753494501114, -0.07098067551851273, 1.0999072790145874, 4.871576113059393, 1.258287699941718, -2.0166770714760975, 36762.0, 31105.0, 32979.0, 39144.0, 7.814876556396484, 96.07002258300781, 53.00076675415039, 83.90618133544922, -0.5805879831314087, -1.8221802711486816, 0.2481074184179306, 1.2392250299453735, 1.6179943084716797, 1.628173828125, 0.979248046875, 3.4753265380859375, 1.529296875
89104, -1.1573350429534912, 0.5758997201919556, 1.4774727821350098, 0.110775887966156, -0.06857665628194809, 1.098507046699524, -0.0021347247529774904, -0.010041551664471626, 0.041846901178359985, 0.11867546290159225, -0.06982558965682983, 1.0980198383331299, 0.9580189115337457, 0.6154369767421883, -7.188198314787197, 36762.0, 31105.0, 32979.0, 39144.0, 7.795042037963867, -20.19380760192871, 20.89458656311035, 467.6222229003906, -0.03933971747756004, 2.2163729667663574, -0.41627711057662964, 1.2392250299453735, 1.6179943084716797, 1.628173828125, 0.979248046875, 3.4753265380859375, 1.529296875
89114, -1.1573350429534912, 0.5758997201919556, 1.4774727821350098, 0.110775887966156, -0.06857665628194809, 1.098507046699524, -0.0021347247529774904, -0.010041551664471626, 0.041846901178359985, 0.11774490773677826, -0.06905491650104523, 1.1006602048873901, 4.992229459552707, 0.8931305263816398, -6.6602364524205555, 38389.0, 30905.0, 31564.0, 37463.0, 7.83471155166626, -20.19380760192871, 20.89458656311035, 467.6222229003906, -0.03933971747756004, 2.2163729667663574, -0.41627711057662964, 1.2392250299453735, 1.6179943084716797, 1.628173828125, 0.979248046875, 3.4753265380859375, 1.529296875
89124, -0.13055244088172913, 0.6857430338859558, -0.9333325028419495, 0.110775887966156, -0.06857665628194809, 1.098507046699524, -0.0021347247529774904, -0.010041551664471626, 0.041846901178359985, 0.11725353449583054, -0.06854577362537384, 1.1008387804031372, 5.628034830787694, 0.7934740811808467, -4.603476975998941, 37385.0, 31278.0, 31802.0, 38615.0, 7.8942155838012695, -61.79383850097656, -28.27052116394043, 91.86410522460938, -0.03933971747756004, 2.2163729667663574, -0.41627711057662964, 1.2392250299453735, 1.6179943084716797, 1.628173828125, 0.979248046875, 3.4753265380859375, 1.529296875
89154, -0.7829799056053162, 0.7447146773338318, 0.10369478911161423, 0.11209855228662491, -0.06998855620622635, 1.0982732772827148, -0.0029194930102676153, -0.00824088603258133, -0.013010581955313683, 0.11832704395055771, -0.07448337227106094, 1.1002233028411865, 3.7354648763719114, 1.20610456665446, -5.082497968732934, 37597.0, 31052.0, 32540.0, 38277.0, 7.874380588531494, -12.349184036254883, 11.86843490600586, 324.08526611328125, 0.09501668065786362, 0.01658160425722599, 2.3187053203582764, 1.2392250299453735, 1.6179943084716797, 1.628173828125, 0.979248046875, 3.4753265380859375, 1.534423828125
89224, -1.6702743768692017, 0.7133230566978455, 3.1989634037017822, 0.11298943310976028, -0.07121901959180832, 1.0995179414749146, -0.008269761689007282, 0.0010205303551629186, -0.027326349169015884, 0.1190776377916336, -0.07551084458827972, 1.0996208190917969, 3.8057782235422133, 1.3634183683690821, -1.528862081036953, 37597.0, 31052.0, 32540.0, 38277.0, 7.854546070098877, -137.29637145996094, 12.982505798339844, -171.474853515625, -0.12326990813016891, 1.4440101385116577, 1.5935657024383545, 1.2392250299453735, 1.6179943084716797, 1.628173828125, 0.979248046875, 3.4753265380859375, 1.5439453125
89244, -1.5169031620025635, 0.7684957981109619, 1.7452269792556763, 0.11277882009744644, -0.07114299386739731, 1.100043535232544, -0.012371729128062725, 0.007465609814971685, 0.0574200265109539, 0.11882147938013077, -0.07608579844236374, 1.1001445055007935, 3.4627617285955763, 1.4925136193891717, -4.394940603296588, 38272.0, 30773.0, 32547.0, 37494.0, 7.854546070098877, 142.62969970703125, 0.33177050948143005, 372.08135986328125, -0.1746116578578949, 2.243812084197998, -0.06154876947402954, 1.2392250299453735, 1.6179943084716797, 1.628173828125, 0.979248046875, 3.4753265380859375, 1.532958984375
89254, -1.5169031620025635, 0.7684957981109619, 1.7452269792556763, 0.11277882009744644, -0.07114299386739731, 1.100043535232544, -0.012371729128062725, 0.007465609814971685, 0.0574200265109539, 0.12010571360588074, -0.07213462889194489, 1.0980408191680908, -0.15879229671059558, 1.001744011257557, -6.621953075272032, 38396.0, 30650.0, 31786.0, 37347.0, 7.83471155166626, 102.03301239013672, 39.9405403137207, -189.84674072265625, -0.1746116578578949, 2.243812084197998, -0.06154876947402954, 1.2392250299453735, 1.6179943084716797, 1.628173828125, 0.979248046875, 3.4753265380859375, 1.532958984375
89264, 0.3608894944190979, 0.6856390833854675, -0.41595083475112915, 0.11277882009744644, -0.07114299386739731, 1.100043535232544, -0.012371729128062725, 0.007465609814971685, 0.0574200265109539, 0.1181691363453865, -0.07064670324325562, 1.098715901374817, 5.145642633412959, 1.6084051126474037, -6.138736723158435, 37461.0, 30937.0, 31871.0, 38412.0, 7.9140496253967285, 102.03301239013672, 39.9405403137207, -189.84674072265625, 0.17520694434642792, 1.0829697847366333, 1.8481656312942505, 1.2392250299453735, 1.6179943084716797, 1.628173828125, 0.979248046875, 3.4753265380859375, 1.532958984375
89324, -0.30432289838790894, 0.787836492061615, -0.2485373616218567, 0.11419827491044998, -0.07069969177246094, 1.1006782054901123, -0.01569381356239319, 0.014332878403365612, -0.012844053097069263, 0.12018032371997833, -0.07416337728500366, 1.0971522331237793, -0.21733041855361798, 0.9005498172804209, -6.727973986103064, 38293.0, 30776.0, 32792.0, 37172.0, 7.83471155166626, 133.26171875, 12.879145622253418, 323.4006042480469, -0.38958728313446045, -2.088451862335205, 1.1443696022033691, 1.2392250299453735, 1.6179943084716797, 1.628173828125, 0.979248046875, 3.4753265380859375, 1.5234375
89334, -0.30432289838790894, 0.787836492061615, -0.2485373616218567, 0.11419827491044998, -0.07069969177246094, 1.1006782054901123, -0.01569381356239319, 0.014332878403365612, -0.012844053097069263, 0.1187073215842247, -0.07368144392967224, 1.0996249914169312, 4.080212428908651, 1.2331346863413728, -5.6353233497063995, 37327.0, 31044.0, 33306.0, 38123.0, 7.874380588531494, 17.732255935668945, -31.855375289916992, -48.92791748046875, 0.08224105089902878, 1.1974208354949951, 1.7746061086654663, 1.2392250299453735, 1.6179943084716797, 1.628173828125, 0.979248046875, 3.4753265380859375, 1.5234375
89344, 0.8135583996772766, 0.5429984331130981, 4.397554874420166, 0.11419827491044998, -0.07069969177246094, 1.1006782054901123, -0.01569381356239319, 0.014332878403365612, -0.012844053097069263, 0.11900414526462555, -0.07560814172029495, 1.0999120473861694, 3.716678751252828, 1.2740187481780936, -3.763264135624868, 36347.0, 31244.0, 34073.0, 39152.0, 7.854546070098877, 17.732255935668945, -31.855375289916992, -48.92791748046875, -1.041669249534607, -2.005391836166382, -0.3090316355228424, 1.2392250299453735, 1.6179943084716797, 1.628173828125, 0.979248046875, 3.4753265380859375, 1.5234375
89364, -0.36036691069602966, 0.5920246839523315, 3.124230146408081, 0.1147812232375145, -0.0711393728852272, 1.1006903648376465, -0.016781501471996307, 0.011459670960903168, -0.04290524497628212, 0.11908228695392609, -0.08129561692476273, 1.0981149673461914, 1.8813389673599288, 1.4373694483876136, -1.3584361515255488, 36937.0, 31135.0, 32786.0, 38535.0, 7.854546070098877, -86.02893829345703, -22.89409828186035, -193.74441528320312, 0.06471715122461319, 0.5070036053657532, 1.3276149034500122, 1.2392250299453735, 1.6179943084716797, 1.628173828125, 0.979248046875, 3.4753265380859375, 1.541748046875
89374, -0.36036691069602966, 0.5920246839523315, 3.124230146408081, 0.11460313200950623, -0.0710252895951271, 1.1005899906158447, -0.018726248294115067, 0.011738150380551815, 0.022821689024567604, 0.11924611032009125, -0.07938385754823685, 1.099066138267517, 2.2378597928451165, 1.3164418211146938, -3.8025763216502213, 36937.0, 31135.0, 32786.0, 38535.0, 7.8942155838012695, -86.02893829345703, -22.89409828186035, -193.74441528320312, 0.06471715122461319, 0.5070036053657532, 1.3276149034500122, 1.2392250299453735, 1.6179943084716797, 1.628173828125, 0.979248046875, 3.4753265380859375, 1.53955078125
89384, -0.7759494185447693, 0.7626205682754517, 2.3991849422454834, 0.11438784003257751, -0.07089117914438248, 1.1011202335357666, -0.0205752644687891, 0.013029326684772968, 0.07357148081064224, 0.11925549805164337, -0.07941903918981552, 1.099674105644226, 2.2419601257594857, 1.6040099462671833, -4.352710844026743, 36937.0, 31135.0, 32786.0, 38535.0, 7.814876556396484, 102.55977630615234, 21.084869384765625, 255.40911865234375, 0.06471715122461319, 0.5070036053657532, 1.3276149034500122, 1.2392250299453735, 1.6179943084716797, 1.628173828125, 0.979248046875, 3.4753265380859375, 1.53955078125
89474, 0.5774834156036377, 0.35353735089302063, 0.61501544713974, 0.11456293612718582, -0.07052542269229889, 1.1010583639144897, -0.02107084169983864, 0.0057900287210941315, -0.01999703422188759, 0.11973985284566879, -0.0795171856880188, 1.0985759496688843, 2.4436365874030908, 1.7182489848507316, -4.824972025003858, 38236.0, 30968.0, 31413.0, 37606.0, 7.874380588531494, 75.43550109863281, 16.040056228637695, -201.17416381835938, -0.540083646774292, -1.7933331727981567, 1.2864643335342407, 1.1755191087722778, 0.6592788696289062, 1.5498046875, 0.979248046875, 3.4753265380859375, 1.53076171875
89494, 1.6684396266937256, 0.2571866810321808, 3.977233409881592, 0.1141270101070404, -0.07046375423669815, 1.1017464399337769, -0.021885689347982407, 0.00021950557129457593, 0.03358879312872887, 0.11929076164960861, -0.0733170136809349, 1.0986413955688477, 4.048857312842357, 1.5911731645980467, -6.076942839734139, 36205.0, 31467.0, 33113.0, 39439.0, 7.874380588531494, -144.4630889892578, -61.42848205566406, -712.929443359375, -0.36559155583381653, -1.9312824010849, 0.06265295296907425, 1.1755191087722778, 0.6592788696289062, 1.5498046875, 0.979248046875, 3.4753265380859375, 1.505859375
89514, 0.301037460565567, 0.3847614824771881, 2.12091326713562, 0.11470293253660202, -0.07041806727647781, 1.1010873317718506, -0.020181313157081604, -0.003167505841702223, 0.006821159739047289, 0.12030281126499176, -0.07667424529790878, 1.0979714393615723, 4.518524879582323, 0.777437024711304, -1.152490583548337, 36729.0, 31098.0, 32405.0, 38832.0, 7.874380588531494, 16.16301155090332, -53.818756103515625, 57.20408248901367, -0.36559155583381653, -1.9312824010849, 0.06265295296907425, 1.1755191087722778, 0.6592788696289062, 1.5498046875, 0.979248046875, 3.4753265380859375, 1.5498046875
89524, -0.26971784234046936, 0.6493087410926819, 1.8609145879745483, 0.11470293253660202, -0.07041806727647781, 1.1010873317718506, -0.020181313157081604, -0.003167505841702223, 0.006821159739047289, 0.12043525278568268, -0.07792564481496811, 1.0963892936706543, 3.167849901352263, 1.0442461493026656, -0.4003573079069446, 36729.0, 31098.0, 32405.0, 38832.0, 7.874380588531494, 16.16301155090332, -53.818756103515625, 57.20408248901367, 0.35107702016830444, 1.6805161237716675, -0.28619474172592163, 1.1755191087722778, 0.6592788696289062, 1.5498046875, 0.979248046875, 3.4753265380859375, 1.549072265625
89574, 0.6418327689170837, 0.5981596112251282, -0.028793815523386, 0.11458723247051239, -0.07165412604808807, 1.1017062664031982, -0.021230772137641907, -0.011610045097768307, -0.04431368038058281, 0.12004894763231277, -0.07476747035980225, 1.098344087600708, 3.947678926147697, 1.4763827441016417, -3.670168289302237, 36334.0, 31328.0, 34012.0, 39243.0, 7.854546070098877, -139.28550720214844, -60.214290618896484, -772.8626708984375, 0.4025278687477112, 2.8007893562316895, 1.1996095180511475, 1.1755191087722778, 0.6592788696289062, 1.5498046875, 0.979248046875, 3.4753265380859375, 1.547607421875
89584, 0.019404467195272446, 0.6142822504043579, 2.6035001277923584, 0.11458723247051239, -0.07165412604808807, 1.1017062664031982, -0.021230772137641907, -0.011610045097768307, -0.04431368038058281, 0.12059327960014343, -0.07628289610147476, 1.096390962600708, 4.29618868513886, 0.8498976309168711, -0.3984315751053256, 37637.0, 30806.0, 33191.0, 38016.0, 7.9140496253967285, 14.244817733764648, -30.13003921508789, 118.73410034179688, 0.4025278687477112, 2.8007893562316895, 1.1996095180511475, 1.1755191087722778, 0.6592788696289062, 1.5498046875, 0.979248046875, 3.4753265380859375, 1.547607421875
89614, -0.10075486451387405, 0.633918046951294, 0.46986374258995056, 0.11388492584228516, -0.0720255970954895, 1.1020258665084839, -0.024845484644174576, -0.01268483605235815, -0.027176840230822563, 0.12161356955766678, -0.07375295460224152, 1.0955581665039062, -1.1506000261722813, 1.4281968821764508, -6.786436259637693, 38612.0, 30688.0, 32367.0, 37083.0, 7.795042037963867, 110.34915924072266, 9.237584114074707, -194.28146362304688, -0.21605606377124786, -0.993320882320404, 1.334599494934082, 1.1755191087722778, 0.6592788696289062, 1.5498046875, 0.979248046875, 3.4753265380859375, 1.546142578125
89624, 0.8091508150100708, 0.35488423705101013, -0.6521956324577332, 0.11467941105365753, -0.07294923812150955, 1.1011196374893188, -0.023846358060836792, -0.013801202178001404, 0.04322481527924538, 0.12022964656352997, -0.0723649263381958, 1.0978161096572876, 4.041345163709411, 1.2957657344764186, -6.690336101036162, 38612.0, 30688.0, 32367.0, 37083.0, 7.83471155166626, 44.73564529418945, 45.676570892333984, 757.3433837890625, -0.21605606377124786, -0.993320882320404, 1.334599494934082, 1.1755191087722778, 0.6592788696289062, 1.5498046875, 0.979248046875, 3.4753265380859375, 1.546142578125
89674, -1.7614758014678955, 0.5668737888336182, -0.20991797745227814, 0.11471673101186752, -0.07358596473932266, 1.1011687517166138, -0.024265198037028313, -0.01353500783443451, -0.01710234396159649, 0.12038957327604294, -0.07599897682666779, 1.0960780382156372, 2.8789348190539235, 1.0067051520777852, -4.738370002686719, 38612.0, 30688.0, 32367.0, 37083.0, 7.814876556396484, -133.90328979492188, -57.28087615966797, -804.4359130859375, 0.08841682970523834, 2.095571756362915, -0.5570828914642334, 1.1755191087722778, 0.6592788696289062, 1.5498046875, 0.979248046875, 3.4753265380859375, 1.541015625
89704, 0.0644790381193161, 0.29806026816368103, 1.6913995742797852, 0.11421366780996323, -0.07381095737218857, 1.1006790399551392, -0.026141129434108734, -0.009981698356568813, 0.03389158099889755, 0.12016774713993073, -0.07034343481063843, 1.0970566272735596, 4.725729314945192, 1.2754365650840214, -6.362496063060442, 38612.0, 30688.0, 32367.0, 37083.0, 7.814876556396484, -133.90328979492188, -57.28087615966797, -804.4359130859375, -0.39912188053131104, -1.3296141624450684, 0.3456907570362091, 1.1238608360290527, 1.0355968475341797, 1.58056640625, 0.979248046875, 3.4753265380859375, 1.531494140625
89714, -0.2651793360710144, 0.39449653029441833, 0.9905964732170105, 0.11421366780996323, -0.07381095737218857, 1.1006790399551392, -0.026141129434108734, -0.009981698356568813, 0.03389158099889755, 0.11944938451051712, -0.06913676857948303, 1.0957224369049072, 5.675905552724246, 1.1092802544560527, -4.873640677330112, 37032.0, 31402.0, 33057.0, 38828.0, 7.83471155166626, -133.90328979492188, -57.28087615966797, -804.4359130859375, -0.39912188053131104, -1.3296141624450684, 0.3456907570362091, 1.1238608360290527, 1.0355968475341797, 1.58056640625, 0.979248046875, 3.4753265380859375, 1.531494140625
89724, -0.8730404376983643, 0.3833311200141907, 2.4691131114959717, 0.11421366780996323, -0.07381095737218857, 1.1006790399551392, -0.026141129434108734, -0.009981698356568813, 0.03389158099889755, 0.11991911381483078, -0.07157936692237854, 1.0968137979507446, 5.139310283013817, 1.0192198103457883, -3.5120994173740936, 37805.0, 31013.0, 32960.0, 38074.0, 7.83471155166626, -22.62848472595215, -24.637060165405273, 30.891870498657227, -0.2383699268102646, -0.5736111998558044, 2.2529215812683105, 1.1238608360290527, 1.0355968475341797, 1.58056640625, 0.979248046875, 3.4753265380859375, 1.531494140625
89734, -1.819223403930664, 0.39230555295944214, 2.6304028034210205, 0.11464869230985641, -0.07437272369861603, 1.1006324291229248, -0.0248566921800375, -0.006010008510202169, 0.07973014563322067, 0.1199205070734024, -0.07281360775232315, 1.0968527793884277, 4.891560008804499, 1.2070287437981904, -1.4965200377515018, 37805.0, 31013.0, 32960.0, 38074.0, 7.795042037963867, -85.9570541381836, 37.845054626464844, -507.1956481933594, 0.0611828938126564, 2.2046384811401367, -0.4187713861465454, 1.1238608360290527, 1.0355968475341797, 1.58056640625, 0.979248046875, 3.4753265380859375, 1.5263671875
89744, -2.2445695400238037, 0.4737074375152588, -0.38635772466659546, 0.11439872533082962, -0.0744275376200676, 1.1011075973510742, -0.025042090564966202, -0.005427863448858261, 0.015299788676202297, 0.12083123624324799, -0.07366876304149628, 1.0941541194915771, 2.6980108983641085, 1.3968602197922166, -1.8330517573351195, 37805.0, 31013.0, 32960.0, 38074.0, 7.795042037963867, 111.16358184814453, -25.835052490234375, 42.70943069458008, 0.1337628960609436, -0.48939621448516846, 1.1376210451126099, 1.1238608360290527, 1.0355968475341797, 1.58056640625, 0.979248046875, 3.4753265380859375, 1.5439453125
89804, -1.7999043464660645, 0.44422605633735657, 2.3515982627868652, 0.11441033333539963, -0.07570655643939972, 1.1011126041412354, -0.025001809000968933, 0.0010812152177095413, 0.07528576254844666, 0.12099795788526535, -0.07342687249183655, 1.0946099758148193, 5.540535880927652, 1.0692151301934132, -0.9795502396554225, 38104.0, 30958.0, 32607.0, 37500.0, 7.83471155166626, -18.270179748535156, 1.7447232007980347, 441.39141845703125, -0.10871114581823349, 2.45686411857605, -0.3678574562072754, 1.1571835279464722, 1.6448745727539062, 1.63037109375, 0.556640625, 30.97845458984375, 1.535888671875
89814, -2.21563720703125, 0.6073080897331238, -0.3475414216518402, 0.11415841430425644, -0.07568921148777008, 1.1015851497650146, -0.02520337514579296, 0.001993977464735508, 0.019220393151044846, 0.12100288271903992, -0.07646825909614563, 1.0954569578170776, 3.5070401716054866, 1.6720320606978873, -3.328700615920252, 38104.0, 30958.0, 32607.0, 37500.0, 7.83471155166626, -18.270179748535156, 1.7447232007980347, 441.39141845703125, 0.10481677949428558, -0.6651656627655029, 1.1690163612365723, 1.1571835279464722, 1.6448745727539062, 1.63037109375, 0.556640625, 30.97845458984375, 1.535888671875
89824, -1.2585716247558594, 0.563540518283844, 0.6872331500053406, 0.11390458047389984, -0.07566254585981369, 1.1014604568481445, -0.025656070560216904, 0.004391049034893513, -0.0441182516515255, 0.1210189089179039, -0.07532139867544174, 1.0958638191223145, 4.0658988229427715, 1.7389335305260545, -5.164527032998701, 38104.0, 30958.0, 32607.0, 37500.0, 7.854546070098877, -18.270179748535156, 1.7447232007980347, 441.39141845703125, 0.10481677949428558, -0.6651656627655029, 1.1690163612365723, 1.1571835279464722, 1.6448745727539062, 1.63037109375, 0.556640625, 30.97845458984375, 1.535888671875
89894, -1.1234766244888306, 0.560145378112793, 1.0947734117507935, 0.11521093547344208, -0.0759076401591301, 1.100579023361206, -0.023603936657309532, 0.01229625940322876, -0.03709341958165169, 0.12069656699895859, -0.07650326937437057, 1.0953658819198608, 3.5822982266358876, 1.7698263230975613, -5.1375101479523995, 37477.0, 31101.0, 33199.0, 38319.0, 7.814876556396484, -80.25626373291016, 2.9596760272979736, -59.54868698120117, 0.4132184684276581, -2.3324549198150635, 1.6475398540496826, 1.1751679182052612, 1.5015144348144531, 1.61865234375, 0.556640625, 30.97845458984375, 1.529296875
89954, -1.49773108959198, 0.5332192778587341, 0.3350357115268707, 0.115264892578125, -0.07481595128774643, 1.1006187200546265, -0.024438200518488884, 0.017394935712218285, 0.04318081587553024, 0.11980900168418884, -0.079538494348526, 1.095765233039856, 2.732275195092776, 1.400194785266308, -2.1427510970826944, 37336.0, 31242.0, 32486.0, 38356.0, 7.83471155166626, 143.9901580810547, -0.710451602935791, 326.9022521972656, -0.24177248775959015, 2.333761215209961, -0.10039478540420532, 1.1751679182052612, 1.5015144348144531, 1.61865234375, 0.556640625, 30.97845458984375, 1.56005859375
89964, -0.8876017928123474, 0.37563616037368774, 0.9087195992469788, 0.115264892578125, -0.07481595128774643, 1.1006187200546265, -0.024438200518488884, 0.017394935712218285, 0.04318081587553024, 0.12019725143909454, -0.0780797228217125, 1.0950735807418823, 2.820392288014716, 1.6150643910547444, -5.255945243960985, 38274.0, 30963.0, 32321.0, 37379.0, 7.83471155166626, 122.06845092773438, 41.61620330810547, -87.6431655883789, -0.24177248775959015, 2.333761215209961, -0.10039478540420532, 1.1751679182052612, 1.5015144348144531, 1.61865234375, 0.556640625, 30.97845458984375, 1.517578125
89974, 0.11682698130607605, 0.2086302936077118, 0.3332187533378601, 0.115264892578125, -0.07481595128774643, 1.1006187200546265, -0.024438200518488884, 0.017394935712218285, 0.04318081587553024, 0.11963091790676117, -0.07375416159629822, 1.0958577394485474, 3.843773194808415, 1.36604336383769, -7.1876088770012325, 37323.0, 31273.0, 32590.0, 38467.0, 7.83471155166626, -53.17613220214844, -44.56425476074219, 10.97148609161377, -0.24177248775959015, 2.333761215209961, -0.10039478540420532, 1.1751679182052612, 1.5015144348144531, 1.61865234375, 0.556640625, 30.97845458984375, 1.5380859375
89984, 0.7164499759674072, 0.2437727004289627, -0.20239020884037018, 0.115264892578125, -0.07481595128774643, 1.1006187200546265, -0.024438200518488884, 0.017394935712218285, 0.04318081587553024, 0.11930585652589798, -0.0737733542919159, 1.096192479133606, 4.304412352225448, 1.2154069202763367, -5.57400846105978, 37323.0, 31273.0, 32590.0, 38467.0, 7.83471155166626, 15.226001739501953, 21.197694778442383, 262.8798522949219, -0.24177248775959015, 2.333761215209961, -0.10039478540420532, 1.1751679182052612, 1.5015144348144531, 1.61865234375, 0.556640625, 30.97845458984375, 1.5263671875
89994, 0.8283048868179321, 0.09713272005319595, 4.080905437469482, 0.115264892578125, -0.07481595128774643, 1.1006187200546265, -0.024438200518488884, 0.017394935712218285, 0.04318081587553024, 0.11945287883281708, -0.07560665160417557, 1.096280574798584, 4.044149871261889, 1.4505977893237514, -2.5714281624020323, 36530.0, 31443.0, 32839.0, 39349.0, 7.814876556396484, 15.226001739501953, 21.197694778442383, 262.8798522949219, -0.24177248775959015, 2.333761215209961, -0.10039478540420532, 1.1751679182052612, 1.5015144348144531, 1.61865234375, 0.556640625, 30.97845458984375, 1.5263671875
90034, -0.4781191945075989, 0.30074718594551086, 0.6698101758956909, 0.11493564397096634, -0.07406619936227798, 1.099648118019104, -0.024128323420882225, 0.018603144213557243, -0.04138648509979248, 0.11939742416143417, -0.07484440505504608, 1.0959672927856445, 4.059882207926318, 1.4621308988749036, -5.5094873190395415, 36530.0, 31443.0, 32839.0, 39349.0, 7.83471155166626, 104.75424194335938, 31.514930725097656, -122.62796783447266, -0.0022784979082643986, -2.2590856552124023, 1.2596806287765503, 1.1751679182052612, 1.5015144348144531, 1.61865234375, 0.6064453125, 25.381103515625, 1.513916015625
90054, 1.4053312540054321, 0.2507142126560211, -0.38483768701553345, 0.11581195145845413, -0.07399609684944153, 1.098734974861145, -0.022030707448720932, 0.015323051251471043, 0.06502778083086014, 0.11982820928096771, -0.08137649297714233, 1.0935237407684326, 1.6956006337118648, 2.256854886664769, -1.6396301681840197, 36530.0, 31443.0, 32839.0, 39349.0, 7.795042037963867, -6.843466758728027, -48.75577163696289, -30.412363052368164, -1.0264643430709839, -2.2463572025299072, -0.22137059271335602, 1.1751679182052612, 1.5015144348144531, 1.61865234375, 1.657470703125, 0.5576019287109375, 1.53955078125
90064, 1.482475996017456, 0.22140349447727203, 4.292427062988281, 0.11559117585420609, -0.07384540885686874, 1.0989985466003418, -0.022209947928786278, 0.014954500831663609, -0.01230777520686388, 0.12036572396755219, -0.07967110723257065, 1.095344066619873, 2.3587510354754007, 2.4067894120316566, -4.475073863553414, 36530.0, 31443.0, 32839.0, 39349.0, 7.795042037963867, -65.14017486572266, -24.52484130859375, -116.7689208984375, 0.14870618283748627, 0.22020253539085388, 1.31607985496521, 1.1751679182052612, 1.5015144348144531, 1.61865234375, 2.49169921875, 19.171463012695312, 1.53955078125
90074, 0.5843847393989563, 0.4683644473552704, 0.30647948384284973, 0.11536848545074463, -0.07370392233133316, 1.098693609237671, -0.022326571866869926, 0.012829908169806004, -0.04863458871841431, 0.11916417628526688, -0.07346580922603607, 1.0934048891067505, 4.373628327711789, 2.281937441630049, -6.242567205387625, 37137.0, 31080.0, 32372.0, 38929.0, 7.83471155166626, -113.28990173339844, 15.78042984008789, -146.59967041015625, 0.4885030686855316, 1.1240066289901733, 2.2399232387542725, 1.1751679182052612, 1.5015144348144531, 1.61865234375, 2.49169921875, 19.171463012695312, 1.53955078125
90084, 0.0038135340437293053, 0.3661383390426636, 1.7236144542694092, 0.11513817310333252, -0.07358451187610626, 1.098584771156311, -0.023617403581738472, 0.011777662672102451, 0.02686639502644539, 0.11988332122564316, -0.07637405395507812, 1.094419240951538, 3.5560774228699192, 1.985599224386391, -2.339629140492568, 37998.0, 30824.0, 32347.0, 38187.0, 7.9140496253967285, -113.28990173339844, 15.78042984008789, -146.59967041015625, -0.4158029556274414, 1.627363920211792, 0.22150985896587372, 1.1751679182052612, 1.5015144348144531, 1.61865234375, 2.49169921875, 19.171463012695312, 1.53955078125
90094, -0.42290934920310974, 0.6985583901405334, 0.8616272211074829, 0.11513817310333252, -0.07358451187610626, 1.098584771156311, -0.023617403581738472, 0.011777662672102451, 0.02686639502644539, 0.12015989422798157, -0.0779043436050415, 1.0921977758407593, 1.0764506319150935, 1.8429192001104582, -1.0551468390877614, 38517.0, 30655.0, 32208.0, 37634.0, 7.9140496253967285, 129.2310028076172, 18.23827362060547, 339.62066650390625, -0.4158029556274414, 1.627363920211792, 0.22150985896587372, 1.1751679182052612, 1.5015144348144531, 1.61865234375, 2.49169921875, 19.171463012695312, 1.535888671875
90104, -0.14007984101772308, 0.48007768392562866, 0.44136419892311096, 0.11513817310333252, -0.07358451187610626, 1.098584771156311, -0.023617403581738472, 0.011777662672102451, 0.02686639502644539, 0.11965911835432053, -0.08093734085559845, 1.0942989587783813, 2.2481485077319436, 1.9527282867410065, -2.2472586930090954, 38396.0, 30647.0, 32667.0, 37625.0, 7.9140496253967285, 84.52338409423828, 26.211275100708008, -173.8358917236328, -0.4158029556274414, 1.627363920211792, 0.22150985896587372, 1.1751679182052612, 1.5015144348144531, 1.61865234375, 2.49169921875, 19.171463012695312, 1.535888671875
90114, 0.8175266981124878, 0.48162564635276794, 0.13755404949188232, 0.11513817310333252, -0.07358451187610626, 1.098584771156311, -0.023617403581738472, 0.011777662672102451, 0.02686639502644539, 0.11966169625520706, -0.07914305478334427, 1.0935568809509277, 2.245632823879837, 1.588634596593721, -3.8981503109440743, 38396.0, 30647.0, 32667.0, 37625.0, 7.9140496253967285, -6.020893573760986, -42.69287109375, -56.23973846435547, -0.4158029556274414, 1.627363920211792, 0.22150985896587372, 1.1751679182052612, 1.5015144348144531, 1.61865234375, 2.49169921875, 19.171463012695312, 1.5234375
90214, 0.6609695553779602, 0.627162516117096, -0.06829924881458282, 0.11622769385576248, -0.07275030016899109, 1.0980058908462524, -0.02375989779829979, -0.0030607753433287144, -0.02675052359700203, 0.11863860487937927, -0.07845385372638702, 1.0930402278900146, 2.3144664765963716, 1.6002713387366043, -3.8396592311001716, 37080.0, 31029.0, 32891.0, 38762.0, 7.814876556396484, -162.83831787109375, 14.807767868041992, -4.862381458282471, 0.23011894524097443, 0.46670955419540405, 1.1937617063522339, 1.2103807926177979, 1.3402347564697266, 1.60546875, 2.49169921875, 19.171463012695312, 1.531494140625
90334, 0.4160042405128479, 0.2405441552400589, -1.4550418853759766, 0.11547833681106567, -0.07347678393125534, 1.0992881059646606, -0.02754397690296173, -0.0073409536853432655, 0.03531873971223831, 0.11875378340482712, -0.07253005355596542, 1.0898252725601196, -0.8324303567065362, 1.6261259781854562, -6.705187886794004, 36726.0, 31390.0, 33184.0, 38804.0, 7.874380588531494, 4.7394914627075195, -41.907142639160156, -313.57037353515625, 0.11174816638231277, -0.09039130061864853, 2.136974811553955, 1.1897412538528442, 0.9191169738769531, 1.571044921875, 1.0634765625, 1.780426025390625, 1.531494140625
90354, -0.25154709815979004, 0.47138264775276184, -0.37718290090560913, 0.11634065210819244, -0.07390447705984116, 1.099090814590454, -0.02397875115275383, -0.005253559909760952, -0.029205815866589546, 0.11737465858459473, -0.07107177376747131, 1.0921735763549805, 4.592533649552294, 1.6907515732621334, -6.11056416726024, 36726.0, 31390.0, 33184.0, 38804.0, 7.874380588531494, -136.19973754882812, 2.9251933097839355, 314.0886535644531, 0.11174816638231277, -0.09039130061864853, 2.136974811553955, 1.1897412538528442, 0.9191169738769531, 1.571044921875, 1.0634765625, 1.780426025390625, 1.5556640625
90424, -0.42943018674850464, 0.7038251161575317, 0.019565673545002937, 0.11573293805122375, -0.07530448585748672, 1.0995069742202759, -0.02673625759780407, -0.0020844275131821632, -0.02007809653878212, 0.11799784749746323, -0.07139819860458374, 1.0891708135604858, 0.15254362834250154, 1.4489020107887711, -6.704988170814295, 36537.0, 31181.0, 33897.0, 39158.0, 7.83471155166626, 27.464370727539062, 34.15188217163086, -90.50545501708984, 0.23962362110614777, 2.819683074951172, 1.3731518983840942, 1.1897412538528442, 0.9191169738769531, 1.571044921875, 1.0634765625, 1.780426025390625, 1.53662109375
90454, -2.018336534500122, 0.7394953370094299, -0.22445745766162872, 0.11484871804714203, -0.07527831196784973, 1.100770115852356, -0.031236430630087852, 0.002493262756615877, 0.006135179661214352, 0.11667228490114212, -0.07345190644264221, 1.090739130973816, 6.145508302314716, 1.0570610028672434, -1.029850737483927, 36537.0, 31181.0, 33897.0, 39158.0, 7.83471155166626, 69.0523681640625, -18.56584358215332, -60.97417449951172, 0.05403846502304077, 2.3015799522399902, -0.37737277150154114, 1.1897412538528442, 0.9191169738769531, 1.571044921875, 1.0634765625, 1.780426025390625, 1.5380859375
90464, -1.0095255374908447, 0.7573095560073853, 0.6845347881317139, 0.11484871804714203, -0.07527831196784973, 1.100770115852356, -0.031236430630087852, 0.002493262756615877, 0.006135179661214352, 0.11678207665681839, -0.07497954368591309, 1.0903000831604004, 4.186802320059294, 1.6149248195488894, -1.333401431374479, 36537.0, 31181.0, 33897.0, 39158.0, 7.83471155166626, 158.00047302246094, 27.228635787963867, -148.32164001464844, 0.05403846502304077, 2.3015799522399902, -0.37737277150154114, 1.1897412538528442, 0.9191169738769531, 1.571044921875, 1.0634765625, 1.780426025390625, 1.553466796875
90524, -2.015659809112549, 0.6604492664337158, -0.47230350971221924, 0.11520226299762726, -0.0752519890666008, 1.099637508392334, -0.03202621266245842, 0.009343935176730156, 0.013356693089008331, 0.11542846262454987, -0.07276984304189682, 1.0912315845489502, 4.788559149727959, 1.6032198389985979, -2.578832277331918, 36537.0, 31181.0, 33897.0, 39158.0, 7.795042037963867, -139.834716796875, -48.122310638427734, -751.1201171875, 0.010643103159964085, -0.989953875541687, 1.1414177417755127, 1.1649885177612305, 1.0266361236572266, 1.579833984375, 1.716064453125, 0.7117919921875, 1.55126953125
90534, -0.9788310527801514, 0.6132156252861023, 1.0520325899124146, 0.11487869173288345, -0.07514816522598267, 1.0995748043060303, -0.03280312940478325, 0.012115796096622944, -0.025852877646684647, 0.11502756178379059, -0.07818034291267395, 1.0907495021820068, 3.108637746290011, 1.6542305821190837, -2.278275619621894, 36537.0, 31181.0, 33897.0, 39158.0, 7.83471155166626, 181.76612854003906, 58.260440826416016, -100.6024398803711, 0.3779681921005249, -1.9711049795150757, 1.903487205505371, 1.1649885177612305, 1.0266361236572266, 1.579833984375, 1.716064453125, 0.7117919921875, 1.55126953125
90574, -0.41552767157554626, 0.44943249225616455, 2.1773736476898193, 0.11522836983203888, -0.07546883076429367, 1.09852135181427, -0.031263887882232666, 0.010335497558116913, -0.035929951816797256, 0.11403525620698929, -0.07551196217536926, 1.0904407501220703, 4.542974656896374, 1.0583566048447892, -0.9844540367410164, 37569.0, 31049.0, 32465.0, 38256.0, 7.83471155166626, -57.4247932434082, 0.404634565114975, -28.281965255737305, -0.08217611163854599, 2.0850603580474854, 1.5719791650772095, 1.1649885177612305, 1.0266361236572266, 1.579833984375, 2.18701171875, 5.103790283203125, 1.55126953125
90594, -1.6483709812164307, 0.5563060641288757, -0.40518876910209656, 0.11424430459737778, -0.0751245990395546, 1.0991432666778564, -0.03386523947119713, 0.012859745882451534, 0.019496778026223183, 0.11409527063369751, -0.07791420072317123, 1.09278404712677, 2.8055160360215847, 1.8438035050339465, -4.304837660461316, 38284.0, 30930.0, 31896.0, 37652.0, 7.83471155166626, 140.34561157226562, -13.61806583404541, 289.408447265625, -0.2473716139793396, 2.5367887020111084, -0.25489652156829834, 1.1649885177612305, 1.0266361236572266, 1.579833984375, 2.18701171875, 5.103790283203125, 1.55712890625
90614, 0.5309778451919556, 0.16943058371543884, 0.10509935021400452, 0.11476483941078186, -0.07556357979774475, 1.0973601341247559, -0.03217470273375511, 0.013900738209486008, -1.1034850103897043e-05, 0.11334934085607529, -0.07516112178564072, 1.0929275751113892, 3.8801449687463436, 1.4353885512755085, -4.623660347279547, 37062.0, 31089.0, 32536.0, 38850.0, 7.874380588531494, -78.14239501953125, -39.687538146972656, 142.94593811035156, 0.34634557366371155, -2.2699925899505615, 1.6135356426239014, 1.1649885177612305, 1.0266361236572266, 1.579833984375, 2.18701171875, 5.103790283203125, 1.55712890625
90644, -0.0227331705391407, 0.4633268117904663, 1.5952603816986084, 0.11377906799316406, -0.0751909539103508, 1.0974299907684326, -0.03361547738313675, 0.011346746236085892, -0.030362682417035103, 0.11446166038513184, -0.07465387135744095, 1.090781807899475, -0.8662417849282198, 1.2522557393848501, -6.651121327697047, 37062.0, 31089.0, 32536.0, 38850.0, 7.854546070098877, 7.969722270965576, 9.389817237854004, 408.2219543457031, 0.14207276701927185, -0.23955583572387695, 2.295470714569092, 1.1649885177612305, 1.0266361236572266, 1.579833984375, 2.161376953125, 4.529266357421875, 1.556396484375
90674, -0.3060569167137146, 0.5349913835525513, 1.408090591430664, 0.11379043757915497, -0.0744190663099289, 1.09666907787323, -0.03318337723612785, 0.015531281009316444, -0.0424027144908905, 0.11339813470840454, -0.08099819719791412, 1.0924713611602783, 2.232704670147439, 2.075363968524556, -1.248329846152365, 38254.0, 30697.0, 32459.0, 37853.0, 7.83471155166626, 142.47926330566406, 52.25975036621094, -135.53651428222656, 0.29667964577674866, -2.3620591163635254, 1.5108507871627808, 1.1649885177612305, 1.0266361236572266, 1.579833984375, 2.161376953125, 4.529266357421875, 1.556396484375
90694, 1.1319748163223267, 0.4944087564945221, 0.5119072198867798, 0.11310547590255737, -0.07411838322877884, 1.0966843366622925, -0.035400498658418655, 0.012493998743593693, 0.06748715043067932, 0.11413975805044174, -0.07586682587862015, 1.092018485069275, -0.5589017442040851, 1.904513316758198, -6.13470907339435, 38254.0, 30697.0, 32459.0, 37853.0, 7.83471155166626, -18.13228416442871, 15.736546516418457, 21.84505271911621, 0.5174201130867004, 0.942223072052002, 1.0422687530517578, 1.1649885177612305, 1.0266361236572266, 1.579833984375, 2.161376953125, 4.529266357421875, 1.534423828125
90714, 0.4423939287662506, 0.5699836015701294, 1.4712533950805664, 0.11239274591207504, -0.07387792319059372, 1.0965303182601929, -0.0362619124352932, 0.01058034785091877, -0.02952728047966957, 0.11191234737634659, -0.07297281920909882, 1.0925805568695068, 4.611813047915687, 2.272408676928137, -6.112029318366608, 38254.0, 30697.0, 32459.0, 37853.0, 7.8942155838012695, -105.83830261230469, 16.1262149810791, -133.3960418701172, 0.5174201130867004, 0.942223072052002, 1.0422687530517578, 1.1649885177612305, 1.0266361236572266, 1.579833984375, 2.161376953125, 4.529266357421875, 1.534423828125
90744, -0.006918661296367645, 0.5585830807685852, 1.1373730897903442, 0.11266684532165527, -0.07318959385156631, 1.095738410949707, -0.03553535044193268, 0.012684540823101997, -0.04709437116980553, 0.11299198865890503, -0.07677657902240753, 1.0918434858322144, 1.6363382035187173, 1.7766145112152003, -0.6593830500956963, 38254.0, 30697.0, 32459.0, 37853.0, 7.8942155838012695, 146.5091552734375, 7.972684383392334, 331.3236389160156, 0.10646495968103409, -2.4044008255004883, 1.6688380241394043, 1.1649885177612305, 1.0266361236572266, 1.579833984375, 2.161376953125, 4.529266357421875, 1.522705078125
90784, 0.6262593865394592, 0.5193691849708557, 1.3429707288742065, 0.11262074112892151, -0.07340175658464432, 1.0945278406143188, -0.03500606119632721, 0.004369077738374472, -0.021838178858160973, 0.11178110539913177, -0.07346352189779282, 1.0947366952896118, 3.81187525347823, 2.0446728316702547, -6.840150821977858, 37479.0, 30956.0, 32596.0, 38821.0, 7.874380588531494, -134.2913360595703, 28.694002151489258, -145.4484405517578, 0.026667973026633263, 1.5147510766983032, 1.610886812210083, 1.1649885177612305, 1.0266361236572266, 1.579833984375, 2.161376953125, 4.529266357421875, 1.522705078125
90794, -0.2964955270290375, 0.404226690530777, 2.1077449321746826, 0.11226274073123932, -0.07336810976266861, 1.094720721244812, -0.036456406116485596, 0.0036696763709187508, 0.06042947992682457, 0.11120755970478058, -0.07477764785289764, 1.0947318077087402, 4.043877512160616, 1.6771937828151238, -4.434718222169436, 37479.0, 30956.0, 32596.0, 38821.0, 7.854546070098877, -85.71207427978516, -12.392071723937988, -417.5995178222656, 0.026667973026633263, 1.5147510766983032, 1.610886812210083, 1.1649885177612305, 1.0266361236572266, 1.579833984375, 2.161376953125, 4.529266357421875, 1.53955078125
90804, -0.7606982588768005, 0.5640659928321838, 0.05444945767521858, 0.11189540475606918, -0.07332953065633774, 1.0952177047729492, -0.03696978837251663, 0.0038924110122025013, 0.038964007049798965, 0.1115705817937851, -0.07510868459939957, 1.0945085287094116, 3.8747366844814497, 2.08696969009452, -2.8098285095996003, 37479.0, 30956.0, 32596.0, 38821.0, 7.814876556396484, -85.71207427978516, -12.392071723937988, -417.5995178222656, 0.026667973026633263, 1.5147510766983032, 1.610886812210083, 1.1649885177612305, 1.0266361236572266, 1.579833984375, 2.161376953125, 4.529266357421875, 1.607666015625
90824, 1.066570520401001, 0.12982133030891418, 0.33558163046836853, 0.11114625632762909, -0.07323795557022095, 1.0949532985687256, -0.038181427866220474, 0.004213371314108372, 0.00403235387057066, 0.11166150867938995, -0.07615833729505539, 1.0925219058990479, 1.389584408497223, 1.924860797384241, -1.1392190673233298, 38344.0, 30926.0, 32578.0, 37850.0, 7.854546070098877, -56.95125198364258, -32.04179382324219, 6.361943244934082, 0.026667973026633263, 1.5147510766983032, 1.610886812210083, 1.1649885177612305, 1.0266361236572266, 1.579833984375, 2.161376953125, 4.529266357421875, 1.51318359375
90834, 1.2640211582183838, 0.24957872927188873, 0.0870622918009758, 0.1121339201927185, -0.07370028644800186, 1.0943219661712646, -0.035152360796928406, -0.0005652668769471347, 0.07725106924772263, 0.11103358119726181, -0.07892051339149475, 1.0944266319274902, 2.2745569363978313, 1.9696470776096078, -3.1131450158165137, 38344.0, 30926.0, 32578.0, 37850.0, 7.854546070098877, -9.696261405944824, 9.168259620666504, 144.99034118652344, 0.026667973026633263, 1.5147510766983032, 1.610886812210083, 1.1649885177612305, 1.0266361236572266, 1.579833984375, 2.161376953125, 4.529266357421875, 1.5615234375
90894, 0.5748649835586548, -0.06699157506227493, 0.5734627842903137, 0.11111897230148315, -0.0734395906329155, 1.094308853149414, -0.03447661176323891, -0.00012163160863565281, 0.026687443256378174, 0.10948281735181808, -0.07160558551549911, 1.0952340364456177, 4.747376684485938, 1.780279641605631, -5.273283406622207, 38344.0, 30926.0, 32578.0, 37850.0, 7.8942155838012695, -26.58841323852539, 4.708535671234131, 178.56874084472656, 0.6190022230148315, 0.8971186280250549, 0.7349060773849487, 1.1649885177612305, 1.0266361236572266, 1.579833984375, 2.161376953125, 4.529266357421875, 1.55126953125
90914, 0.8325488567352295, 0.03527724742889404, 3.5134592056274414, 0.11042919009923935, -0.07346972823143005, 1.0955044031143188, -0.03491884097456932, -0.001907228259369731, 0.013745038770139217, 0.1099962517619133, -0.07415573298931122, 1.0940006971359253, 4.068123854295872, 1.4878038852324664, -2.2106950049749936, 36830.0, 31461.0, 33175.0, 39283.0, 7.83471155166626, -26.58841323852539, 4.708535671234131, 178.56874084472656, -0.9907758831977844, -2.6317317485809326, 0.09828400611877441, 1.1649885177612305, 1.0266361236572266, 1.579833984375, 2.161376953125, 4.529266357421875, 1.55126953125
90924, 0.04229167848825455, 0.17828243970870972, 0.8415461182594299, 0.11008013784885406, -0.07349608838558197, 1.09565269947052, -0.03500828146934509, -0.003336215391755104, 0.01593519188463688, 0.10977479815483093, -0.07533521950244904, 1.0938078165054321, 4.805581118102623, 1.156026664414128, -0.7807704585532707, 36830.0, 31461.0, 33175.0, 39283.0, 7.8942155838012695, -26.58841323852539, 4.708535671234131, 178.56874084472656, -0.9907758831977844, -2.6317317485809326, 0.09828400611877441, 1.1649885177612305, 1.0266361236572266, 1.579833984375, 2.161376953125, 4.529266357421875, 1.55126953125
90934, -1.219113826751709, 0.08857522159814835, 2.457254648208618, 0.11008013784885406, -0.07349608838558197, 1.09565269947052, -0.03500828146934509, -0.003336215391755104, 0.01593519188463688, 0.10997530072927475, -0.07613358646631241, 1.0936329364776611, 3.8400497658329793, 1.445175159496415, -0.9847182069306865, 38388.0, 30899.0, 32201.0, 37438.0, 7.814876556396484, -26.58841323852539, 4.708535671234131, 178.56874084472656, -0.9907758831977844, -2.6317317485809326, 0.09828400611877441, 1.1649885177612305, 1.0266361236572266, 1.579833984375, 2.161376953125, 4.529266357421875, 1.55126953125
90944, -1.4678099155426025, 0.3697497844696045, 0.7939678430557251, 0.11008013784885406, -0.07349608838558197, 1.09565269947052, -0.03500828146934509, -0.003336215391755104, 0.01593519188463688, 0.10957110673189163, -0.07887258380651474, 1.094051718711853, 3.0019994921995603, 1.8508425446458148, -1.8113334908073788, 38802.0, 30750.0, 31856.0, 36917.0, 7.814876556396484, -26.58841323852539, 4.708535671234131, 178.56874084472656, -0.9907758831977844, -2.6317317485809326, 0.09828400611877441, 1.1649885177612305, 1.0266361236572266, 1.579833984375, 2.161376953125, 4.529266357421875, 1.55126953125
91014, -1.719530463218689, 0.553626298904419, 1.1926848888397217, 0.10932526737451553, -0.07424763590097427, 1.096726655960083, -0.032615240663290024, 0.0040788473561406136, 0.06446124613285065, 0.10796361416578293, -0.07251694798469543, 1.095921277999878, 4.847302957196846, 1.2927102723594146, -4.25545799330287, 38802.0, 30750.0, 31856.0, 36917.0, 7.814876556396484, -46.540931701660156, -49.82484436035156, -187.1402587890625, 0.7591391205787659, 0.6118179559707642, 0.5678005814552307, 1.1649885177612305, 1.0266361236572266, 1.579833984375, 2.161376953125, 4.529266357421875, 1.56591796875
91044, 0.05812280625104904, 0.4603501260280609, -1.2298672199249268, 0.10957466065883636, -0.07515764981508255, 1.096121907234192, -0.0316123329102993, 0.004874234087765217, 0.08751547336578369, 0.10824110358953476, -0.07482150197029114, 1.0937033891677856, 4.735948614268391, 1.0677837108862036, -1.1135263625735208, 37527.0, 30869.0, 32381.0, 38428.0, 7.814876556396484, -20.561180114746094, -53.364933013916016, -272.504150390625, 0.3473728597164154, 1.1473357677459717, 1.2673370838165283, 1.1649885177612305, 1.0266361236572266, 1.579833984375, 2.161376953125, 4.529266357421875, 1.56591796875
91064, -0.4749774634838104, 0.5988112092018127, 0.3022864758968353, 0.1089339554309845, -0.07505915313959122, 1.0965840816497803, -0.03255366533994675, 0.00448071351274848, -0.010964233428239822, 0.10807807743549347, -0.07822439819574356, 1.094231128692627, 3.115580578166457, 1.7078366933928635, -2.350206775735459, 37359.0, 30909.0, 32535.0, 38553.0, 7.83471155166626, -167.2765655517578, 17.467958450317383, 51.090728759765625, 0.06666730344295502, 0.9262164831161499, 1.4484283924102783, 1.1649885177612305, 1.0266361236572266, 1.579833984375, 2.161376953125, 4.529266357421875, 1.56591796875
91074, -1.5320976972579956, 0.4340289235115051, 2.5453341007232666, 0.1089339554309845, -0.07505915313959122, 1.0965840816497803, -0.03255366533994675, 0.00448071351274848, -0.010964233428239822, 0.10796132683753967, -0.07692785561084747, 1.0951489210128784, 2.8170081922260146, 1.5437793850272783, -4.079696542075515, 37359.0, 30909.0, 32535.0, 38553.0, 7.83471155166626, 5.175367832183838, -51.94001007080078, -136.65353393554688, 0.06666730344295502, 0.9262164831161499, 1.4484283924102783, 1.1649885177612305, 1.0266361236572266, 1.579833984375, 2.161376953125, 4.529266357421875, 1.5673828125
91084, -1.7176724672317505, 0.7666533589363098, 1.5054295063018799, 0.10825325548648834, -0.07492321729660034, 1.0973715782165527, -0.035492390394210815, 0.01042398065328598, 0.0816541463136673, 0.10800874978303909, -0.07713895291090012, 1.0949532985687256, 2.7713327450835483, 1.5030496060639393, -5.623163522915343, 37359.0, 30909.0, 32535.0, 38553.0, 7.795042037963867, 5.175367832183838, -51.94001007080078, -136.65353393554688, 0.7233851552009583, 0.854899525642395, 0.32628023624420166, 1.1649885177612305, 1.0266361236572266, 1.579833984375, 2.161376953125, 4.529266357421875, 1.5673828125
91154, -1.5660511255264282, 0.8085393905639648, 1.9314346313476562, 0.10828366130590439, -0.07432549446821213, 1.0973122119903564, -0.03666607290506363, 0.01792815700173378, 0.09382937103509903, 0.10669863224029541, -0.0784611701965332, 1.0936592817306519, 2.497780611759334, 1.7699655787549773, -2.191622522895391, 38169.0, 30679.0, 32174.0, 37677.0, 7.814876556396484, 58.20442581176758, 15.91478443145752, -81.62264251708984, 0.7049834728240967, 1.0835545063018799, 0.25753793120384216, 1.1649885177612305, 1.0266361236572266, 1.579833984375, 2.161376953125, 4.529266357421875, 1.581298828125
91164, -1.3908404111862183, 0.5542504191398621, 0.6052382588386536, 0.10828366130590439, -0.07432549446821213, 1.0973122119903564, -0.03666607290506363, 0.01792815700173378, 0.09382937103509903, 0.10652719438076019, -0.07684609293937683, 1.0953497886657715, 3.304518047557984, 1.5308929137950997, -4.260875728101507, 38497.0, 30599.0, 31773.0, 37151.0, 7.814876556396484, 58.20442581176758, 15.91478443145752, -81.62264251708984, -0.5237877368927002, -2.025059461593628, 1.4003504514694214, 1.1649885177612305, 1.0266361236572266, 1.579833984375, 2.161376953125, 4.529266357421875, 1.581298828125
91174, -0.4715549647808075, 0.5584158301353455, 0.4566957652568817, 0.10828366130590439, -0.07432549446821213, 1.0973122119903564, -0.03666607290506363, 0.01792815700173378, 0.09382937103509903, 0.10618198662996292, -0.0747111439704895, 1.0943299531936646, 3.076899943169762, 1.2593277752333165, -6.6302454550424335, 37563.0, 30916.0, 32117.0, 38102.0, 7.814876556396484, 67.37860870361328, -24.763288497924805, -241.03073120117188, -0.5237877368927002, -2.025059461593628, 1.4003504514694214, 1.1649885177612305, 1.0266361236572266, 1.579833984375, 2.161376953125, 4.529266357421875, 1.5615234375
91184, 0.45939144492149353, 0.44999194145202637, -1.1022526025772095, 0.10715024918317795, -0.07373899221420288, 1.0982189178466797, -0.039869774132966995, 0.02069498598575592, 0.09800447523593903, 0.10525105148553848, -0.07085084170103073, 1.0940457582473755, 5.1699152791291185, 1.6959665723955766, -6.086531044447378, 36629.0, 31149.0, 32847.0, 39087.0, 7.8942155838012695, 67.37860870361328, -24.763288497924805, -241.03073120117188, -0.5237877368927002, -2.025059461593628, 1.4003504514694214, 1.1649885177612305, 1.0266361236572266, 1.579833984375, 2.161376953125, 4.529266357421875, 1.5615234375
91204, -0.26369959115982056, 0.5969193577766418, -0.09628231078386307, 0.10783755034208298, -0.07438522577285767, 1.0976253747940063, -0.03668111562728882, 0.01659489795565605, -0.022065764293074608, 0.10576730221509933, -0.07492264360189438, 1.094033122062683, 5.015109108978345, 0.8826919762012722, -1.1206508496196272, 36629.0, 31149.0, 32847.0, 39087.0, 7.83471155166626, -100.19752502441406, 11.861530303955078, 194.68624877929688, 0.25642329454421997, 0.1266835629940033, 1.1258950233459473, 1.1649885177612305, 1.0266361236572266, 1.579833984375, 2.43896484375, 15.510009765625, 1.5615234375
91244, -0.2391737401485443, 0.4484591484069824, 0.5635595321655273, 0.10627148300409317, -0.07360978424549103, 1.098502278327942, -0.04101191833615303, 0.022222494706511497, -0.009484455920755863, 0.10456173121929169, -0.07287956774234772, 1.0952941179275513, 4.289667123750282, 1.2773891598486387, -5.730883988241716, 37602.0, 30961.0, 32352.0, 38127.0, 7.8942155838012695, 37.73577880859375, 31.598621368408203, 10.119001388549805, 0.13298119604587555, -0.030821597203612328, 2.2757139205932617, 1.1649885177612305, 1.0266361236572266, 1.579833984375, 1.8310546875, 1.0913543701171875, 1.540283203125
91254, 0.9309875965118408, 0.2068430483341217, -0.9105080366134644, 0.10711199790239334, -0.0743769034743309, 1.0976933240890503, -0.038836970925331116, 0.018698014318943024, 0.07209727168083191, 0.104733906686306, -0.074663907289505, 1.0954660177230835, 3.971615774477766, 1.4556427493394324, -2.897576635088566, 37602.0, 30961.0, 32352.0, 38127.0, 7.8942155838012695, 37.73577880859375, 31.598621368408203, 10.119001388549805, -0.588506817817688, -1.818441390991211, -0.1357174515724182, 1.1649885177612305, 1.0266361236572266, 1.579833984375, 0.64013671875, 22.04180908203125, 1.53662109375
91264, 0.9813736081123352, 0.2162720113992691, 4.101583957672119, 0.10672244429588318, -0.07419488579034805, 1.0982301235198975, -0.039137933403253555, 0.01778494566679001, 0.03526325151324272, 0.10511691868305206, -0.07574574649333954, 1.092725157737732, 2.0035670844912725, 1.1745323187154213, -0.8836421461807058, 37602.0, 30961.0, 32352.0, 38127.0, 7.83471155166626, 37.73577880859375, 31.598621368408203, 10.119001388549805, 0.25064903497695923, -0.30014798045158386, 0.9660957455635071, 1.1649885177612305, 1.0266361236572266, 1.579833984375, 0.64013671875, 22.04180908203125, 1.53662109375
91304, -0.9724507927894592, 0.27336135506629944, -0.04771827161312103, 0.10613837093114853, -0.07341381907463074, 1.0981991291046143, -0.03903903812170029, 0.017489245161414146, -0.011238569393754005, 0.10395514219999313, -0.0738198310136795, 1.0953242778778076, 3.9812986295154884, 1.1843982764932832, -5.740794280716733, 38392.0, 30778.0, 31924.0, 37527.0, 7.814876556396484, -7.867161273956299, 34.448768615722656, -147.34205627441406, -0.5227724313735962, -1.6788007020950317, 1.3543933629989624, 1.1649885177612305, 1.0266361236572266, 1.579833984375, 1.922607421875, 1.555755615234375, 1.557861328125
91314, 0.06795483827590942, 0.3389236629009247, 0.7379559278488159, 0.10574573278427124, -0.07323090732097626, 1.0980684757232666, -0.039509352296590805, 0.019156580790877342, -0.014852588064968586, 0.10420633852481842, -0.07503993064165115, 1.0946346521377563, 3.70231570070121, 1.5162051087619375, -3.4541668798735783, 37667.0, 30888.0, 32391.0, 38112.0, 7.854546070098877, -7.867161273956299, 34.448768615722656, -147.34205627441406, 0.20755870640277863, -0.4381633400917053, 2.348698616027832, 1.1649885177612305, 1.0266361236572266, 1.579833984375, 1.922607421875, 1.555755615234375, 1.557861328125
91324, 1.3054102659225464, 0.060611240565776825, -0.7352752685546875, 0.10574573278427124, -0.07323090732097626, 1.0980684757232666, -0.039509352296590805, 0.019156580790877342, -0.014852588064968586, 0.10434336960315704, -0.07656410336494446, 1.0928195714950562, 1.216190427734999, 1.4027938622115812, -0.5693894504502061, 36609.0, 31150.0, 32934.0, 39261.0, 7.874380588531494, -7.867161273956299, 34.448768615722656, -147.34205627441406, -0.03624987602233887, -1.6736422777175903, -0.00994767528027296, 1.1649885177612305, 1.0266361236572266, 1.579833984375, 1.922607421875, 1.555755615234375, 1.517578125
91334, 1.334261178970337, 0.13129355013370514, 3.643488645553589, 0.10494251549243927, -0.07287804037332535, 1.098934531211853, -0.04029078036546707, 0.015384959056973457, 0.05081690475344658, 0.10402125865221024, -0.07845990359783173, 1.0950456857681274, 2.45757511715856, 1.5715928644462451, -3.8054560738911376, 36262.0, 31386.0, 33168.0, 39531.0, 7.814876556396484, -149.6016387939453, -54.40934371948242, -828.223388671875, 0.28682592511177063, -0.39016419649124146, 0.7168371677398682, 1.1649885177612305, 1.0266361236572266, 1.579833984375, 1.922607421875, 1.555755615234375, 1.517578125
91344, 0.5451034307479858, 0.2804030478000641, -0.16115526854991913, 0.10453953593969345, -0.07272626459598541, 1.0990408658981323, -0.04021677374839783, 0.01389793585985899, -0.029511768370866776, 0.10320146381855011, -0.07327932119369507, 1.094093680381775, 4.153948706562235, 1.7800470027589483, -7.456747918880547, 36777.0, 31138.0, 32447.0, 38920.0, 7.854546070098877, -38.62527084350586, 14.080605506896973, 422.2699890136719, 0.3909152150154114, 2.8529915809631348, 1.4167325496673584, 1.1649885177612305, 1.0266361236572266, 1.579833984375, 1.922607421875, 1.555755615234375, 1.517578125
91364, -0.4592413604259491, 0.3753414750099182, 2.294452428817749, 0.10479520261287689, -0.07258713245391846, 1.098391056060791, -0.039070677012205124, 0.013125806115567684, 0.10108815133571625, 0.10371992737054825, -0.07607270777225494, 1.09378981590271, 4.119497105449814, 0.9194338531892186, -0.40464643432669206, 36777.0, 31138.0, 32447.0, 38920.0, 7.795042037963867, 6.594964981079102, -34.9625244140625, 102.14757537841797, 0.17506489157676697, 1.9651660919189453, -0.31588640809059143, 1.1649885177612305, 1.0266361236572266, 1.579833984375, 1.922607421875, 1.555755615234375, 1.538818359375
91374, -0.8815758228302002, 0.22466830909252167, -0.24974742531776428, 0.10440468043088913, -0.07245607674121857, 1.0988849401474, -0.03936605900526047, 0.012342534959316254, -0.0022935117594897747, 0.10388539731502533, -0.07908541709184647, 1.0951173305511475, 1.5814943480800654, 1.5120667172019466, -2.812625843757954, 38517.0, 30700.0, 32124.0, 37187.0, 7.83471155166626, 91.28782653808594, -31.389549255371094, -2.0761666297912598, -0.48241549730300903, -1.2669552564620972, 1.3988196849822998, 1.1649885177612305, 1.0266361236572266, 1.579833984375, 1.922607421875, 1.555755615234375, 1.538818359375
91394, 1.2493430376052856, -0.04502330720424652, -0.7248477935791016, 0.10360749065876007, -0.07219014316797256, 1.0990989208221436, -0.04020889475941658, 0.011639409698545933, 0.07589487731456757, 0.10490422695875168, -0.07391436398029327, 1.0928418636322021, -0.42081958198717906, 1.0699821889661507, -7.390799674619396, 36728.0, 31144.0, 33125.0, 39029.0, 7.8942155838012695, 142.26193237304688, 32.6806526184082, -180.5769500732422, 0.1961405873298645, -0.8100648522377014, 2.357710599899292, 1.1649885177612305, 1.0266361236572266, 1.579833984375, 1.922607421875, 1.555755615234375, 1.538818359375
91404, 1.215733528137207, 0.04631146416068077, 3.09643816947937, 0.10360749065876007, -0.07219014316797256, 1.0990989208221436, -0.04020889475941658, 0.011639409698545933, 0.07589487731456757, 0.103887639939785, -0.073378786444664, 1.0952924489974976, 3.405404778646491, 1.6674855510945576, -7.423618986777807, 36359.0, 31356.0, 33447.0, 39307.0, 7.795042037963867, -127.13043212890625, -47.10516357421875, -826.3848876953125, 0.1961405873298645, -0.8100648522377014, 2.357710599899292, 1.1649885177612305, 1.0266361236572266, 1.579833984375, 1.922607421875, 1.555755615234375, 1.538818359375
91424, 0.10313773900270462, 0.1830603927373886, 2.488370656967163, 0.1035836935043335, -0.07302670925855637, 1.0986511707305908, -0.037421274930238724, 0.004757892806082964, 0.005501234903931618, 0.10382090508937836, -0.07421917468309402, 1.096152901649475, 3.758271110808678, 1.7532517192908585, -3.1960501080823356, 37584.0, 30913.0, 32822.0, 38109.0, 7.83471155166626, -29.81532859802246, -22.384279251098633, 37.72769546508789, 0.1864454597234726, 2.7702136039733887, 1.2835980653762817, 1.1649885177612305, 1.0266361236572266, 1.579833984375, 1.922607421875, 1.555755615234375, 1.552734375
91464, 1.001177430152893, -0.10728765279054642, -0.4099879562854767, 0.10303758829832077, -0.07335274666547775, 1.0985171794891357, -0.03625534474849701, 0.003994152881205082, 0.0561528280377388, 0.10464490950107574, -0.07315701246261597, 1.0951218605041504, 3.057609819461445, 1.3648180747186132, -7.4220986177497315, 37835.0, 30878.0, 32640.0, 37840.0, 7.854546070098877, -80.55716705322266, 44.299808502197266, -420.7876892089844, 0.5551519393920898, -0.9616269469261169, 0.12886019051074982, 1.1649885177612305, 1.0266361236572266, 1.579833984375, 1.922607421875, 1.555755615234375, 1.52197265625
91474, 0.985365092754364, -0.018981918692588806, 2.045734405517578, 0.1026758924126625, -0.07332134991884232, 1.0990768671035767, -0.03604409843683243, 0.0022983041126281023, 0.055788613855838776, 0.10302481800317764, -0.07070506364107132, 1.0948796272277832, 4.764097504852311, 1.7432657652821888, -6.0041073275800745, 37835.0, 30878.0, 32640.0, 37840.0, 7.854546070098877, -80.55716705322266, 44.299808502197266, -420.7876892089844, -0.14803996682167053, -1.1049822568893433, 0.30901944637298584, 1.1649885177612305, 1.0266361236572266, 1.579833984375, 1.922607421875, 1.555755615234375, 1.538818359375
91494, 0.04512200132012367, 0.12813659012317657, 2.4179527759552, 0.10195590555667877, -0.07329018414020538, 1.0989810228347778, -0.03607097268104553, 0.0005092155188322067, -0.004529258236289024, 0.10410195589065552, -0.07500088214874268, 1.094144582748413, 3.518685395898037, 1.3694352911960834, -0.3178686149274273, 37835.0, 30878.0, 32640.0, 37840.0, 7.854546070098877, -71.3386459350586, -13.942432403564453, -73.23785400390625, 0.12129350751638412, 2.432386875152588, 1.3762391805648804, 1.1649885177612305, 1.0266361236572266, 1.579833984375, 1.922607421875, 1.555755615234375, 1.538818359375
91534, 0.47609975934028625, -0.21174852550029755, -0.20741450786590576, 0.1015908345580101, -0.07303933799266815, 1.0983515977859497, -0.0339779257774353, 0.00394864659756422, 0.03933411464095116, 0.10245802998542786, -0.06915531307458878, 1.0951508283615112, 5.019237614551585, 1.9800857037878643, -6.286256833773535, 37228.0, 31247.0, 33106.0, 38854.0, 7.874380588531494, 131.01304626464844, -21.407543182373047, 48.95417785644531, 0.7219318747520447, -0.33987927436828613, 0.14700280129909515, 1.1649885177612305, 1.0266361236572266, 1.579833984375, 1.922607421875, 1.555755615234375, 1.582763671875
91554, 0.31431519985198975, -0.044542670249938965, 1.4237117767333984, 0.10091715306043625, -0.07297418266534805, 1.0988539457321167, -0.033523645251989365, 0.002749017672613263, -0.03977715224027634, 0.10329021513462067, -0.07305026054382324, 1.0952253341674805, 4.71406001831505, 1.1674722887323412, -0.5595245397218649, 36842.0, 31468.0, 33686.0, 39250.0, 7.83471155166626, 131.01304626464844, -21.407543182373047, 48.95417785644531, -0.026145296171307564, 2.383291482925415, 1.460705280303955, 1.1649885177612305, 1.0266361236572266, 1.579833984375, 1.922607421875, 1.555755615234375, 1.5322265625
91594, -0.7136501669883728, 0.06425218284130096, 0.45314961671829224, 0.10079541802406311, -0.07356154173612595, 1.097687005996704, -0.030858812853693962, 0.0060013653710484505, -0.05762834846973419, 0.1019657775759697, -0.06864968687295914, 1.095668077468872, 5.04781467628638, 2.01727121974443, -6.584985152431736, 38359.0, 30876.0, 32579.0, 37783.0, 7.854546070098877, -89.45719909667969, 25.943477630615234, -461.6197204589844, 0.03320793807506561, -2.1206061840057373, 2.1814393997192383, 1.1649885177612305, 1.0266361236572266, 1.579833984375, 1.922607421875, 1.555755615234375, 1.55712890625
91634, -0.4773007929325104, 0.0210138950496912, 1.9921385049819946, 0.10099637508392334, -0.07450461387634277, 1.0973079204559326, -0.02743692509829998, 0.003536181291565299, -0.020230146124958992, 0.10244351625442505, -0.07455889135599136, 1.096494197845459, 2.678302156118455, 1.7706748064813098, -3.8380229268345167, 37703.0, 31049.0, 33098.0, 38391.0, 7.854546070098877, -10.847280502319336, 12.523148536682129, 399.3553161621094, -0.0291264858096838, -0.07330916076898575, 2.319079875946045, 1.1649885177612305, 1.0266361236572266, 1.579833984375, 1.922607421875, 1.555755615234375, 1.55712890625
91654, -1.9523088932037354, 0.1503412127494812, 0.057776421308517456, 0.10099637508392334, -0.07450461387634277, 1.0973079204559326, -0.02743692509829998, 0.003536181291565299, -0.020230146124958992, 0.1025436595082283, -0.07048018276691437, 1.0950971841812134, 3.903471068823802, 1.058195521304782, -7.152614249407791, 38884.0, 30745.0, 32061.0, 37002.0, 7.874380588531494, 153.75469970703125, -7.896865367889404, 174.10610961914062, -0.10790833085775375, 2.227348804473877, -0.43217164278030396, 1.1649885177612305, 1.0266361236572266, 1.579833984375, 1.922607421875, 1.555755615234375, 1.55712890625
91664, -0.9181194305419922, 0.07021928578615189, 0.6201707720756531, 0.10099637508392334, -0.07450461387634277, 1.0973079204559326, -0.02743692509829998, 0.003536181291565299, -0.020230146124958992, 0.10097689926624298, -0.06800272315740585, 1.0954519510269165, 5.393764369618836, 1.7937209636166642, -5.780182637135959, 38254.0, 30792.0, 32576.0, 37544.0, 7.83471155166626, 153.75469970703125, -7.896865367889404, 174.10610961914062, -0.10790833085775375, 2.227348804473877, -0.43217164278030396, 1.1649885177612305, 1.0266361236572266, 1.579833984375, 1.922607421875, 1.555755615234375, 1.55712890625
91684, 0.03165556862950325, 0.04016944020986557, 0.04794241115450859, 0.10035108029842377, -0.07444465905427933, 1.0975968837738037, -0.024652238935232162, 0.010491103865206242, 0.07604759186506271, 0.10184283554553986, -0.07180577516555786, 1.095297932624817, 5.775498159580114, 1.2019462186235899, -1.0850760458294677, 36769.0, 31362.0, 33661.0, 39214.0, 7.83471155166626, -27.7167911529541, -9.780055046081543, -110.38465881347656, 0.7586973309516907, 0.6233363747596741, 0.4049333930015564, 1.1649885177612305, 1.0266361236572266, 1.579833984375, 1.922607421875, 1.555755615234375, 1.55712890625
91694, 0.09303534030914307, -0.06119266897439957, 2.4147467613220215, 0.10010457038879395, -0.07433973997831345, 1.0978542566299438, -0.024855803698301315, 0.01059831865131855, -0.024582792073488235, 0.10209985077381134, -0.07547627389431, 1.0951271057128906, 3.1640050591261653, 1.6938970150843886, -1.419520940745491, 36769.0, 31362.0, 33661.0, 39214.0, 7.83471155166626, -27.7167911529541, -9.780055046081543, -110.38465881347656, -0.12846916913986206, 1.971020221710205, 1.6244391202926636, 1.1649885177612305, 1.0266361236572266, 1.579833984375, 1.922607421875, 1.555755615234375, 1.51171875
91714, -1.6189262866973877, 0.08619052916765213, 2.4235737323760986, 0.10055001080036163, -0.07413084805011749, 1.0972052812576294, -0.02275141514837742, 0.013456043787300587, 0.061115410178899765, 0.10149771720170975, -0.07413896173238754, 1.0960146188735962, 3.518730395190811, 2.165073253937777, -4.939718180165579, 36769.0, 31362.0, 33661.0, 39214.0, 7.83471155166626, -79.69547271728516, -0.8432775735855103, -414.13946533203125, -0.1590103656053543, 2.1189706325531006, -0.293792188167572, 1.1649885177612305, 1.0266361236572266, 1.579833984375, 1.922607421875, 1.555755615234375, 1.53369140625
91744, -0.016367314383387566, -0.0003139073960483074, -0.04921744018793106, 0.09986032545566559, -0.07364755868911743, 1.097339153289795, -0.023389767855405807, 0.01879522018134594, 0.007476210128515959, 0.10052813589572906, -0.07126952707767487, 1.0965780019760132, 4.301543639894055, 1.7942571918220267, -4.577658477092913, 36769.0, 31362.0, 33661.0, 39214.0, 7.874380588531494, -57.47250747680664, -42.26237106323242, 10.901382446289062, 0.12869232892990112, -2.4368460178375244, 1.8938231468200684, 1.1649885177612305, 1.0266361236572266, 1.579833984375, 1.922607421875, 1.555755615234375, 1.59814453125
91754, 0.1628139466047287, 0.25126194953918457, -0.4970207214355469, 0.09962642937898636, -0.07345936447381973, 1.0977805852890015, -0.02371307462453842, 0.018618039786815643, 0.08080410212278366, 0.10072596371173859, -0.07092072814702988, 1.0953478813171387, 4.592425388057502, 1.671710817295434, -2.696460183966015, 36769.0, 31362.0, 33661.0, 39214.0, 7.814876556396484, -57.47250747680664, -42.26237106323242, 10.901382446289062, 0.12869232892990112, -2.4368460178375244, 1.8938231468200684, 1.1649885177612305, 1.0266361236572266, 1.579833984375, 1.922607421875, 1.555755615234375, 1.59814453125
91764, 0.3121613562107086, 0.06406203657388687, 2.9680144786834717, 0.09962642937898636, -0.07345936447381973, 1.0977805852890015, -0.02371307462453842, 0.018618039786815643, 0.08080410212278366, 0.10085365921258926, -0.07206587493419647, 1.0958439111709595, 6.079800753457348, 0.9978607033604305, -1.455090165816036, 36769.0, 31362.0, 33661.0, 39214.0, 7.814876556396484, -57.47250747680664, -42.26237106323242, 10.901382446289062, 0.12869232892990112, -2.4368460178375244, 1.8938231468200684, 1.1649885177612305, 1.0266361236572266, 1.579833984375, 1.922607421875, 1.555755615234375, 1.51611328125
91784, -1.3657788038253784, 0.21411320567131042, 2.537785291671753, 0.10015566647052765, -0.07372178882360458, 1.0975017547607422, -0.022041089832782745, 0.018834305927157402, 0.07815743237733841, 0.10029559582471848, -0.07509145140647888, 1.0959299802780151, 2.6250829395428936, 1.7826188240443344, -3.511102732183019, 38408.0, 30766.0, 32417.0, 37613.0, 7.83471155166626, -57.47250747680664, -42.26237106323242, 10.901382446289062, 0.2538430988788605, 0.33142974972724915, 2.289508819580078, 1.1649885177612305, 1.0266361236572266, 1.579833984375, 1.922607421875, 1.555755615234375, 1.51611328125
91794, -1.6995229721069336, 0.45042070746421814, 0.34622952342033386, 0.10015566647052765, -0.07372178882360458, 1.0975017547607422, -0.022041089832782745, 0.018834305927157402, 0.07815743237733841, 0.10092993825674057, -0.07235841453075409, 1.0942999124526978, 0.8327764229522874, 1.6584387189560346, -6.043462687833546, 38757.0, 30680.0, 32029.0, 37087.0, 7.83471155166626, 149.1562957763672, 6.610348224639893, 280.54473876953125, 0.2538430988788605, 0.33142974972724915, 2.289508819580078, 1.1649885177612305, 1.0266361236572266, 1.579833984375, 1.922607421875, 1.555755615234375, 1.51611328125
91804, -0.8877657651901245, 0.303333044052124, 0.8660034537315369, 0.10015566647052765, -0.07372178882360458, 1.0975017547607422, -0.022041089832782745, 0.018834305927157402, 0.07815743237733841, 0.09957560896873474, -0.07076400518417358, 1.0957818031311035, 3.938779004243309, 1.7614785428176276, -7.136563956439406, 38757.0, 30680.0, 32029.0, 37087.0, 7.83471155166626, 100.18824005126953, 48.89336395263672, -83.19457244873047, 0.2538430988788605, 0.33142974972724915, 2.289508819580078, 1.1649885177612305, 1.0266361236572266, 1.579833984375, 1.922607421875, 1.555755615234375, 1.529296875
91814, 0.11052008718252182, 0.083830825984478, -0.02453729696571827, 0.10015566647052765, -0.07372178882360458, 1.0975017547607422, -0.022041089832782745, 0.018834305927157402, 0.07815743237733841, 0.09889578074216843, -0.06957898288965225, 1.0949971675872803, 4.776964505400176, 2.039734765145937, -7.081018692467634, 38757.0, 30680.0, 32029.0, 37087.0, 7.83471155166626, 100.18824005126953, 48.89336395263672, -83.19457244873047, 0.4355567991733551, 1.208953619003296, 1.1045218706130981, 1.1649885177612305, 1.0266361236572266, 1.579833984375, 1.922607421875, 1.555755615234375, 1.5498046875
91844, -0.12526269257068634, 0.3186264634132385, 1.3480746746063232, 0.09997830539941788, -0.07339898496866226, 1.098641276359558, -0.021254735067486763, 0.0194818377494812, 0.007842869497835636, 0.0990290567278862, -0.07278458029031754, 1.0958526134490967, 5.245203838288774, 1.307637787662486, -1.6459690280384702, 38757.0, 30680.0, 32029.0, 37087.0, 7.854546070098877, 100.18824005126953, 48.89336395263672, -83.19457244873047, 0.38560962677001953, 0.7825956344604492, 2.1691904067993164, 1.1649885177612305, 1.0266361236572266, 1.579833984375, 1.922607421875, 1.555755615234375, 1.568115234375
91854, -1.0314286947250366, 0.19873853027820587, 2.3328027725219727, 0.09997830539941788, -0.07339898496866226, 1.098641276359558, -0.021254735067486763, 0.0194818377494812, 0.007842869497835636, 0.09964628517627716, -0.07449838519096375, 1.0938880443572998, 3.2613324512278705, 1.4994424043431707, -0.9024758978066925, 38077.0, 30866.0, 32238.0, 37552.0, 7.8942155838012695, 100.18824005126953, 48.89336395263672, -83.19457244873047, -0.25126340985298157, 2.1435577869415283, -0.0611678771674633, 1.1649885177612305, 1.0266361236572266, 1.579833984375, 1.922607421875, 1.555755615234375, 1.568115234375
91874, -0.6321228742599487, 0.24171456694602966, 0.6753528714179993, 0.10034200549125671, -0.07284186780452728, 1.0990805625915527, -0.020081300288438797, 0.02360755018889904, -0.021993933245539665, 0.09886597096920013, -0.07681694626808167, 1.0954562425613403, 1.906241968664883, 1.7857252894795295, -2.612850637147871, 38454.0, 30748.0, 31908.0, 37027.0, 7.83471155166626, 100.18824005126953, 48.89336395263672, -83.19457244873047, -0.0983620285987854, -2.3215997219085693, 1.5189152956008911, 1.1649885177612305, 1.0266361236572266, 1.579833984375, 1.922607421875, 1.555755615234375, 1.568115234375
91894, 0.8413346409797668, 0.18998514115810394, -0.7807823419570923, 0.10034200549125671, -0.07284186780452728, 1.0990805625915527, -0.020081300288438797, 0.02360755018889904, -0.021993933245539665, 0.09953014552593231, -0.072566919028759, 1.0934042930603027, -0.03881583615413713, 1.486315651718968, -6.15389359303256, 36356.0, 31303.0, 33458.0, 39205.0, 7.795042037963867, 100.18824005126953, 48.89336395263672, -83.19457244873047, 0.2252015322446823, 1.2445544004440308, 1.378590703010559, 1.1649885177612305, 1.0266361236572266, 1.579833984375, 1.524169921875, 0.2455596923828125, 1.568115234375
91904, 1.051635980606079, 0.0591137558221817, 3.94089937210083, 0.09972121566534042, -0.07213225215673447, 1.1001155376434326, -0.021347371861338615, 0.023011894896626472, 0.005050284788012505, 0.09807431697845459, -0.07144290953874588, 1.0951887369155884, 3.6950948462197966, 1.7667366929900936, -7.20492116063038, 36356.0, 31303.0, 33458.0, 39205.0, 7.83471155166626, -67.80097198486328, -18.729543685913086, -167.2519073486328, 0.2252015322446823, 1.2445544004440308, 1.378590703010559, 1.1649885177612305, 1.0266361236572266, 1.579833984375, 1.524169921875, 0.2455596923828125, 1.568115234375
91914, 0.2270044982433319, 0.29823726415634155, 0.6531320810317993, 0.09950783848762512, -0.07190950214862823, 1.10007643699646, -0.02137245610356331, 0.02132410556077957, -0.012836371548473835, 0.09765025228261948, -0.07152446359395981, 1.0955883264541626, 4.11288042229984, 1.4683079071491818, -5.746012657784916, 36356.0, 31303.0, 33458.0, 39205.0, 7.874380588531494, -67.80097198486328, -18.729543685913086, -167.2519073486328, 0.2252015322446823, 1.2445544004440308, 1.378590703010559, 1.1649885177612305, 1.0266361236572266, 1.579833984375, 1.524169921875, 0.2455596923828125, 1.546875
91954, 0.40262600779533386, 0.17129214107990265, 0.1773289144039154, 0.09967760741710663, -0.07084466516971588, 1.0997384786605835, -0.020790137350559235, 0.024755902588367462, -0.006986028980463743, 0.09744282066822052, -0.0773383304476738, 1.0949733257293701, 1.6712844712328259, 1.6485923271874015, -2.757533346231974, 37994.0, 30800.0, 32405.0, 37662.0, 7.854546070098877, 112.33244323730469, 23.092334747314453, 224.81336975097656, 0.2329830527305603, 0.9616245031356812, 1.69544517993927, 1.1649885177612305, 1.0266361236572266, 1.579833984375, 1.524169921875, 0.2455596923828125, 1.51025390625
91964, 1.082945704460144, 0.18638794124126434, -1.0684826374053955, 0.09946686774492264, -0.07060383260250092, 1.1001335382461548, -0.021437013521790504, 0.022328205406665802, 0.08597877621650696, 0.09769174456596375, -0.07642076164484024, 1.0933914184570312, 1.9724181870483382, 1.7122215759918902, -5.168542359026511, 37994.0, 30800.0, 32405.0, 37662.0, 7.83471155166626, 112.33244323730469, 23.092334747314453, 224.81336975097656, -1.1185688972473145, -2.5972585678100586, -0.11265981942415237, 1.1649885177612305, 1.0266361236572266, 1.579833984375, 1.524169921875, 0.2455596923828125, 1.51025390625
91994, -0.3701459467411041, 0.22802574932575226, 2.2412900924682617, 0.10002555698156357, -0.07084111869335175, 1.099297046661377, -0.01914093643426895, 0.018605850636959076, -0.02823420986533165, 0.09654104709625244, -0.07353326678276062, 1.0938334465026855, 3.5263261488811835, 1.6033826481814515, -3.367315420483392, 37977.0, 30742.0, 32558.0, 37839.0, 7.8942155838012695, 112.33244323730469, 23.092334747314453, 224.81336975097656, 0.5818709135055542, 2.0579895973205566, 1.689749002456665, 1.1649885177612305, 1.0266361236572266, 1.579833984375, 1.524169921875, 0.2455596923828125, 1.51025390625
92004, -0.592287540435791, 0.5140354037284851, 1.6521742343902588, 0.10002555698156357, -0.07084111869335175, 1.099297046661377, -0.01914093643426895, 0.018605850636959076, -0.02823420986533165, 0.09636892378330231, -0.07446733862161636, 1.0932179689407349, 4.3343512221014935, 1.0299932793981839, -1.130700270497489, 38526.0, 30665.0, 32118.0, 37314.0, 7.814876556396484, 112.33244323730469, 23.092334747314453, 224.81336975097656, 0.5818709135055542, 2.0579895973205566, 1.689749002456665, 1.1649885177612305, 1.0266361236572266, 1.579833984375, 1.524169921875, 0.2455596923828125, 1.51025390625
92014, -0.48887839913368225, 0.2603203058242798, 0.13244178891181946, 0.10002555698156357, -0.07084111869335175, 1.099297046661377, -0.01914093643426895, 0.018605850636959076, -0.02823420986533165, 0.09699060022830963, -0.07687436789274216, 1.092944622039795, 1.9454574999174117, 1.2888942242801704, -0.8093923440759118, 38369.0, 30681.0, 32348.0, 37378.0, 7.814876556396484, 56.402923583984375, 4.135479927062988, -92.7171401977539, 0.5818709135055542, 2.0579895973205566, 1.689749002456665, 1.1649885177612305, 1.0266361236572266, 1.579833984375, 1.524169921875, 0.2455596923828125, 1.51025390625
92034, 1.2446616888046265, 0.18933962285518646, -1.397618055343628, 0.09979812055826187, -0.07084783166646957, 1.099166750907898, -0.020504212006926537, 0.014619525521993637, 0.08384691178798676, 0.09615042805671692, -0.07702068984508514, 1.0941883325576782, 2.3022511392653864, 1.7337115286176754, -3.8432692655308758, 36641.0, 31158.0, 33521.0, 39258.0, 7.814876556396484, 84.72933197021484, 49.374267578125, 905.3076782226562, 0.5818709135055542, 2.0579895973205566, 1.689749002456665, 1.1649885177612305, 1.0266361236572266, 1.579833984375, 1.524169921875, 0.2455596923828125, 1.51025390625
92064, -0.1901044398546219, 0.29978233575820923, 2.3720974922180176, 0.09917203336954117, -0.07045695930719376, 1.099669098854065, -0.021685350686311722, 0.011284987442195415, 0.02320551499724388, 0.09593968838453293, -0.07189981639385223, 1.0929142236709595, 1.3685724796495544, 1.4681044829104337, -4.692604429547933, 36937.0, 31035.0, 32882.0, 38777.0, 7.874380588531494, 32.34642028808594, -42.90385818481445, 56.08039093017578, 0.5454694032669067, 2.499816417694092, 1.4905498027801514, 1.1649885177612305, 1.0266361236572266, 1.579833984375, 1.524169921875, 0.2455596923828125, 1.527099609375
92094, 0.3702961504459381, 0.3258765637874603, 0.01661846600472927, 0.09914743155241013, -0.070274218916893, 1.0994590520858765, -0.02219158224761486, 0.012489532120525837, -0.011831017211079597, 0.09548761695623398, -0.07668434083461761, 1.0938246250152588, 1.9144156497553875, 1.6208929167270298, -3.501531339373291, 38385.0, 30586.0, 32510.0, 37225.0, 7.874380588531494, 63.201744079589844, -14.904480934143066, -117.34308624267578, 0.13502010703086853, 0.12444327771663666, 2.153099775314331, 1.1649885177612305, 1.0266361236572266, 1.579833984375, 1.524169921875, 0.2455596923828125, 1.54833984375
92104, 1.153876781463623, 0.20406463742256165, -1.5687891244888306, 0.09891974925994873, -0.07015588134527206, 1.0998643636703491, -0.023208023980259895, 0.009778977371752262, 0.0928746685385704, 0.09586213529109955, -0.07308658957481384, 1.0920957326889038, 2.478738023288267, 0.9651576187291937, -7.468983812136959, 38385.0, 30586.0, 32510.0, 37225.0, 7.814876556396484, 80.6036148071289, 58.94495391845703, 891.6568603515625, -0.5864266157150269, -2.2490367889404297, 0.026938457041978836, 1.1649885177612305, 1.0266361236572266, 1.579833984375, 1.524169921875, 0.2455596923828125, 1.54833984375
92114, 1.3244551420211792, 0.14555668830871582, 3.8429908752441406, 0.09868676960468292, -0.07006248831748962, 1.1005221605300903, -0.023489532992243767, 0.009075061418116093, 0.03867758810520172, 0.09524967521429062, -0.07279495149850845, 1.093607783317566, 3.27068238200899, 1.117609110696634, -4.801334525377348, 36364.0, 31331.0, 34076.0, 39229.0, 7.814876556396484, -130.51626586914062, -55.789852142333984, -710.2686767578125, 0.15400256216526031, 0.24001288414001465, 0.9401842355728149, 1.1649885177612305, 1.0266361236572266, 1.579833984375, 1.524169921875, 0.2455596923828125, 1.54833984375
92124, 0.5444510579109192, 0.40038472414016724, -0.20841002464294434, 0.09868676960468292, -0.07006248831748962, 1.1005221605300903, -0.023489532992243767, 0.009075061418116093, 0.03867758810520172, 0.09509089589118958, -0.07269738614559174, 1.093630313873291, 3.375708212766473, 1.6690331136613565, -2.912804708593764, 36814.0, 31088.0, 33264.0, 38677.0, 7.854546070098877, -130.51626586914062, -55.789852142333984, -710.2686767578125, 0.15400256216526031, 0.24001288414001465, 0.9401842355728149, 1.1649885177612305, 1.0266361236572266, 1.579833984375, 1.524169921875, 0.2455596923828125, 1.54833984375
92134, -0.21924075484275818, 0.3360948860645294, 2.7721097469329834, 0.09868676960468292, -0.07006248831748962, 1.1005221605300903, -0.023489532992243767, 0.009075061418116093, 0.03867758810520172, 0.09526306390762329, -0.07415392994880676, 1.0920040607452393, 3.2272926046541865, 1.162586393995781, -0.13616394098170595, 36814.0, 31088.0, 33264.0, 38677.0, 7.854546070098877, 22.490692138671875, -26.75881576538086, 71.98619842529297, 0.15400256216526031, 0.24001288414001465, 0.9401842355728149, 1.1649885177612305, 1.0266361236572266, 1.579833984375, 1.524169921875, 0.2455596923828125, 1.55126953125
92144, -0.750430703163147, 0.46061283349990845, 2.2762668132781982, 0.09868676960468292, -0.07006248831748962, 1.1005221605300903, -0.023489532992243767, 0.009075061418116093, 0.03867758810520172, 0.09480566531419754, -0.07669097185134888, 1.0927019119262695, 1.4986122578283296, 2.0623511170467737, -0.544014460647791, 36814.0, 31088.0, 33264.0, 38677.0, 7.854546070098877, -23.4586181640625, 38.53921890258789, -241.67811584472656, 0.15400256216526031, 0.24001288414001465, 0.9401842355728149, 1.1649885177612305, 1.0266361236572266, 1.579833984375, 1.524169921875, 0.2455596923828125, 1.527099609375
92154, -0.9585584998130798, 0.27911287546157837, -0.050198573619127274, 0.09868676960468292, -0.07006248831748962, 1.1005221605300903, -0.023489532992243767, 0.009075061418116093, 0.03867758810520172, 0.09488790482282639, -0.07681231200695038, 1.0936087369918823, 1.5555539147235522, 1.6964324200423846, -2.2405991403074017, 36814.0, 31088.0, 33264.0, 38677.0, 7.854546070098877, 78.1435317993164, -28.27005958557129, -100.4150619506836, 0.15400256216526031, 0.24001288414001465, 0.9401842355728149, 1.1649885177612305, 1.0266361236572266, 1.579833984375, 1.524169921875, 0.2455596923828125, 1.59521484375
92164, 0.05664968490600586, 0.3081553876399994, -0.0046676513738930225, 0.09816955029964447, -0.06974617391824722, 1.0997453927993774, -0.024434352293610573, 0.008626766502857208, -0.03856426104903221, 0.09584377706050873, -0.07488472759723663, 1.0924865007400513, 1.1755427977502948, 1.5584059071387912, -6.188244837113292, 37739.0, 30933.0, 32820.0, 37994.0, 7.83471155166626, 78.1435317993164, -28.27005958557129, -100.4150619506836, 0.11337681114673615, -0.6044184565544128, 2.368354558944702, 1.1649885177612305, 1.0266361236572266, 1.579833984375, 1.524169921875, 0.2455596923828125, 1.59521484375
92174, 0.7838749885559082, 0.10694896429777145, -1.3548216819763184, 0.09791955351829529, -0.06966094672679901, 1.0999201536178589, -0.025222323834896088, 0.007016667164862156, 0.07349564880132675, 0.09420003741979599, -0.06967231631278992, 1.0931650400161743, 4.1488530505861325, 1.9349660310216166, -7.279958650065831, 37739.0, 30933.0, 32820.0, 37994.0, 7.83471155166626, 55.14219284057617, 62.085262298583984, 769.4086303710938, 0.07521801441907883, -2.0334668159484863, 0.09335274249315262, 1.1649885177612305, 1.0266361236572266, 1.579833984375, 1.524169921875, 0.2455596923828125, 1.546142578125
92184, 0.9022173285484314, 0.053787149488925934, 2.9684739112854004, 0.09791955351829529, -0.06966094672679901, 1.0999201536178589, -0.025222323834896088, 0.007016667164862156, 0.07349564880132675, 0.09438981115818024, -0.0701770931482315, 1.0947874784469604, 3.967271248515185, 1.4614358621062706, -4.977431636693542, 36673.0, 31394.0, 34013.0, 39220.0, 7.795042037963867, 55.14219284057617, 62.085262298583984, 769.4086303710938, 0.06308890879154205, -0.29361778497695923, 0.7286030650138855, 1.1649885177612305, 1.0266361236572266, 1.579833984375, 1.524169921875, 0.2455596923828125, 1.546142578125
92204, -0.3858811557292938, 0.23555119335651398, 2.8304288387298584, 0.09782013297080994, -0.07053132355213165, 1.0989543199539185, -0.024154052138328552, 0.0020376313477754593, -0.0033255552407354116, 0.09476248174905777, -0.07560598850250244, 1.0932269096374512, 2.27869300943407, 1.9423096878272474, -1.1352136903183865, 37853.0, 30852.0, 33246.0, 38031.0, 7.8942155838012695, 55.14219284057617, 62.085262298583984, 769.4086303710938, -0.3354862928390503, -0.4965997338294983, 1.8644459247589111, 1.1649885177612305, 1.0266361236572266, 1.579833984375, 1.524169921875, 0.2455596923828125, 1.575439453125
92214, -1.1518467664718628, 0.34572240710258484, 2.3679769039154053, 0.09757447242736816, -0.07050489634275436, 1.0993582010269165, -0.025184569880366325, 0.004415934905409813, 0.08407258987426758, 0.09473295509815216, -0.07355494797229767, 1.095569133758545, 2.4735837487989927, 2.0229704153452985, -4.127387839206614, 38684.0, 30694.0, 32414.0, 37261.0, 7.795042037963867, 55.14219284057617, 62.085262298583984, 769.4086303710938, 0.19920144975185394, 1.960086464881897, -0.5310079455375671, 1.1649885177612305, 1.0266361236572266, 1.579833984375, 1.524169921875, 0.2455596923828125, 1.575439453125
92224, -1.4281895160675049, 0.2277795374393463, -0.040461182594299316, 0.09732275456190109, -0.07046110928058624, 1.0996894836425781, -0.025402575731277466, 0.003856957657262683, -0.017798366025090218, 0.09550715237855911, -0.06913460046052933, 1.091874361038208, -0.3474183413560109, 1.3454324307915613, -7.107143001514931, 38763.0, 30676.0, 32221.0, 37087.0, 7.814876556396484, 55.14219284057617, 62.085262298583984, 769.4086303710938, -0.17208994925022125, -0.7398838996887207, 1.3206838369369507, 1.1649885177612305, 1.0266361236572266, 1.579833984375, 1.524169921875, 0.2455596923828125, 1.575439453125
92234, -0.31665581464767456, 0.2523210942745209, 0.08397839963436127, 0.09706734865903854, -0.07041386514902115, 1.099368929862976, -0.025666849687695503, 0.006135620642453432, -0.04628698527812958, 0.09358710795640945, -0.0671243742108345, 1.093400001525879, 4.613081404919323, 2.040315081054729, -6.77008949212116, 38763.0, 30676.0, 32221.0, 37087.0, 7.874380588531494, 105.00894927978516, 21.59842300415039, -113.43972778320312, -0.17208994925022125, -0.7398838996887207, 1.3206838369369507, 1.1649885177612305, 1.0266361236572266, 1.579833984375, 1.524169921875, 0.2455596923828125, 1.575439453125
92254, 0.5885974168777466, -0.006958138197660446, 2.0455994606018066, 0.09706734865903854, -0.07041386514902115, 1.099368929862976, -0.025666849687695503, 0.006135620642453432, -0.04628698527812958, 0.0939764454960823, -0.06908036023378372, 1.0951939821243286, 4.134585485101601, 1.763397991592683, -3.0566048567727964, 36704.0, 31365.0, 33906.0, 39290.0, 7.814876556396484, 30.14552879333496, 38.43613052368164, 591.2178344726562, 0.5355390310287476, -1.456656575202942, 0.13532879948616028, 1.1649885177612305, 1.0266361236572266, 1.579833984375, 1.524169921875, 0.2455596923828125, 1.575439453125
92264, 0.09761162102222443, 0.1470615267753601, 0.37520861625671387, 0.09706734865903854, -0.07041386514902115, 1.099368929862976, -0.025666849687695503, 0.006135620642453432, -0.04628698527812958, 0.0942881628870964, -0.07024185359477997, 1.09354829788208, 5.5751775862089135, 1.004181176699916, -0.7582017888966941, 36704.0, 31365.0, 33906.0, 39290.0, 7.854546070098877, 30.14552879333496, 38.43613052368164, 591.2178344726562, 0.19580692052841187, 2.568777561187744, 1.184828519821167, 1.1649885177612305, 1.0266361236572266, 1.579833984375, 1.524169921875, 0.2455596923828125, 1.5498046875
92274, -0.5270738005638123, 0.11171530187129974, 2.649531364440918, 0.09706734865903854, -0.07041386514902115, 1.099368929862976, -0.025666849687695503, 0.006135620642453432, -0.04628698527812958, 0.0940391942858696, -0.07383100688457489, 1.0933781862258911, 2.7530801591617036, 1.8583684059526888, -1.6658169049798703, 37797.0, 30973.0, 33277.0, 38144.0, 7.854546070098877, 30.14552879333496, 38.43613052368164, 591.2178344726562, -0.3339618742465973, -0.5577202439308167, 2.037325143814087, 1.1649885177612305, 1.0266361236572266, 1.579833984375, 1.524169921875, 0.2455596923828125, 1.543212890625
92314, 0.11523136496543884, -0.17813101410865784, -0.488426148891449, 0.09588402509689331, -0.07168076932430267, 1.0979987382888794, -0.02482343092560768, 0.006426594220101833, 0.04734575003385544, 0.09335187077522278, -0.06609928607940674, 1.0948255062103271, 4.417107170911715, 1.77819202655661, -6.841566166866498, 38687.0, 30790.0, 32440.0, 37299.0, 7.874380588531494, 30.14552879333496, 38.43613052368164, 591.2178344726562, 0.6617899537086487, -0.7368009090423584, 0.14012804627418518, 1.1649885177612305, 1.0266361236572266, 1.579833984375, 1.524169921875, 0.2455596923828125, 1.546875
92374, -0.9217461347579956, 0.07233764231204987, 0.1971016228199005, 0.09514564275741577, -0.07178045064210892, 1.0977014303207397, -0.02338736318051815, 0.009304576553404331, -0.002756536938250065, 0.09291458129882812, -0.0707172080874443, 1.0943999290466309, 3.3959104099552015, 1.912015795129065, -5.012320807689309, 38342.0, 30863.0, 32808.0, 37787.0, 7.874380588531494, 30.14552879333496, 38.43613052368164, 591.2178344726562, 0.04771580919623375, -1.834551215171814, 2.2779507637023926, 1.1649885177612305, 1.0266361236572266, 1.579833984375, 1.292724609375, 0.060089111328125, 1.571044921875
92384, -0.05927009880542755, -0.26023000478744507, -0.1630428284406662, 0.09514564275741577, -0.07178045064210892, 1.0977014303207397, -0.02338736318051815, 0.009304576553404331, -0.002756536938250065, 0.09361583739519119, -0.06622660905122757, 1.0927655696868896, -0.0661999127521028, 1.168383623068138, -6.969528202327157, 37375.0, 31152.0, 33340.0, 38940.0, 7.874380588531494, -35.191009521484375, -19.26024055480957, 281.8120422363281, 0.04771580919623375, -1.834551215171814, 2.2779507637023926, 1.1649885177612305, 1.0266361236572266, 1.579833984375, 1.292724609375, 0.060089111328125, 1.571044921875
92394, 0.013085130602121353, -0.0718076303601265, 0.5966091752052307, 0.09514564275741577, -0.07178045064210892, 1.0977014303207397, -0.02338736318051815, 0.009304576553404331, -0.002756536938250065, 0.09161810576915741, -0.0650806576013565, 1.0940940380096436, 5.183005530376455, 1.7624854706012343, -6.830670217073402, 36963.0, 31356.0, 33926.0, 39369.0, 7.874380588531494, -68.28631591796875, -25.761520385742188, -400.78692626953125, 0.04771580919623375, -1.834551215171814, 2.2779507637023926, 1.1649885177612305, 1.0266361236572266, 1.579833984375, 1.292724609375, 0.060089111328125, 1.571044921875
92404, -0.14891211688518524, -0.08370214700698853, 1.5310732126235962, 0.094682976603508, -0.0725691094994545, 1.0967051982879639, -0.021491773426532745, 0.010030926205217838, -0.033689938485622406, 0.09214621782302856, -0.06660380959510803, 1.094834327697754, 4.8313189507925784, 0.7768406160071777, -4.824898930487599, 36963.0, 31356.0, 33926.0, 39369.0, 7.874380588531494, -7.3203935623168945, 10.30856990814209, 429.6494140625, 0.04771580919623375, -1.834551215171814, 2.2779507637023926, 1.1649885177612305, 1.0266361236572266, 1.579833984375, 1.292724609375, 0.060089111328125, 1.553466796875
92424, -1.773457646369934, 0.01266675814986229, 2.552257537841797, 0.09425486624240875, -0.07234974950551987, 1.0968437194824219, -0.02154870331287384, 0.014363440684974194, 0.07473935931921005, 0.09225161373615265, -0.0693090409040451, 1.0932132005691528, 3.7312014665022453, 1.294417495926325, -0.868193829328601, 36963.0, 31356.0, 33926.0, 39369.0, 7.83471155166626, -7.3203935623168945, 10.30856990814209, 429.6494140625, -0.052561234682798386, 2.2158401012420654, -0.44878846406936646, 1.1649885177612305, 1.0266361236572266, 1.579833984375, 1.292724609375, 0.060089111328125, 1.55126953125
92474, -0.02550402283668518, -0.08449766039848328, 2.02278733253479, 0.09361694753170013, -0.07226461172103882, 1.0970968008041382, -0.02014739252626896, 0.017878975719213486, -0.019313009455800056, 0.09081670641899109, -0.06626950204372406, 1.095615029335022, 4.657173537861395, 1.4028778337230676, -5.606042707403809, 36894.0, 31210.0, 33313.0, 39059.0, 7.854546070098877, -7.3203935623168945, 10.30856990814209, 429.6494140625, -0.17040303349494934, 2.2020938396453857, 1.5801397562026978, 1.1649885177612305, 1.0266361236572266, 1.579833984375, 1.292724609375, 0.060089111328125, 1.55126953125
92504, -1.9260209798812866, 0.19778873026371002, -0.1570982038974762, 0.09345356374979019, -0.07167938351631165, 1.0969395637512207, -0.019095439463853836, 0.022301997989416122, 0.02625165320932865, 0.0905449166893959, -0.0728103518486023, 1.093582272529602, 2.27746122750335, 2.0756583093411223, -1.2331059017192874, 38842.0, 30640.0, 31978.0, 37042.0, 7.8942155838012695, 148.43374633789062, -7.953249931335449, 179.6453857421875, -0.15647776424884796, 2.3747992515563965, -0.3588796854019165, 1.1649885177612305, 1.0266361236572266, 1.579833984375, 1.292724609375, 0.060089111328125, 1.51611328125
92514, -0.8894035220146179, 0.1135772317647934, 0.6385728716850281, 0.09345356374979019, -0.07167938351631165, 1.0969395637512207, -0.019095439463853836, 0.022301997989416122, 0.02625165320932865, 0.09081551432609558, -0.07115478068590164, 1.0953452587127686, 2.91988740688208, 1.7980115896306472, -3.263273281421015, 38267.0, 30722.0, 32547.0, 37602.0, 7.83471155166626, 125.42990112304688, 56.173038482666016, -7.130186080932617, -0.15647776424884796, 2.3747992515563965, -0.3588796854019165, 1.1649885177612305, 1.0266361236572266, 1.579833984375, 1.292724609375, 0.060089111328125, 1.51611328125
92584, -0.5999453663825989, 0.19130457937717438, 0.8803741931915283, 0.09255319833755493, -0.06996306777000427, 1.097240686416626, -0.018558263778686523, 0.029209626838564873, -0.036459892988204956, 0.08992895483970642, -0.07183106243610382, 1.095906376838684, 2.8936206146303474, 1.972273077814208, -3.437762465389164, 38286.0, 30686.0, 32547.0, 37635.0, 7.874380588531494, -95.70835876464844, 3.7836146354675293, -449.8746643066406, 0.19113555550575256, -2.4922499656677246, 1.7501040697097778, 1.1649885177612305, 1.0266361236572266, 1.579833984375, 1.292724609375, 0.060089111328125, 1.55712890625
92604, 0.7224220633506775, 0.11946234852075577, -0.20528781414031982, 0.09236503392457962, -0.06966328620910645, 1.0971232652664185, -0.018852397799491882, 0.029850034043192863, 0.012997107580304146, 0.08981628715991974, -0.06902242451906204, 1.0959094762802124, 3.5295723112957567, 1.143115577370736, -5.685153197128817, 36591.0, 31226.0, 33552.0, 39482.0, 7.83471155166626, -56.80305862426758, -38.126625061035156, 25.23100471496582, -0.8553342223167419, -2.309535026550293, -0.0657849982380867, 1.1649885177612305, 1.0266361236572266, 1.579833984375, 1.292724609375, 0.060089111328125, 1.55712890625
92614, 0.9034581780433655, -0.026272624731063843, 2.9732494354248047, 0.09236503392457962, -0.06966328620910645, 1.0971232652664185, -0.018852397799491882, 0.029850034043192863, 0.012997107580304146, 0.08944058418273926, -0.06921577453613281, 1.095766544342041, 4.533322710346538, 1.214195901347864, -2.73125090324378, 36609.0, 31191.0, 33268.0, 39337.0, 7.814876556396484, -56.80305862426758, -38.126625061035156, 25.23100471496582, -0.06323593109846115, 1.4315376281738281, 1.6059322357177734, 1.1649885177612305, 1.0266361236572266, 1.579833984375, 1.292724609375, 0.060089111328125, 1.55712890625
92624, 0.240544393658638, 0.18575754761695862, 1.4716787338256836, 0.09236503392457962, -0.06966328620910645, 1.0971232652664185, -0.018852397799491882, 0.029850034043192863, 0.012997107580304146, 0.08987808972597122, -0.07177801430225372, 1.094906210899353, 2.681990298212586, 1.429178218010037, -0.7222925801484242, 37348.0, 30980.0, 32833.0, 38594.0, 7.814876556396484, -136.99053955078125, 21.997907638549805, -171.84642028808594, -0.06323593109846115, 1.4315376281738281, 1.6059322357177734, 1.1649885177612305, 1.0266361236572266, 1.579833984375, 1.292724609375, 0.060089111328125, 1.569580078125
92634, -0.671829879283905, 0.09879140555858612, 2.104663610458374, 0.09230886399745941, -0.06948859244585037, 1.0971750020980835, -0.0179092139005661, 0.02505279891192913, 0.06744245439767838, 0.08872968703508377, -0.07442642748355865, 1.0952640771865845, 1.3854984715572225, 2.0302726201713597, -1.2222903295930367, 37348.0, 30980.0, 32833.0, 38594.0, 7.874380588531494, -136.99053955078125, 21.997907638549805, -171.84642028808594, -0.06323593109846115, 1.4315376281738281, 1.6059322357177734, 1.1649885177612305, 1.0266361236572266, 1.579833984375, 1.292724609375, 0.060089111328125, 1.5380859375
92654, -0.1836947649717331, 0.1314181089401245, 0.6656666994094849, 0.09194798022508621, -0.06897127628326416, 1.0979588031768799, -0.018378352746367455, 0.027450252324342728, -0.02844504825770855, 0.08958899974822998, -0.06898457556962967, 1.0939371585845947, 0.43058979885062104, 1.0796703335903146, -6.713707854288149, 38613.0, 30707.0, 32129.0, 37295.0, 7.83471155166626, 145.4249267578125, 13.319792747497559, 240.2473602294922, -0.0287149827927351, -2.469310998916626, 1.706015706062317, 1.1649885177612305, 1.0266361236572266, 1.579833984375, 1.292724609375, 0.060089111328125, 1.5380859375
92684, 1.3205279111862183, -0.08209092915058136, 3.5863943099975586, 0.09191537648439407, -0.06861531734466553, 1.0978572368621826, -0.017495576292276382, 0.023572038859128952, -0.005770429037511349, 0.08821684867143631, -0.07070568203926086, 1.095927119255066, 4.472003380096907, 1.1052272898824924, -1.3241426274852555, 38613.0, 30707.0, 32129.0, 37295.0, 7.83471155166626, 145.4249267578125, 13.319792747497559, 240.2473602294922, -0.11443541944026947, 1.146149754524231, 1.586833119392395, 1.1649885177612305, 1.0266361236572266, 1.579833984375, 2.466064453125, 17.311599731445312, 1.53515625
92694, 0.5950973033905029, 0.09998688846826553, 1.1208677291870117, 0.09174174070358276, -0.06839015334844589, 1.0977696180343628, -0.017316263169050217, 0.021401263773441315, -0.011712622828781605, 0.08887822180986404, -0.07302643358707428, 1.0957432985305786, 2.082142115841932, 1.334707231783483, -0.8982863168595099, 38613.0, 30707.0, 32129.0, 37295.0, 7.8942155838012695, 145.4249267578125, 13.319792747497559, 240.2473602294922, 0.36624225974082947, 1.1149280071258545, 2.0125205516815186, 1.1649885177612305, 1.0266361236572266, 1.579833984375, 2.466064453125, 17.311599731445312, 1.53515625
92704, -0.4078347980976105, -0.017332710325717926, 2.220582962036133, 0.09174174070358276, -0.06839015334844589, 1.0977696180343628, -0.017316263169050217, 0.021401263773441315, -0.011712622828781605, 0.08771564066410065, -0.07486662268638611, 1.0976836681365967, 1.7416637306364233, 1.4631855123675166, -1.9118446215345506, 38156.0, 30863.0, 32301.0, 37777.0, 7.8942155838012695, 145.4249267578125, 13.319792747497559, 240.2473602294922, -0.33433791995048523, 1.6994496583938599, -0.021155880764126778, 1.1649885177612305, 1.0266361236572266, 1.579833984375, 2.466064453125, 17.311599731445312, 1.53515625
92714, -0.6796828508377075, 0.20670177042484283, 0.8176160454750061, 0.09174174070358276, -0.06839015334844589, 1.0977696180343628, -0.017316263169050217, 0.021401263773441315, -0.011712622828781605, 0.08859001845121384, -0.07273402065038681, 1.0962978601455688, 1.4376850380233548, 1.5140625532914385, -5.660077906122874, 38644.0, 30744.0, 31981.0, 37279.0, 7.795042037963867, 137.76695251464844, 25.91215705871582, 235.08578491210938, -0.33433791995048523, 1.6994496583938599, -0.021155880764126778, 1.1649885177612305, 1.0266361236572266, 1.579833984375, 2.466064453125, 17.311599731445312, 1.53515625
92744, 1.1821203231811523, -0.027538035064935684, -1.1131203174591064, 0.09125679731369019, -0.0669071152806282, 1.0976991653442383, -0.01648172363638878, 0.019843723624944687, 0.08181404322385788, 0.08756960928440094, -0.07090558111667633, 1.0980521440505981, 3.0846714805598276, 1.672932256165069, -5.172846619800412, 38644.0, 30744.0, 31981.0, 37279.0, 7.814876556396484, -30.18276023864746, -47.04574966430664, -224.2762908935547, -1.113905429840088, -2.7042582035064697, -0.03554071485996246, 1.1649885177612305, 1.0266361236572266, 1.579833984375, 2.466064453125, 17.311599731445312, 1.552001953125
92764, 0.7182762026786804, 0.06399113684892654, 0.49642181396484375, 0.09128611534833908, -0.06684739142656326, 1.096921682357788, -0.015569906681776047, 0.017078997567296028, -0.030221033841371536, 0.08758922666311264, -0.07145106792449951, 1.0966182947158813, 3.8832964212803214, 1.1157683411717585, -0.6818029360480641, 38644.0, 30744.0, 31981.0, 37279.0, 7.814876556396484, -181.5379180908203, 10.73603630065918, 17.443063735961914, 0.4290933609008789, 1.6705825328826904, 1.8653688430786133, 1.1649885177612305, 1.0266361236572266, 1.579833984375, 2.466064453125, 17.311599731445312, 1.563720703125
92784, -0.6158468127250671, 0.2729719877243042, 1.3813756704330444, 0.09097307920455933, -0.06651844829320908, 1.0972390174865723, -0.015848929062485695, 0.01737206056714058, 0.05729544907808304, 0.0872969925403595, -0.07486812770366669, 1.0981450080871582, 1.3056427300766866, 1.5656315912977448, -2.055718852427199, 38644.0, 30744.0, 31981.0, 37279.0, 7.814876556396484, 8.541183471679688, -44.2613639831543, -83.38697052001953, 0.6442924737930298, 0.886390745639801, 0.3069723844528198, 1.1649885177612305, 1.0266361236572266, 1.579833984375, 2.466064453125, 17.311599731445312, 1.550537109375
92854, -0.893868625164032, 0.30455076694488525, 1.7772269248962402, 0.09017302840948105, -0.06667568534612656, 1.0972120761871338, -0.016098421066999435, 0.012079411186277866, 0.0712166577577591, 0.08677300065755844, -0.0756312757730484, 1.0977632999420166, 1.7300699833629718, 1.7504731453944942, -0.9033244839517665, 38944.0, 30608.0, 32279.0, 37282.0, 7.795042037963867, 102.48008728027344, 35.051597595214844, 76.54365539550781, -0.5155426859855652, 0.4931589663028717, 0.5077184438705444, 1.1649885177612305, 1.0266361236572266, 1.579833984375, 2.466064453125, 17.311599731445312, 1.528564453125
92864, -0.5357871651649475, -0.004385754931718111, 0.56199049949646, 0.09017302840948105, -0.06667568534612656, 1.0972120761871338, -0.016098421066999435, 0.012079411186277866, 0.0712166577577591, 0.08686453849077225, -0.07403353601694107, 1.0990734100341797, 1.4998009695712091, 1.5993287350554795, -2.9229360877305313, 38944.0, 30608.0, 32279.0, 37282.0, 7.83471155166626, 102.48008728027344, 35.051597595214844, 76.54365539550781, -0.5155426859855652, 0.4931589663028717, 0.5077184438705444, 1.1649885177612305, 1.0266361236572266, 1.579833984375, 2.466064453125, 17.311599731445312, 1.606201171875
92874, 0.3634069263935089, -0.07541267573833466, 0.38099393248558044, 0.09017302840948105, -0.06667568534612656, 1.0972120761871338, -0.016098421066999435, 0.012079411186277866, 0.0712166577577591, 0.0875907689332962, -0.07327574491500854, 1.0977705717086792, 1.6464719866478317, 1.6238589751355335, -5.665379373997923, 37637.0, 30983.0, 32661.0, 38587.0, 7.83471155166626, 12.601378440856934, -54.04313659667969, -459.1581115722656, -0.5155426859855652, 0.4931589663028717, 0.5077184438705444, 1.1649885177612305, 1.0266361236572266, 1.579833984375, 2.466064453125, 17.311599731445312, 1.606201171875
92884, 0.7318172454833984, 0.060556989163160324, -1.9242839813232422, 0.09017302840948105, -0.06667568534612656, 1.0972120761871338, -0.016098421066999435, 0.012079411186277866, 0.0712166577577591, 0.08767575770616531, -0.06964826583862305, 1.0965054035186768, 0.2738301797143145, 0.9908667238507007, -7.393881273712009, 36974.0, 31182.0, 33421.0, 39305.0, 7.83471155166626, 68.01811981201172, 36.150630950927734, 825.3983764648438, -0.5155426859855652, 0.4931589663028717, 0.5077184438705444, 1.1649885177612305, 1.0266361236572266, 1.579833984375, 2.466064453125, 17.311599731445312, 1.606201171875
92894, 1.1158086061477661, -0.10623706877231598, 3.84265398979187, 0.0897459164261818, -0.0667000487446785, 1.0974231958389282, -0.01645461469888687, 0.010146056301891804, 0.02168436162173748, 0.0862777829170227, -0.06859301030635834, 1.0997763872146606, 3.7961801559351107, 1.4071015630983936, -5.310225872740185, 36974.0, 31182.0, 33421.0, 39305.0, 7.814876556396484, -93.2219467163086, -33.399803161621094, -430.04705810546875, -0.5155426859855652, 0.4931589663028717, 0.5077184438705444, 1.1649885177612305, 1.0266361236572266, 1.579833984375, 2.466064453125, 17.311599731445312, 1.543212890625
92954, 0.37382131814956665, 0.03055765852332115, -1.940234899520874, 0.08896122872829437, -0.06624694168567657, 1.0977550745010376, -0.01706753857433796, 0.011349988169968128, 0.09429939091205597, 0.0870736837387085, -0.06832510232925415, 1.098575234413147, 2.9694760375724387, 1.3152753469803713, -7.022305602448902, 36974.0, 31182.0, 33421.0, 39305.0, 7.83471155166626, -177.42831420898438, 0.8725204467773438, 248.23629760742188, -0.8897902965545654, -2.7351794242858887, 0.010639140382409096, 1.1649885177612305, 1.0266361236572266, 1.579833984375, 2.466064453125, 17.311599731445312, 1.547607421875
92974, -0.04480732977390289, 0.08988476544618607, -0.22414667904376984, 0.08890975266695023, -0.06721900403499603, 1.0974160432815552, -0.016446314752101898, 0.007376580499112606, -0.029469596222043037, 0.0862509235739708, -0.06874416768550873, 1.1002521514892578, 3.666280705873899, 1.8721110689280067, -2.6867021203164674, 36826.0, 31291.0, 33737.0, 39187.0, 7.83471155166626, -177.42831420898438, 0.8725204467773438, 248.23629760742188, 0.5537551045417786, 2.488384246826172, 1.2973377704620361, 1.1649885177612305, 1.0266361236572266, 1.579833984375, 2.466064453125, 17.311599731445312, 1.547607421875
92984, -1.140830159187317, -0.07213623821735382, 3.023824453353882, 0.08890975266695023, -0.06721900403499603, 1.0974160432815552, -0.016446314752101898, 0.007376580499112606, -0.029469596222043037, 0.08665060997009277, -0.06950229406356812, 1.0980066061019897, 4.3449859076290185, 1.224435202803562, 0.5238323500514627, 38347.0, 30873.0, 32926.0, 37749.0, 7.874380588531494, 44.45016860961914, -24.783628463745117, 26.575031280517578, 0.5537551045417786, 2.488384246826172, 1.2973377704620361, 1.1649885177612305, 1.0266361236572266, 1.579833984375, 2.466064453125, 17.311599731445312, 1.547607421875
93004, -1.2257634401321411, -0.14571990072727203, 0.45172300934791565, 0.08841031789779663, -0.06693485379219055, 1.0976330041885376, -0.01734473928809166, 0.011308083310723305, -0.056559011340141296, 0.08761074393987656, -0.06825683265924454, 1.0974258184432983, -0.3335604219128148, 1.8458505807032282, -5.841268727970282, 38774.0, 30793.0, 31995.0, 37404.0, 7.795042037963867, 59.60422134399414, -4.511488914489746, -92.37994384765625, 0.4468557834625244, 1.3922967910766602, -0.13598768413066864, 1.1649885177612305, 1.0266361236572266, 1.579833984375, 2.466064453125, 17.311599731445312, 1.540283203125
93044, -0.141652449965477, -0.05691055953502655, -0.46455299854278564, 0.0879959762096405, -0.06792601943016052, 1.0974701642990112, -0.015480638481676579, 0.00852817390114069, -0.023759806528687477, 0.08542489260435104, -0.07175852358341217, 1.098953366279602, 2.6548339537642875, 1.7483365237480086, -1.960156772214853, 37297.0, 31196.0, 33068.0, 38884.0, 7.83471155166626, 91.16494750976562, 62.71321487426758, 939.0313110351562, 0.5702622532844543, 2.628406047821045, 1.298966407775879, 1.149275779724121, 1.0445575714111328, 1.581298828125, 2.466064453125, 17.311599731445312, 1.543212890625
93064, -1.4221835136413574, 0.045381076633930206, 2.0654361248016357, 0.08769040554761887, -0.06772749125957489, 1.0979348421096802, -0.01524703111499548, 0.013351637870073318, 0.09349331259727478, 0.08600126206874847, -0.06615602225065231, 1.096313714981079, 0.6805742447789827, 1.201779538712998, -6.290225574098197, 37297.0, 31196.0, 33068.0, 38884.0, 7.795042037963867, 21.654069900512695, 42.66891098022461, -149.9046630859375, 0.5702622532844543, 2.628406047821045, 1.298966407775879, 1.149275779724121, 1.0445575714111328, 1.581298828125, 2.466064453125, 17.311599731445312, 1.543212890625
93074, -1.4486018419265747, -0.2045966386795044, -0.04947508126497269, 0.08770562708377838, -0.0680893138051033, 1.097855567932129, -0.015338080003857613, 0.011313924565911293, -0.033247511833906174, 0.0844561755657196, -0.06487822532653809, 1.099172830581665, 4.745161533542085, 1.4606232434973094, -4.370007023131422, 38746.0, 30724.0, 32399.0, 37198.0, 7.814876556396484, 21.654069900512695, 42.66891098022461, -149.9046630859375, -0.33514899015426636, -1.5538010597229004, 1.609915018081665, 1.149275779724121, 1.0445575714111328, 1.581298828125, 2.466064453125, 17.311599731445312, 1.543212890625
93084, -0.43743979930877686, -0.19640028476715088, -0.02884233556687832, 0.08755423128604889, -0.06796222180128098, 1.0975843667984009, -0.014944199472665787, 0.01388951763510704, -0.020947778597474098, 0.08483318239450455, -0.06751155108213425, 1.0975844860076904, 5.674580379819027, 0.9457297279462296, -0.7040174513714447, 38746.0, 30724.0, 32399.0, 37198.0, 7.854546070098877, 21.654069900512695, 42.66891098022461, -149.9046630859375, 0.09379302710294724, -0.04402648285031319, 2.230268716812134, 1.149275779724121, 1.0445575714111328, 1.581298828125, 2.466064453125, 17.311599731445312, 1.6025390625
93114, -0.297342985868454, -0.1335040032863617, -0.45423808693885803, 0.08712949603796005, -0.06752898544073105, 1.098817229270935, -0.013570193201303482, 0.013473348692059517, -0.012930070981383324, 0.08477933704853058, -0.06546060740947723, 1.0969908237457275, 5.706312801463449, 1.364406622584454, -6.578229933021803, 38746.0, 30724.0, 32399.0, 37198.0, 7.814876556396484, -115.2322006225586, 9.07876968383789, 460.3500061035156, 0.08990295976400375, 0.3493366837501526, 1.010519027709961, 1.149275779724121, 1.0445575714111328, 1.581298828125, 2.466064453125, 17.311599731445312, 1.604736328125
93134, -1.5689090490341187, -0.09078957885503769, 2.351137161254883, 0.08704826235771179, -0.06792593002319336, 1.099031686782837, -0.012303434312343597, 0.01707744039595127, 0.10375011712312698, 0.08432380855083466, -0.06704326719045639, 1.0966331958770752, 5.3519957991568194, 1.4027702521931644, -0.06718961321211271, 38746.0, 30724.0, 32399.0, 37198.0, 7.814876556396484, 1.628562569618225, 37.76833724975586, -195.4214324951172, -0.5027635097503662, -0.3577023148536682, 1.3241350650787354, 1.149275779724121, 1.0445575714111328, 1.581298828125, 2.466064453125, 17.311599731445312, 1.54833984375
93184, -0.2792329490184784, -0.1802278459072113, 0.03893840312957764, 0.08669640868902206, -0.06844604015350342, 1.0998835563659668, -0.00983272586017847, 0.014810406602919102, -0.018665889278054237, 0.08416198194026947, -0.06487534940242767, 1.0960214138031006, 1.9740301612808222, 1.832364987411495, -5.152464068372842, 36919.0, 31243.0, 33228.0, 38569.0, 7.83471155166626, 103.56269836425781, -13.538087844848633, -277.0860290527344, 0.45558393001556396, 2.7115378379821777, 1.249030590057373, 1.149275779724121, 1.0445575714111328, 1.581298828125, 0.638671875, 22.179885864257812, 1.524169921875
93204, -1.3812459707260132, -0.11448828130960464, 2.772799015045166, 0.0865095928311348, -0.06812389194965363, 1.1005175113677979, -0.00895667728036642, 0.019073279574513435, 0.10006065666675568, 0.08378966152667999, -0.0710034891963005, 1.095681071281433, 2.5852423855253193, 2.0910829430625597, -1.4630182048391285, 37803.0, 30968.0, 32944.0, 37763.0, 7.795042037963867, 103.56269836425781, -13.538087844848633, -277.0860290527344, 0.1875547468662262, 2.0298476219177246, -0.4059980809688568, 1.149275779724121, 1.0445575714111328, 1.581298828125, 0.638671875, 22.179885864257812, 1.53955078125
93214, -1.8646001815795898, -0.20130857825279236, -0.31781408190727234, 0.0865095928311348, -0.06812389194965363, 1.1005175113677979, -0.00895667728036642, 0.019073279574513435, 0.10006065666675568, 0.08294861763715744, -0.07231935858726501, 1.096609115600586, 2.335778335414373, 2.1454744929950778, -2.1429364736557037, 38574.0, 30743.0, 31937.0, 36912.0, 7.83471155166626, 103.56269836425781, -13.538087844848633, -277.0860290527344, 0.1875547468662262, 2.0298476219177246, -0.4059980809688568, 1.149275779724121, 1.0445575714111328, 1.581298828125, 0.638671875, 22.179885864257812, 1.53955078125
93224, -0.7685534358024597, -0.174452006816864, 0.20237264037132263, 0.0865095928311348, -0.06812389194965363, 1.1005175113677979, -0.00895667728036642, 0.019073279574513435, 0.10006065666675568, 0.08297035843133926, -0.07091531902551651, 1.0966874361038208, 2.417773407782797, 2.100241998787027, -3.5113223968658294, 38574.0, 30743.0, 31937.0, 36912.0, 7.83471155166626, 139.82058715820312, 20.133041381835938, -176.57125854492188, 0.1875547468662262, 2.0298476219177246, -0.4059980809688568, 1.149275779724121, 1.0445575714111328, 1.581298828125, 0.638671875, 22.179885864257812, 1.53955078125
93234, 0.3033842444419861, -0.45981669425964355, -0.945841372013092, 0.0865095928311348, -0.06812389194965363, 1.1005175113677979, -0.00895667728036642, 0.019073279574513435, 0.10006065666675568, 0.08342479169368744, -0.06749627739191055, 1.0948114395141602, 0.12204992090102465, 2.0397183570230766, -5.679894228348085, 36871.0, 31196.0, 33307.0, 38855.0, 7.83471155166626, 26.927692413330078, 30.380603790283203, 631.03564453125, 0.1875547468662262, 2.0298476219177246, -0.4059980809688568, 1.149275779724121, 1.0445575714111328, 1.581298828125, 0.638671875, 22.179885864257812, 1.53955078125
93244, 0.4196942448616028, -0.390607088804245, 2.0084211826324463, 0.0865095928311348, -0.06812389194965363, 1.1005175113677979, -0.00895667728036642, 0.019073279574513435, 0.10006065666675568, 0.082020103931427, -0.0662035271525383, 1.0966260433197021, 3.769133439412599, 2.2142568098878996, -6.530910415614579, 36559.0, 31404.0, 33820.0, 39193.0, 7.83471155166626, -118.5917739868164, -49.32613754272461, -748.1017456054688, 0.1875547468662262, 2.0298476219177246, -0.4059980809688568, 1.149275779724121, 1.0445575714111328, 1.581298828125, 0.638671875, 22.179885864257812, 1.53955078125
93254, -0.02207651175558567, -0.23604601621627808, 0.2921770513057709, 0.0865095928311348, -0.06812389194965363, 1.1005175113677979, -0.00895667728036642, 0.019073279574513435, 0.10006065666675568, 0.08132407814264297, -0.06570210307836533, 1.095609426498413, 4.556857462509091, 2.1662998666547537, -5.460238631745613, 36559.0, 31404.0, 33820.0, 39193.0, 7.83471155166626, -16.51761817932129, 10.433173179626465, 527.6250610351562, 0.1875547468662262, 2.0298476219177246, -0.4059980809688568, 1.149275779724121, 1.0445575714111328, 1.581298828125, 0.638671875, 22.179885864257812, 1.55712890625
93304, 0.5816105604171753, -0.25629594922065735, -0.6076629161834717, 0.0860908105969429, -0.06772711127996445, 1.1007061004638672, -0.004787418060004711, 0.022515738382935524, 0.03249543905258179, 0.0808747261762619, -0.07144977152347565, 1.096993088722229, 2.273727810912457, 2.2286904106834413, -2.6043719817403153, 36559.0, 31404.0, 33820.0, 39193.0, 7.874380588531494, -22.605070114135742, -37.95338439941406, -29.051538467407227, 0.5781992673873901, -0.48791801929473877, 0.21719346940517426, 1.149275779724121, 1.0445575714111328, 1.581298828125, 0.638671875, 22.179885864257812, 1.563720703125
93344, -0.9642707109451294, 0.13266783952713013, 3.034618616104126, 0.08600273728370667, -0.06729612499475479, 1.1013637781143188, -0.004296593368053436, 0.020834051072597504, -0.03362393006682396, 0.08011460304260254, -0.06869977712631226, 1.0959985256195068, 2.278097658832553, 1.375990504736336, -5.481357799485894, 38378.0, 30612.0, 32008.0, 37421.0, 7.83471155166626, -104.46110534667969, 28.92552375793457, -565.6376342773438, -0.1805380880832672, -0.5134741067886353, 2.1080148220062256, 1.149275779724121, 1.0445575714111328, 1.581298828125, 0.638671875, 22.179885864257812, 1.563720703125
93354, -1.445539116859436, 0.23334883153438568, -0.0064896936528384686, 0.08600273728370667, -0.06729612499475479, 1.1013637781143188, -0.004296593368053436, 0.020834051072597504, -0.03362393006682396, 0.0795523002743721, -0.06879293918609619, 1.0970895290374756, 3.554320407307153, 1.6585115878054637, -3.429242627289044, 38642.0, 30537.0, 31747.0, 37022.0, 7.83471155166626, -104.46110534667969, 28.92552375793457, -565.6376342773438, -0.1805380880832672, -0.5134741067886353, 2.1080148220062256, 1.149275779724121, 1.0445575714111328, 1.581298828125, 0.638671875, 22.179885864257812, 1.563720703125
93374, 0.6055775284767151, -0.1825179159641266, -0.18551480770111084, 0.08600273728370667, -0.06729612499475479, 1.1013637781143188, -0.004296593368053436, 0.020834051072597504, -0.03362393006682396, 0.07958456128835678, -0.07281363010406494, 1.0956755876541138, 1.8635334272280435, 1.3665568761520035, -1.4791026670825618, 37987.0, 30680.0, 32252.0, 37626.0, 7.83471155166626, -53.294158935546875, -19.671125411987305, 258.37646484375, -0.1805380880832672, -0.5134741067886353, 2.1080148220062256, 1.149275779724121, 1.0445575714111328, 1.581298828125, 0.638671875, 22.179885864257812, 1.5908203125
93434, -0.060423653572797775, -0.14737696945667267, 1.255521297454834, 0.08594242483377457, -0.06639976799488068, 1.1015315055847168, -0.0032406544778496027, 0.02085501328110695, -0.04642491415143013, 0.07761324197053909, -0.06871471554040909, 1.0971912145614624, 3.4286805134206793, 1.4515414470787107, -1.9303469278977796, 37987.0, 30680.0, 32252.0, 37626.0, 7.854546070098877, 146.9010009765625, -8.05264949798584, 172.16265869140625, 0.4608041048049927, -0.36970391869544983, 0.9708348512649536, 1.149275779724121, 1.0445575714111328, 1.581298828125, 0.638671875, 22.179885864257812, 1.5732421875
93464, 1.1685564517974854, -0.10368318855762482, 2.695822238922119, 0.08586869388818741, -0.06696651130914688, 1.1004990339279175, -0.0027578005101531744, 0.018058573827147484, 0.006396631710231304, 0.0783897116780281, -0.07111109048128128, 1.095689296722412, -0.164075932053274, 0.7718232352898724, -0.35316176668987354, 36528.0, 31062.0, 32428.0, 39247.0, 7.795042037963867, -8.811168670654297, 3.056729316711426, 216.46405029296875, -0.6834200024604797, -2.0997724533081055, -0.024406613782048225, 1.149275779724121, 1.0445575714111328, 1.581298828125, 0.638671875, 22.179885864257812, 1.5732421875
93474, 0.5107724666595459, 0.053912706673145294, 0.48425382375717163, 0.08586869388818741, -0.06696651130914688, 1.1004990339279175, -0.0027578005101531744, 0.018058573827147484, 0.006396631710231304, 0.0776035487651825, -0.07159418612718582, 1.0979294776916504, 2.4888878771247462, 1.644045724568457, -2.255619779467102, 37273.0, 30825.0, 32364.0, 38502.0, 7.83471155166626, -8.811168670654297, 3.056729316711426, 216.46405029296875, -0.6834200024604797, -2.0997724533081055, -0.024406613782048225, 1.149275779724121, 1.0445575714111328, 1.581298828125, 0.638671875, 22.179885864257812, 1.5732421875
93504, 0.01676465943455696, 0.26386553049087524, -0.12162408977746964, 0.08543218672275543, -0.06589024513959885, 1.1008797883987427, -0.00310852681286633, 0.01532403752207756, -0.053246088325977325, 0.07746952772140503, -0.06724218279123306, 1.0980149507522583, 4.025809244686448, 0.5056359997619211, -5.54561697240094, 37273.0, 30825.0, 32364.0, 38502.0, 7.83471155166626, 90.5593032836914, 65.54830169677734, 20.39453887939453, -0.6834200024604797, -2.0997724533081055, -0.024406613782048225, 1.149275779724121, 1.0445575714111328, 1.581298828125, 0.638671875, 22.179885864257812, 1.51611328125
93534, 1.5076346397399902, 0.11212725937366486, 4.107991695404053, 0.08531899750232697, -0.06548787653446198, 1.1011073589324951, -0.004478297661989927, 0.012258227914571762, -0.029637278988957405, 0.0774943009018898, -0.06998012214899063, 1.096566081047058, 1.128404821566103, 1.6641465735545466, -1.0776248190600524, 37273.0, 30825.0, 32364.0, 38502.0, 7.814876556396484, -30.89877700805664, -15.114480018615723, 122.2688980102539, -0.919220507144928, -2.555198907852173, 0.023580344393849373, 1.149275779724121, 1.0445575714111328, 1.581298828125, 0.638671875, 22.179885864257812, 1.51611328125
93564, -0.7792460918426514, 0.5114153027534485, 2.0500357151031494, 0.0850784108042717, -0.06553833186626434, 1.0996360778808594, -0.005724247079342604, 0.008175118826329708, 0.004126318264752626, 0.07783155888319016, -0.06667562574148178, 1.096636414527893, -0.07112176014995988, 1.008706392224184, -6.604874102359447, 38937.0, 30380.0, 31529.0, 37317.0, 7.814876556396484, -30.89877700805664, -15.114480018615723, 122.2688980102539, 0.4831090569496155, 0.6043117642402649, 0.548454225063324, 1.149275779724121, 1.0445575714111328, 1.581298828125, 0.638671875, 22.179885864257812, 1.51611328125
93574, -0.2327028214931488, 0.2469557672739029, 1.5270776748657227, 0.0850784108042717, -0.06553833186626434, 1.0996360778808594, -0.005724247079342604, 0.008175118826329708, 0.004126318264752626, 0.07589989900588989, -0.06462216377258301, 1.0982129573822021, 4.768872142291744, 1.730141476217284, -5.68160016368199, 38527.0, 30529.0, 31448.0, 37780.0, 7.854546070098877, -30.89877700805664, -15.114480018615723, 122.2688980102539, -0.13023041188716888, -2.4022929668426514, 2.064723491668701, 1.149275779724121, 1.0445575714111328, 1.581298828125, 0.638671875, 22.179885864257812, 1.51611328125
93594, 0.8801357746124268, 0.3213065266609192, -1.5016294717788696, 0.0848071426153183, -0.06516409665346146, 1.0988008975982666, -0.008130940608680248, 0.007598139811307192, 0.05008368939161301, 0.07675106078386307, -0.0682910829782486, 1.0989972352981567, 4.99671169305971, 0.9588141340162224, -0.627217093385521, 37639.0, 30929.0, 31596.0, 38905.0, 7.814876556396484, 38.298336029052734, 12.943756103515625, 543.9962158203125, 0.43376094102859497, 1.083411455154419, 0.7742331624031067, 1.149275779724121, 1.0445575714111328, 1.581298828125, 0.638671875, 22.179885864257812, 1.52783203125
93604, 1.092067837715149, 0.2094680368900299, 3.1031994819641113, 0.0848071426153183, -0.06516409665346146, 1.0988008975982666, -0.008130940608680248, 0.007598139811307192, 0.05008368939161301, 0.07682783156633377, -0.0716482400894165, 1.0992769002914429, 2.4327950083461194, 1.748412883754611, -0.9765143114296851, 37083.0, 31106.0, 32658.0, 39567.0, 7.795042037963867, 38.298336029052734, 12.943756103515625, 543.9962158203125, -0.006121309474110603, 1.2313470840454102, 1.5242536067962646, 1.149275779724121, 1.0445575714111328, 1.581298828125, 0.638671875, 22.179885864257812, 1.52783203125
93614, 0.2756212055683136, 0.4070058763027191, -1.3740230798721313, 0.08450987935066223, -0.06622631847858429, 1.0978683233261108, -0.009033691138029099, 0.0028975922614336014, -0.05383735150098801, 0.0765841081738472, -0.07130010426044464, 1.0999891757965088, 2.001818088596956, 1.7066351666435082, -2.477688706151664, 37083.0, 31106.0, 32658.0, 39567.0, 7.795042037963867, -193.39215087890625, 18.33708381652832, 101.74492645263672, -0.006121309474110603, 1.2313470840454102, 1.5242536067962646, 1.149275779724121, 1.0445575714111328, 1.581298828125, 0.638671875, 22.179885864257812, 1.598876953125
93624, -0.936324417591095, 0.2771545350551605, 1.1548130512237549, 0.08450987935066223, -0.06622631847858429, 1.0978683233261108, -0.009033691138029099, 0.0028975922614336014, -0.05383735150098801, 0.07700221985578537, -0.07008197903633118, 1.1008896827697754, 2.57949811726215, 2.2136556860856444, -4.378364621006757, 37083.0, 31106.0, 32658.0, 39567.0, 7.874380588531494, -193.39215087890625, 18.33708381652832, 101.74492645263672, -0.4620220959186554, 1.0448356866836548, 0.14296172559261322, 1.149275779724121, 1.0445575714111328, 1.581298828125, 0.638671875, 22.179885864257812, 1.5732421875
93664, 0.4454892873764038, 0.2214493751525879, -1.9365819692611694, 0.08375348150730133, -0.06649703532457352, 1.0972851514816284, -0.013120175339281559, 0.005125061608850956, 0.08007025718688965, 0.07642720639705658, -0.06644302606582642, 1.1026580333709717, 3.964726572448139, 1.794276682394326, -3.9424422821652847, 37083.0, 31106.0, 32658.0, 39567.0, 7.795042037963867, -193.39215087890625, 18.33708381652832, 101.74492645263672, -1.160678505897522, -2.9156577587127686, 0.0720028355717659, 1.149275779724121, 1.0445575714111328, 1.581298828125, 0.638671875, 22.179885864257812, 1.541015625
93684, 0.07347679883241653, 0.09713057428598404, 1.7599799633026123, 0.08348546922206879, -0.0663977712392807, 1.0976264476776123, -0.013565711677074432, 0.004065955989062786, -0.01745881699025631, 0.07653272151947021, -0.0715218335390091, 1.1014803647994995, 2.294163263199212, 2.094013490056085, -1.349269171365798, 37447.0, 31041.0, 33455.0, 38687.0, 7.874380588531494, -193.39215087890625, 18.33708381652832, 101.74492645263672, 0.3818461000919342, 1.5267781019210815, 1.9522761106491089, 1.149275779724121, 1.0445575714111328, 1.581298828125, 0.638671875, 22.179885864257812, 1.541015625
93714, -1.0965361595153809, -0.2045784294605255, 1.8502588272094727, 0.08263996988534927, -0.06638441979885101, 1.0975600481033325, -0.01570514589548111, 0.00770927220582962, -0.07195469737052917, 0.07716865837574005, -0.06537918001413345, 1.1009424924850464, 0.6557732604812905, 1.1774029309880234, -6.5384596584002725, 38598.0, 30820.0, 30747.0, 37462.0, 7.775207042694092, 54.55449676513672, 47.30406188964844, -113.70345306396484, 0.5756205320358276, 0.9717581868171692, 0.3614882528781891, 1.149275779724121, 1.0445575714111328, 1.581298828125, 0.638671875, 22.179885864257812, 1.541015625
93794, -0.42828041315078735, -0.4531310498714447, -0.25275030732154846, 0.08104472607374191, -0.06621681898832321, 1.0970696210861206, -0.012861557304859161, 0.01611713133752346, -0.018159957602620125, 0.07528433203697205, -0.06460615247488022, 1.1060359477996826, 3.3532259463354728, 1.6758369480098452, -7.13631327567368, 38815.0, 30877.0, 33501.0, 37437.0, 7.854546070098877, 13.244234085083008, -55.97453308105469, -360.20068359375, -0.27545592188835144, -2.273138999938965, 1.7256792783737183, 1.1217912435531616, 1.5642337799072266, 1.623779296875, 0.638671875, 22.179885864257812, 1.5146484375
93814, 0.5887609124183655, -0.5778828263282776, 4.681491851806641, 0.08104472607374191, -0.06621681898832321, 1.0970696210861206, -0.012861557304859161, 0.01611713133752346, -0.018159957602620125, 0.07532438635826111, -0.06487108767032623, 1.1064547300338745, 3.8808593081112135, 0.9099360815049806, -5.66616116207026, 36850.0, 31192.0, 34562.0, 39392.0, 7.795042037963867, 13.244234085083008, -55.97453308105469, -360.20068359375, -0.015476144850254059, 0.7507071495056152, 1.4346615076065063, 1.1217912435531616, 1.5642337799072266, 1.623779296875, 0.638671875, 22.179885864257812, 1.5146484375
93824, -0.20011095702648163, -0.31983694434165955, 1.383699655532837, 0.08104472607374191, -0.06621681898832321, 1.0970696210861206, -0.012861557304859161, 0.01611713133752346, -0.018159957602620125, 0.07503384351730347, -0.0663561299443245, 1.1064785718917847, 5.364469897335961, 0.861605031859142, -1.7421120657255629, 37424.0, 31020.0, 33371.0, 38787.0, 7.83471155166626, 13.244234085083008, -55.97453308105469, -360.20068359375, 0.5980754494667053, 1.829684853553772, 1.8177520036697388, 1.1217912435531616, 1.5642337799072266, 1.623779296875, 0.638671875, 22.179885864257812, 1.5146484375
93834, -1.1474636793136597, -0.46615979075431824, 4.1976470947265625, 0.08104472607374191, -0.06621681898832321, 1.0970696210861206, -0.012861557304859161, 0.01611713133752346, -0.018159957602620125, 0.07520551234483719, -0.067434161901474, 1.105530023574829, 2.8154932305085336, 1.2858286446706018, -1.014651229932187, 38450.0, 30757.0, 32400.0, 37918.0, 7.83471155166626, 16.145803451538086, -40.36634826660156, -60.15306091308594, 0.5980754494667053, 1.829684853553772, 1.8177520036697388, 1.1217912435531616, 1.5642337799072266, 1.623779296875, 0.638671875, 22.179885864257812, 1.5146484375
93844, -1.4577032327651978, -0.16311345994472504, 2.8906543254852295, 0.08104472607374191, -0.06621681898832321, 1.0970696210861206, -0.012861557304859161, 0.01611713133752346, -0.018159957602620125, 0.07446878403425217, -0.06988525390625, 1.1078218221664429, 2.1975030098753505, 1.6298004169832723, -2.047152903412853, 38997.0, 30551.0, 31218.0, 37436.0, 7.775207042694092, 105.07141876220703, 25.689538955688477, 150.5840606689453, 0.5980754494667053, 1.829684853553772, 1.8177520036697388, 1.1217912435531616, 1.5642337799072266, 1.623779296875, 0.638671875, 22.179885864257812, 1.5146484375
93854, -1.2347333431243896, -0.41484302282333374, 1.3663643598556519, 0.08104472607374191, -0.06621681898832321, 1.0970696210861206, -0.012861557304859161, 0.01611713133752346, -0.018159957602620125, 0.07459387183189392, -0.06823129951953888, 1.1078417301177979, 2.3203638319594106, 1.5764315040827057, -3.477998591833982, 38997.0, 30551.0, 31218.0, 37436.0, 7.775207042694092, 105.07141876220703, 25.689538955688477, 150.5840606689453, -0.5343267321586609, -2.2489500045776367, 1.6665623188018799, 1.1217912435531616, 1.5642337799072266, 1.623779296875, 0.638671875, 22.179885864257812, 1.56298828125
93904, -0.8087954521179199, -0.4955713450908661, 2.6034908294677734, 0.07869720458984375, -0.06681966036558151, 1.0959516763687134, -0.00897249486297369, 0.01548510231077671, 0.0057738893665373325, 0.07397715747356415, -0.06533845514059067, 1.108560562133789, 4.99814839045407, 0.8695257217084134, -1.125348877847504, 38997.0, 30551.0, 31218.0, 37436.0, 7.795042037963867, 35.989444732666016, -42.9317512512207, -347.5477600097656, -0.5602086782455444, 1.0164066553115845, 0.44130271673202515, 1.1217912435531616, 1.5642337799072266, 1.623779296875, 1.59521484375, 0.4058380126953125, 1.5498046875
93964, 0.24154317378997803, -0.23126819729804993, 0.08395672589540482, 0.07762907445430756, -0.06661494821310043, 1.09621262550354, -0.006970202550292015, 0.01341391634196043, -0.05240308865904808, 0.07307952642440796, -0.06269820034503937, 1.111364722251892, 3.9801871754629867, 1.2780346547883141, -5.44832564549543, 37563.0, 30902.0, 32264.0, 39128.0, 7.854546070098877, -139.76211547851562, 10.193132400512695, 156.3507080078125, 0.16519105434417725, 0.5116155743598938, 1.3460102081298828, 1.1217912435531616, 1.5642337799072266, 1.623779296875, 1.59521484375, 0.4058380126953125, 1.5498046875
94054, -0.9005752205848694, 0.09567839652299881, 1.7537846565246582, 0.07701222598552704, -0.06645447015762329, 1.098030686378479, -0.004619981627911329, 0.01165506150573492, 0.06752762198448181, 0.0730552077293396, -0.06437943130731583, 1.1098477840423584, 3.3461845248787916, 1.0771342649361202, -0.7806732317066399, 37277.0, 30930.0, 32861.0, 38876.0, 7.775207042694092, 11.231572151184082, -50.47343063354492, -89.16053771972656, -0.5434807538986206, 0.7925844192504883, 0.3831770718097687, 1.1217912435531616, 1.5642337799072266, 1.623779296875, 1.8603515625, 1.21820068359375, 1.552001953125
94064, -0.6305586695671082, -0.2331826239824295, 0.6909218430519104, 0.07701222598552704, -0.06645447015762329, 1.098030686378479, -0.004619981627911329, 0.01165506150573492, 0.06752762198448181, 0.07308120280504227, -0.06685850769281387, 1.109626054763794, 1.1957095415890204, 1.511747658152899, -1.4215990861203511, 38587.0, 30676.0, 32349.0, 37449.0, 7.814876556396484, 61.94392013549805, 14.03320026397705, -103.71834564208984, -0.5434807538986206, 0.7925844192504883, 0.3831770718097687, 1.1217912435531616, 1.5642337799072266, 1.623779296875, 1.8603515625, 1.21820068359375, 1.552001953125
94074, 0.31747299432754517, -0.24254854023456573, 0.5222671627998352, 0.07701222598552704, -0.06645447015762329, 1.098030686378479, -0.004619981627911329, 0.01165506150573492, 0.06752762198448181, 0.07293448597192764, -0.06553040444850922, 1.1116315126419067, 2.6566120120184875, 1.6241461472733363, -3.7454473187810886, 37624.0, 31004.0, 32614.0, 38501.0, 7.874380588531494, 28.238262176513672, -39.68758773803711, -386.4817810058594, -0.5434807538986206, 0.7925844192504883, 0.3831770718097687, 1.1217912435531616, 1.5642337799072266, 1.623779296875, 1.8603515625, 1.21820068359375, 1.552001953125
94094, 1.1567307710647583, -0.35982438921928406, 4.390868186950684, 0.07669366151094437, -0.06612484902143478, 1.0994176864624023, -0.004492258187383413, 0.010445189662277699, 0.0039719524793326855, 0.07220596820116043, -0.060316797345876694, 1.1107319593429565, 4.174012258976595, 1.7433638365345416, -6.829377115686756, 36659.0, 31264.0, 33395.0, 39407.0, 7.814876556396484, -101.49249267578125, -27.893301010131836, -465.7145690917969, -1.1316841840744019, -2.4846746921539307, -0.16047319769859314, 1.1217912435531616, 1.5642337799072266, 1.623779296875, 1.8603515625, 1.21820068359375, 1.5205078125
94124, -1.006579041481018, -0.05865681543946266, 2.159818172454834, 0.07641857862472534, -0.0655539259314537, 1.1007741689682007, -0.0034629059955477715, 0.011806841008365154, 0.0703708603978157, 0.0728159174323082, -0.06252986192703247, 1.110056757926941, 4.530477096779191, 1.0794302211792512, -1.0582915622007485, 36659.0, 31264.0, 33395.0, 39407.0, 7.795042037963867, 19.144407272338867, -40.024173736572266, -8.701201438903809, 0.6027610301971436, 1.1703256368637085, 0.12159151583909988, 1.1217912435531616, 1.5642337799072266, 1.623779296875, 1.8603515625, 1.21820068359375, 1.552001953125
94144, 0.07173780351877213, -0.38084346055984497, 0.34349092841148376, 0.07634679228067398, -0.06531096994876862, 1.100525975227356, -0.003326073056086898, 0.013195275329053402, -0.023017073050141335, 0.07302979379892349, -0.06456349790096283, 1.1108427047729492, 2.6995726807059044, 1.8600608506513936, -3.9223395423497296, 37674.0, 31083.0, 32252.0, 38279.0, 7.854546070098877, 57.63218688964844, 11.22492504119873, -100.44702911376953, 0.0895761102437973, 0.6053245663642883, 1.8546805381774902, 1.1217912435531616, 1.5642337799072266, 1.623779296875, 1.8603515625, 1.21820068359375, 1.552001953125
94174, 0.16890928149223328, -0.25097495317459106, -0.5640588998794556, 0.076130710542202, -0.0656239241361618, 1.1021193265914917, -0.0017918860539793968, 0.00847437884658575, -0.027613991871476173, 0.07317855209112167, -0.0601828508079052, 1.1102749109268188, 4.060667955413551, 1.0572378670115086, -5.306479655553215, 37112.0, 31163.0, 32890.0, 38690.0, 7.83471155166626, -135.33233642578125, 4.316514015197754, 295.33270263671875, 0.1514243185520172, 0.4204678237438202, 1.1956281661987305, 1.1217912435531616, 1.5642337799072266, 1.623779296875, 1.8603515625, 1.21820068359375, 1.552001953125
94194, -0.9402625560760498, -0.13843390345573425, 1.9746304750442505, 0.07611054182052612, -0.06544387340545654, 1.1025422811508179, -0.0002935863158199936, 0.011043254286050797, 0.08312509208917618, 0.07315188646316528, -0.06166316196322441, 1.1088683605194092, 4.393507671343392, 1.3916577215803443, -1.0152950231177547, 38039.0, 30928.0, 32963.0, 37805.0, 7.795042037963867, 49.045448303222656, 39.6939582824707, -41.516761779785156, -0.5816422700881958, 0.151996448636055, 0.8731046319007874, 1.1217912435531616, 1.5642337799072266, 1.623779296875, 1.8603515625, 1.21820068359375, 1.552001953125
94204, -0.9301485419273376, -0.4158373475074768, 0.05048973113298416, 0.07611054182052612, -0.06544387340545654, 1.1025422811508179, -0.0002935863158199936, 0.011043254286050797, 0.08312509208917618, 0.07313316315412521, -0.06561694294214249, 1.1087909936904907, 2.194643267244592, 2.124080273573611, -1.008392201469391, 38434.0, 30740.0, 32437.0, 37199.0, 7.83471155166626, 62.448036193847656, -10.16430950164795, -80.23697662353516, -0.5816422700881958, 0.151996448636055, 0.8731046319007874, 1.1217912435531616, 1.5642337799072266, 1.623779296875, 1.8603515625, 1.21820068359375, 1.552001953125
94214, 0.06823983043432236, -0.3776801824569702, 0.16739556193351746, 0.0761023759841919, -0.06521839648485184, 1.1025093793869019, -0.00011117273970739916, 0.01234124694019556, -0.020959366112947464, 0.07312377542257309, -0.0640040934085846, 1.1094105243682861, 2.0784037935306965, 1.8429274303909722, -3.1417860000483055, 38434.0, 30740.0, 32437.0, 37199.0, 7.8942155838012695, 62.448036193847656, -10.16430950164795, -80.23697662353516, 0.10039971023797989, 0.09848114848136902, 2.146669387817383, 1.1217912435531616, 1.5642337799072266, 1.623779296875, 1.8603515625, 1.21820068359375, 1.552001953125
94234, 1.0856746435165405, -0.5377728939056396, 3.7693326473236084, 0.07576273381710052, -0.06573789566755295, 1.1045767068862915, 0.0005350079736672342, 0.008419631980359554, 0.029360728338360786, 0.07287488132715225, -0.05933496356010437, 1.109020709991455, 3.443942091888452, 1.8840628149824283, -6.895384615659681, 38434.0, 30740.0, 32437.0, 37199.0, 7.795042037963867, -127.66159057617188, -50.03325653076172, -664.1177368164062, -0.5364242196083069, -2.414252996444702, -0.061558518558740616, 1.1217912435531616, 1.5642337799072266, 1.623779296875, 1.8603515625, 1.21820068359375, 1.541015625
94274, -1.1035765409469604, -0.40710657835006714, 0.07227616012096405, 0.07533872872591019, -0.06502729654312134, 1.1064691543579102, 0.0009476647828705609, 0.009186787530779839, -0.018212027847766876, 0.0727919265627861, -0.0622527152299881, 1.1074373722076416, 3.134699508696993, 1.7528200206590157, -0.7988224343463307, 38434.0, 30740.0, 32437.0, 37199.0, 7.814876556396484, 36.06382369995117, -40.92377471923828, 67.56488800048828, -0.458278626203537, -1.3872408866882324, 1.4722084999084473, 1.1217912435531616, 1.5642337799072266, 1.623779296875, 1.8603515625, 1.21820068359375, 1.541015625
94284, -0.08208111673593521, -0.36023828387260437, 0.3065911531448364, 0.07533872872591019, -0.06502729654312134, 1.1064691543579102, 0.0009476647828705609, 0.009186787530779839, -0.018212027847766876, 0.07245103269815445, -0.06478861719369888, 1.1071127653121948, 2.156817557602899, 1.9846008294534556, -0.9967488295844469, 37465.0, 30995.0, 32652.0, 37762.0, 7.854546070098877, 111.03022003173828, -7.1231584548950195, -263.9344482421875, -0.458278626203537, -1.3872408866882324, 1.4722084999084473, 1.1217912435531616, 1.5642337799072266, 1.623779296875, 1.8603515625, 1.21820068359375, 1.541015625
94294, 0.8017540574073792, -0.5404934883117676, -1.300185203552246, 0.07537425309419632, -0.06481365859508514, 1.1066045761108398, 0.003151040291413665, 0.009817462414503098, 0.08062775433063507, 0.07241961359977722, -0.06279229372739792, 1.1083937883377075, 2.432650188510636, 2.0277516545651793, -3.6573853729386094, 37465.0, 30995.0, 32652.0, 37762.0, 7.83471155166626, 111.03022003173828, -7.1231584548950195, -263.9344482421875, -0.2517368495464325, -1.9919679164886475, 0.03300154581665993, 1.1217912435531616, 1.5642337799072266, 1.623779296875, 1.8603515625, 1.21820068359375, 1.524169921875
94304, 0.9787541031837463, -0.6132827997207642, 3.4693896770477295, 0.07537425309419632, -0.06481365859508514, 1.1066045761108398, 0.003151040291413665, 0.009817462414503098, 0.08062775433063507, 0.07309132814407349, -0.05880232900381088, 1.104970932006836, -0.21326595126400427, 1.1433394250307458, -6.51954050860081, 36224.0, 31399.0, 33676.0, 38935.0, 7.814876556396484, -131.2852783203125, -54.72153091430664, -757.7373657226562, -0.2517368495464325, -1.9919679164886475, 0.03300154581665993, 1.1217912435531616, 1.5642337799072266, 1.623779296875, 1.8603515625, 1.21820068359375, 1.524169921875
94314, 0.24864351749420166, -0.3808560371398926, -0.07582449913024902, 0.07537425309419632, -0.06481365859508514, 1.1066045761108398, 0.003151040291413665, 0.009817462414503098, 0.08062775433063507, 0.07109074294567108, -0.05697615072131157, 1.1062612533569336, 4.224656767875642, 2.034410642918914, -6.842054154608631, 36607.0, 31274.0, 32923.0, 38432.0, 7.83471155166626, -57.882259368896484, 13.718828201293945, 477.2999572753906, -0.2517368495464325, -1.9919679164886475, 0.03300154581665993, 1.1217912435531616, 1.5642337799072266, 1.623779296875, 1.8603515625, 1.21820068359375, 1.524169921875
94334, -0.9184013605117798, -0.3289003074169159, 2.2938125133514404, 0.07507414370775223, -0.06406829506158829, 1.1083842515945435, 0.005092709790915251, 0.010495472699403763, 0.08628682792186737, 0.07194641977548599, -0.059264060109853745, 1.1061151027679443, 4.222489229064156, 1.3153264859849685, -2.3115200315318893, 38209.0, 30851.0, 32051.0, 36939.0, 7.795042037963867, -57.882259368896484, 13.718828201293945, 477.2999572753906, 0.12567652761936188, 2.0052928924560547, -0.47271305322647095, 1.1217912435531616, 1.5642337799072266, 1.623779296875, 1.8603515625, 1.21820068359375, 1.5615234375
94344, -1.285138726234436, -0.43509283661842346, -0.12933091819286346, 0.07512494921684265, -0.06396372616291046, 1.1087327003479004, 0.004866217728704214, 0.00977386999875307, -0.016586165875196457, 0.07201015949249268, -0.0600145198404789, 1.1040430068969727, 1.485628188045496, 1.3575876091958037, -0.8810213614289699, 38209.0, 30851.0, 32051.0, 36939.0, 7.83471155166626, 99.31380462646484, -28.232969284057617, -5.705739498138428, 0.12567652761936188, 2.0052928924560547, -0.47271305322647095, 1.1217912435531616, 1.5642337799072266, 1.623779296875, 1.8603515625, 1.21820068359375, 1.5615234375
94414, -1.3534858226776123, -0.3115404546260834, -0.05098938196897507, 0.07520687580108643, -0.06390485167503357, 1.1093323230743408, 0.009671187028288841, 0.008390281349420547, -0.014900626614689827, 0.07122232019901276, -0.06096600741147995, 1.1034705638885498, 2.637986245181682, 1.6741544233634045, -1.0985267783717794, 38440.0, 30684.0, 32088.0, 36863.0, 7.814876556396484, 133.82859802246094, -20.81150245666504, 110.81941223144531, -0.040292102843523026, 2.3520400524139404, -0.4303438663482666, 1.1217912435531616, 1.5642337799072266, 1.623779296875, 1.8603515625, 1.21820068359375, 1.5703125
94434, 0.6856487989425659, -0.596025288105011, -0.09977850317955017, 0.07520687580108643, -0.06390485167503357, 1.1093323230743408, 0.009671187028288841, 0.008390281349420547, -0.014900626614689827, 0.0709763839840889, -0.06144260615110397, 1.1037218570709229, 1.6779724859100182, 1.790236004913595, -2.929025385735061, 36874.0, 31085.0, 32979.0, 38669.0, 7.814876556396484, -53.56965637207031, -31.580242156982422, 204.49871826171875, 0.19503509998321533, -1.998852252960205, 1.992899775505066, 1.1217912435531616, 1.5642337799072266, 1.623779296875, 1.8603515625, 1.21820068359375, 1.528564453125
94444, 0.7211821675300598, -0.35250046849250793, 0.4625421464443207, 0.07520687580108643, -0.06390485167503357, 1.1093323230743408, 0.009671187028288841, 0.008390281349420547, -0.014900626614689827, 0.07110568881034851, -0.06070564687252045, 1.1038296222686768, 2.300701213239098, 2.1733040109136255, -3.8789208811488067, 36457.0, 31290.0, 33573.0, 39178.0, 7.814876556396484, -37.75815963745117, -18.074790954589844, -216.10885620117188, 0.19503509998321533, -1.998852252960205, 1.992899775505066, 1.1217912435531616, 1.5642337799072266, 1.623779296875, 1.8603515625, 1.21820068359375, 1.530029296875
94474, -0.9686869382858276, -0.1941349059343338, 2.208031177520752, 0.07519907504320145, -0.06370605528354645, 1.1084359884262085, 0.011946138925850391, 0.007144870702177286, 0.025890611112117767, 0.07013826072216034, -0.055766649544239044, 1.1028767824172974, 3.857375151530927, 1.4688754707855765, -5.055642093122993, 36457.0, 31290.0, 33573.0, 39178.0, 7.814876556396484, -70.16497802734375, -8.24886417388916, -311.5594177246094, 0.19503509998321533, -1.998852252960205, 1.992899775505066, 1.1217912435531616, 1.5642337799072266, 1.623779296875, 1.8603515625, 1.21820068359375, 1.546142578125
94524, 0.8806153535842896, -0.19947358965873718, 3.1710588932037354, 0.07507684081792831, -0.06241017207503319, 1.1085537672042847, 0.011291884817183018, 0.01091690268367529, -0.037423521280288696, 0.07096049934625626, -0.058628149330616, 1.099249005317688, 1.1653506845016002, 1.598875794140298, -5.511123450823647, 38156.0, 30626.0, 32549.0, 37452.0, 7.814876556396484, -32.28715896606445, -8.128296852111816, 61.29487228393555, -0.9889954924583435, -2.6245107650756836, 0.10010229051113129, 1.1217912435531616, 1.5642337799072266, 1.623779296875, 1.8603515625, 1.21820068359375, 1.525634765625
94564, -0.5574430823326111, -0.08931571990251541, 0.6745856404304504, 0.07500041276216507, -0.06171043962240219, 1.1084120273590088, 0.010010648518800735, 0.01368005108088255, -0.07488777488470078, 0.0697757750749588, -0.05669127777218819, 1.096856713294983, 1.276423725469248, 1.625404024354708, -1.1917255440695491, 38617.0, 30624.0, 32133.0, 36905.0, 7.814876556396484, 137.5792999267578, 21.90142059326172, 179.65054321289062, 0.6996100544929504, 0.6032468676567078, 0.5416092276573181, 1.1217912435531616, 1.5642337799072266, 1.623779296875, 1.8603515625, 1.21820068359375, 1.59521484375
94584, 0.6705999374389648, -0.09559603780508041, -1.3110512495040894, 0.0747462585568428, -0.0620194636285305, 1.1081846952438354, 0.009632503613829613, 0.011246640235185623, 0.055843185633420944, 0.07000875473022461, -0.053124066442251205, 1.09541916847229, -0.6301659221789939, 1.3356632916731712, -6.64819093676726, 36604.0, 31265.0, 33380.0, 39094.0, 7.814876556396484, 57.60469055175781, 26.148845672607422, 649.71533203125, 0.6996100544929504, 0.6032468676567078, 0.5416092276573181, 1.1217912435531616, 1.5642337799072266, 1.623779296875, 1.8603515625, 1.21820068359375, 1.59521484375
94624, -1.0360610485076904, 0.016313841566443443, 1.8705883026123047, 0.07514253258705139, -0.06158846244215965, 1.107896089553833, 0.010463201440870762, 0.012497227638959885, 0.03722481057047844, 0.0683143362402916, -0.057309865951538086, 1.0961549282073975, 2.4943318684290263, 1.6424707406175685, -2.4820461213560883, 38630.0, 30802.0, 31856.0, 37011.0, 7.795042037963867, -66.26969909667969, -15.17643928527832, -191.89906311035156, 0.6711565852165222, 0.9621838927268982, 0.27681541442871094, 1.1217912435531616, 1.5642337799072266, 1.623779296875, 1.65966796875, 0.5630340576171875, 1.58642578125
94644, 0.10245049744844437, -0.32239317893981934, 0.5478249192237854, 0.07465659081935883, -0.06122180074453354, 1.1071345806121826, 0.008704021573066711, 0.014290885999798775, -0.04298483952879906, 0.06921713799238205, -0.052653852850198746, 1.0933201313018799, 3.8535101090354837, 0.6485274113346406, -6.566747143499093, 37490.0, 31137.0, 32306.0, 38229.0, 7.874380588531494, -66.26969909667969, -15.17643928527832, -191.89906311035156, 0.13650131225585938, 0.8314164876937866, 1.7098512649536133, 1.1217912435531616, 1.5642337799072266, 1.623779296875, 1.65966796875, 0.5630340576171875, 1.58642578125
94654, 0.5987511277198792, -0.26876524090766907, -1.5352072715759277, 0.07465659081935883, -0.06122180074453354, 1.1071345806121826, 0.008704021573066711, 0.014290885999798775, -0.04298483952879906, 0.06742918491363525, -0.04988844320178032, 1.0951114892959595, 4.482412428789492, 1.4262933792149113, -4.5679253110622335, 36801.0, 31292.0, 33013.0, 39038.0, 7.795042037963867, -66.26969909667969, -15.17643928527832, -191.89906311035156, -0.8624987006187439, -2.660358428955078, 0.0537416972219944, 1.1217912435531616, 1.5642337799072266, 1.623779296875, 1.65966796875, 0.5630340576171875, 1.58642578125
94674, 0.10740558803081512, -0.16305236518383026, -0.23793675005435944, 0.07494593411684036, -0.060823675245046616, 1.1070667505264282, 0.010305280797183514, 0.01173066720366478, -0.0490686409175396, 0.0679105594754219, -0.05127770081162453, 1.0924291610717773, 5.233300297919005, 1.0785162291581116, -0.8858106910556485, 36607.0, 31298.0, 33217.0, 39124.0, 7.874380588531494, -66.26969909667969, -15.17643928527832, -191.89906311035156, 0.10753324627876282, 0.5663692355155945, 1.25234055519104, 1.1217912435531616, 1.5642337799072266, 1.623779296875, 1.65966796875, 0.5630340576171875, 1.5732421875
94684, -0.7995296716690063, -0.29604512453079224, 2.8350701332092285, 0.07494593411684036, -0.060823675245046616, 1.1070667505264282, 0.010305280797183514, 0.01173066720366478, -0.0490686409175396, 0.06831241399049759, -0.052214205265045166, 1.0907725095748901, 3.551537256817038, 1.2146313965632771, -1.1484907862050935, 38066.0, 30870.0, 32467.0, 37653.0, 7.874380588531494, -66.26969909667969, -15.17643928527832, -191.89906311035156, -0.5463501811027527, 0.1595350056886673, 0.9200224876403809, 1.1217912435531616, 1.5642337799072266, 1.623779296875, 1.65966796875, 0.5630340576171875, 1.5732421875
94704, -1.0698612928390503, -0.2523103356361389, 0.14794813096523285, 0.07441025227308273, -0.05975764989852905, 1.106959581375122, 0.008490771055221558, 0.01630946807563305, -0.05225134268403053, 0.06776992976665497, -0.05474065989255905, 1.0867985486984253, 3.1788059441730128, 1.6569414078631155, -4.552425390836074, 38518.0, 30695.0, 31936.0, 37058.0, 7.814876556396484, 46.529869079589844, 35.96510314941406, -57.64568328857422, -0.41997718811035156, -1.7232325077056885, 1.5408886671066284, 1.1217912435531616, 1.5642337799072266, 1.623779296875, 1.65966796875, 0.5630340576171875, 1.5380859375
94744, 0.10276715457439423, -0.08150334656238556, -0.38636040687561035, 0.07399644702672958, -0.059335023164749146, 1.1061227321624756, 0.008355165831744671, 0.014852968044579029, -0.056319765746593475, 0.066462941467762, -0.04957257956266403, 1.0745563507080078, 3.934131340799221, 1.5388709132112695, -3.2927378967151486, 38518.0, 30695.0, 31936.0, 37058.0, 7.854546070098877, -101.70854187011719, 8.863506317138672, 416.1882019042969, 0.47748318314552307, 2.6489901542663574, 1.268120288848877, 1.1217912435531616, 1.5642337799072266, 1.623779296875, 2.50341796875, 20.074783325195312, 1.5498046875
94754, -0.6156784892082214, -0.19237612187862396, 2.8203468322753906, 0.07408095896244049, -0.05918772518634796, 1.1057511568069458, 0.008603890426456928, 0.015128688886761665, -0.017994755879044533, 0.06622341275215149, -0.048239950090646744, 1.0656170845031738, 4.415271882452261, 1.3358289082119086, -3.482798790289051, 38518.0, 30695.0, 31936.0, 37058.0, 7.83471155166626, 36.271392822265625, -41.786930084228516, 66.28449249267578, -0.47711217403411865, -0.373129278421402, 1.2764384746551514, 1.1217912435531616, 1.5642337799072266, 1.623779296875, 2.50341796875, 20.074783325195312, 1.524169921875
94764, -1.0064656734466553, 0.032558344304561615, 2.43536114692688, 0.07416947931051254, -0.05902685597538948, 1.1059600114822388, 0.008786473423242569, 0.017559371888637543, 0.05974091589450836, 0.06618116050958633, -0.04835083335638046, 1.0596638917922974, 4.642948541308405, 1.7153425917981338, -4.296569087387818, 38608.0, 30668.0, 32273.0, 37089.0, 7.795042037963867, -23.661579132080078, 39.42058563232422, -236.65365600585938, 0.2667854428291321, 1.7895389795303345, -0.2680998742580414, 1.1217912435531616, 1.5642337799072266, 1.623779296875, 2.50341796875, 20.074783325195312, 1.524169921875
94794, 0.6746602058410645, -0.3128046989440918, -0.9820103645324707, 0.07359746098518372, -0.05912390723824501, 1.1047074794769287, 0.007097349967807531, 0.01659838855266571, 0.032715048640966415, 0.06628396362066269, -0.05521562322974205, 1.0421677827835083, 2.808598789782202, 1.9185064018618618, -1.0980787116758814, 36962.0, 31120.0, 33065.0, 38959.0, 7.854546070098877, -23.661579132080078, 39.42058563232422, -236.65365600585938, -0.46016114950180054, -1.2604914903640747, 1.4315543174743652, 1.1217912435531616, 1.5642337799072266, 1.623779296875, 1.65234375, 0.5445709228515625, 1.524169921875
94814, 0.1278609037399292, -0.1411881446838379, 0.10637092590332031, 0.0737469270825386, -0.05880584567785263, 1.1046638488769531, 0.007998699322342873, 0.014633256942033768, -0.05979166924953461, 0.06679269671440125, -0.05514177680015564, 1.02830171585083, 2.0755609028090056, 1.7964168429323024, -4.37744498741977, 36962.0, 31120.0, 33065.0, 38959.0, 7.814876556396484, -42.799434661865234, 10.875507354736328, 485.9548034667969, 0.07357867062091827, -0.4461108148097992, 0.7395527362823486, 1.1217912435531616, 1.5642337799072266, 1.623779296875, 1.65234375, 0.5445709228515625, 1.60986328125
94894, -0.055657289922237396, -0.1795317381620407, 2.42866587638855, 0.07343882322311401, -0.05711217597126961, 1.1028839349746704, 0.008601642213761806, 0.015640491619706154, -0.02556411735713482, 0.06544457376003265, -0.055718228220939636, 0.9730530381202698, 1.6005567807964427, 2.8923153675274875, -1.6378374610388868, 36962.0, 31120.0, 33065.0, 38959.0, 7.83471155166626, -62.931915283203125, 35.45355987548828, -413.1697998046875, 0.1783335953950882, 2.722208023071289, 1.4339007139205933, 1.1217912435531616, 1.5642337799072266, 1.623779296875, 1.0458984375, 2.071624755859375, 1.538818359375
94914, -1.2723331451416016, -0.1116340383887291, -0.4203244745731354, 0.07255947589874268, -0.05627479404211044, 1.1021417379379272, 0.006481736432760954, 0.018715202808380127, 0.058047566562891006, 0.06606753170490265, -0.05147266015410423, 0.9567883610725403, -0.5709668291543737, 2.7840585836981973, -3.497547897078484, 38816.0, 30676.0, 31896.0, 37158.0, 7.795042037963867, -62.931915283203125, 35.45355987548828, -413.1697998046875, -0.10044362396001816, 2.4064888954162598, -0.3905292749404907, 1.1217912435531616, 1.5642337799072266, 1.623779296875, 1.0458984375, 2.071624755859375, 1.538818359375
94934, 1.0120238065719604, -0.4189923107624054, -0.30326730012893677, 0.07275845855474472, -0.055692609399557114, 1.1015843152999878, 0.007293885573744774, 0.019351741299033165, 0.005095409229397774, 0.06403117626905441, -0.048446185886859894, 0.9388906955718994, 3.4228269887330827, 3.082991278644755, -3.1666426338894333, 38159.0, 30752.0, 32452.0, 37830.0, 7.83471155166626, -35.891265869140625, -15.278853416442871, 339.557861328125, 0.22135613858699799, -1.7561336755752563, 2.11449933052063, 1.1217912435531616, 1.5642337799072266, 1.623779296875, 1.0458984375, 2.071624755859375, 1.547607421875
95004, 1.1194080114364624, -0.3658408522605896, 0.1648493856191635, 0.07226622849702835, -0.05483798682689667, 1.0999422073364258, 0.0066529009491205215, 0.016986092552542686, -0.06537506729364395, 0.06216946616768837, -0.05055881291627884, 0.8835612535476685, 1.7132083411725165, 3.515688383124427, -3.2179374942171552, 27691.0, 31022.0, 32788.0, 29547.0, 7.9140496253967285, -83.32789611816406, -26.316587448120117, -519.5985717773438, 0.6583418250083923, 0.6130367517471313, 0.26292431354522705, 1.1217912435531616, 1.5642337799072266, 1.623779296875, 1.0458984375, 2.071624755859375, 1.612060546875
95024, 1.1112699508666992, -0.2351839244365692, 2.546436071395874, 0.07226622849702835, -0.05483798682689667, 1.0999422073364258, 0.0066529009491205215, 0.016986092552542686, -0.06537506729364395, 0.060600027441978455, -0.04426610842347145, 0.8578290939331055, 0.8912028974439437, 3.6972459733399887, -3.0137061550995727, 26582.0, 31226.0, 32756.0, 29181.0, 7.933885097503662, -83.32789611816406, -26.316587448120117, -519.5985717773438, 0.00038569781463593245, 0.6369303464889526, 1.4503681659698486, 0.6950632929801941, 0.2740001678466797, 1.518310546875, 1.0458984375, 2.071624755859375, 1.612060546875
95034, 0.9268872737884521, -0.21798421442508698, 1.5759549140930176, 0.07152952998876572, -0.05468035489320755, 1.0980489253997803, 0.0052365646697580814, 0.013182313181459904, -0.10702558606863022, 0.059791773557662964, -0.047847479581832886, 0.844886839389801, 3.671894211191758, 3.5341805387347733, -2.6572065765415243, 26582.0, 31226.0, 32756.0, 29181.0, 7.933885097503662, -96.68836212158203, 1.7714556455612183, 201.75198364257812, 0.00038569781463593245, 0.6369303464889526, 1.4503681659698486, 0.6950632929801941, 0.2740001678466797, 1.518310546875, 1.0458984375, 2.071624755859375, 1.543212890625
95044, 0.2784346342086792, -0.16451288759708405, 3.4194600582122803, 0.07158433645963669, -0.05455796793103218, 1.0969797372817993, 0.005696031730622053, 0.011290024034678936, -0.10680492222309113, 0.060352105647325516, -0.05082666128873825, 0.8355112671852112, 2.497746217105552, 3.4802805147035656, -3.461916782572546, 26582.0, 31226.0, 32756.0, 29181.0, 7.973554611206055, -96.68836212158203, 1.7714556455612183, 201.75198364257812, 0.00038569781463593245, 0.6369303464889526, 1.4503681659698486, 0.6950632929801941, 0.2740001678466797, 1.518310546875, 1.0458984375, 2.071624755859375, 1.563720703125
95054, 0.15892843902111053, -0.08470193296670914, 0.5009756088256836, 0.07164319604635239, -0.05445225164294243, 1.0958682298660278, 0.006119251251220703, 0.009772502817213535, -0.11549422889947891, 0.05899960547685623, -0.048990074545145035, 0.8254337906837463, 2.5643752121720085, 3.804701510485529, -3.353154017390653, 26582.0, 31226.0, 32756.0, 29181.0, 7.9537200927734375, -96.68836212158203, 1.7714556455612183, 201.75198364257812, -0.4569479823112488, 0.2718043923377991, 0.26344969868659973, 0.6950632929801941, 0.2740001678466797, 1.518310546875, 1.0458984375, 2.071624755859375, 1.563720703125
95064, 0.1432194858789444, -0.10235671699047089, 1.9378035068511963, 0.07069490849971771, -0.05344533920288086, 1.0940319299697876, 0.003622663440182805, 0.011922760866582394, -0.17816199362277985, 0.05790179595351219, -0.04531540349125862, 0.8088979125022888, 0.5709686550290984, 3.5639830223960587, -3.870943937659952, 26582.0, 31226.0, 32756.0, 29181.0, 7.9537200927734375, 21.199960708618164, 2.588571310043335, -88.5066146850586, -0.4569479823112488, 0.2718043923377991, 0.26344969868659973, 0.6950632929801941, 0.2740001678466797, 1.518310546875, 1.0458984375, 2.071624755859375, 1.563720703125
95114, 1.1260128021240234, -0.22546811401844025, 0.7339377999305725, 0.07000823318958282, -0.053054079413414, 1.0791170597076416, 0.0017176452092826366, 0.011650805361568928, -0.4421693682670593, 0.05395276099443436, -0.047169674187898636, 0.7607606649398804, 3.596316862267954, 3.5354866282033868, -4.443591886715139, 29540.0, 31045.0, 31972.0, 31301.0, 7.9140496253967285, -15.005050659179688, -23.67681121826172, -187.24952697753906, -0.2657131552696228, -1.7283982038497925, 0.5698704719543457, 0.6950632929801941, 0.2740001678466797, 1.518310546875, 1.0458984375, 2.071624755859375, 1.534423828125
95124, 1.4366894960403442, -0.15025410056114197, 2.635298728942871, 0.07000823318958282, -0.053054079413414, 1.0791170597076416, 0.0017176452092826366, 0.011650805361568928, -0.4421693682670593, 0.052718326449394226, -0.04612388089299202, 0.7509914636611938, 3.0459463573221277, 3.4048246233756743, -4.602079663530478, 30267.0, 30923.0, 31861.0, 32290.0, 7.9140496253967285, 3.7936713695526123, -6.758267402648926, -133.1727752685547, -0.2657131552696228, -1.7283982038497925, 0.5698704719543457, 0.6950632929801941, 0.2740001678466797, 1.518310546875, 1.0458984375, 2.071624755859375, 1.534423828125
95144, 0.6855061650276184, 0.13560502231121063, 2.395674467086792, 0.07010921090841293, -0.05270329490303993, 1.0594524145126343, 0.0030848432797938585, 0.0055589559487998486, -0.5628278255462646, 0.0515112541615963, -0.04191219061613083, 0.7326041460037231, 1.9320999763780455, 2.7564292433347077, -3.898454208782478, 30267.0, 30923.0, 31861.0, 32290.0, 7.8942155838012695, -95.44841003417969, -0.28715407848358154, 41.562469482421875, -0.10654274374246597, -0.010126804001629353, 0.7725169062614441, 0.6950632929801941, 0.2740001678466797, 1.518310546875, 1.0458984375, 2.071624755859375, 1.518310546875
95154, -0.2730557322502136, 0.20891164243221283, 2.385814905166626, 0.07010921090841293, -0.05270329490303993, 1.0594524145126343, 0.0030848432797938585, 0.0055589559487998486, -0.5628278255462646, 0.04945620894432068, -0.038712598383426666, 0.7235959768295288, 5.170179481853047, 2.9954047024511965, -3.5064809245020836, 30267.0, 30923.0, 31861.0, 32290.0, 7.8942155838012695, -95.44841003417969, -0.28715407848358154, 41.562469482421875, 0.011008246801793575, 0.2692261040210724, 1.5511597394943237, 0.6950632929801941, 0.2740001678466797, 1.518310546875, 1.0458984375, 2.071624755859375, 1.600341796875
95164, -0.5797021389007568, 0.30926334857940674, 2.369305372238159, 0.06918986141681671, -0.051763784140348434, 1.0545450448989868, 0.0006436626426875591, 0.006441189907491207, -0.6043182611465454, 0.04850499704480171, -0.03850765526294708, 0.7184075713157654, 5.444929302582397, 2.9022004105375174, -3.4670727689277325, 30267.0, 30923.0, 31861.0, 32290.0, 7.8942155838012695, -95.44841003417969, -0.28715407848358154, 41.562469482421875, 0.011008246801793575, 0.2692261040210724, 1.5511597394943237, 0.6950632929801941, 0.2740001678466797, 1.518310546875, 1.0458984375, 2.071624755859375, 1.5439453125
95174, -0.8690805435180664, 0.39850378036499023, 1.052449107170105, 0.06918986141681671, -0.051763784140348434, 1.0545450448989868, 0.0006436626426875591, 0.006441189907491207, -0.6043182611465454, 0.04719015955924988, -0.04033030569553375, 0.7013182640075684, 6.087446765509094, 2.797721468122262, -4.267858553421046, 33770.0, 30304.0, 30545.0, 32047.0, 7.8942155838012695, -95.44841003417969, -0.28715407848358154, 41.562469482421875, 0.09373897314071655, 0.13951247930526733, 1.1676965951919556, 0.6950632929801941, 0.2740001678466797, 1.518310546875, 1.0458984375, 2.071624755859375, 1.5439453125
95214, 0.7357866168022156, 0.4559285342693329, 2.822064161300659, 0.0685102641582489, -0.052022535353899, 1.0228086709976196, -0.003604921977967024, 0.007028950843960047, -0.6809405088424683, 0.041151922196149826, -0.03981270641088486, 0.6351479291915894, 4.7705397271258345, 1.6202792621849085, -4.9266624805613315, 33770.0, 30304.0, 30545.0, 32047.0, 7.854546070098877, 1.4717458486557007, 14.046630859375, 215.43453979492188, -0.5428114533424377, -1.2249222993850708, 0.4541473686695099, 0.6950632929801941, 0.2740001678466797, 1.518310546875, 1.0458984375, 2.071624755859375, 1.49267578125
95264, -1.475319743156433, 1.0839532613754272, 1.6144593954086304, 0.06832748651504517, -0.05179769918322563, 0.9932665228843689, -0.00583063717931509, 0.0033222732599824667, -0.794710636138916, 0.03644585981965065, -0.041688691824674606, 0.5782289505004883, 1.7780530227558906, 0.34067236356833064, -6.103229468965941, 35751.0, 29952.0, 29114.0, 33588.0, 7.854546070098877, 13.733004570007324, -6.117487907409668, 177.39114379882812, 0.2526920735836029, 2.07830810546875, -0.03433024510741234, 0.6950632929801941, 0.2740001678466797, 1.518310546875, 1.0458984375, 2.071624755859375, 1.51904296875
95274, -1.1252119541168213, 1.0995911359786987, 2.939633369445801, 0.06832748651504517, -0.05179769918322563, 0.9932665228843689, -0.00583063717931509, 0.0033222732599824667, -0.794710636138916, 0.03451269865036011, -0.041112106293439865, 0.5727099180221558, 4.3692754829304485, 0.721356591183536, -7.094503460193247, 35304.0, 30021.0, 29082.0, 34282.0, 7.874380588531494, 13.733004570007324, -6.117487907409668, 177.39114379882812, 0.2526920735836029, 2.07830810546875, -0.03433024510741234, 0.6950632929801941, 0.2740001678466797, 1.518310546875, 1.0458984375, 2.071624755859375, 1.51904296875
95294, -0.3140571713447571, 1.3128844499588013, 1.0471301078796387, 0.06726361066102982, -0.051421526819467545, 0.9637178182601929, -0.014391587115824223, 0.01075066439807415, -0.811349630355835, 0.03222367912530899, -0.04172088950872421, 0.5505049824714661, 4.255448559618624, 0.0923912865440002, -4.546007320613273, 34264.0, 30243.0, 29472.0, 35867.0, 7.8942155838012695, 82.98957824707031, 9.370513916015625, 589.820068359375, 0.030055811628699303, -0.04592036455869675, 0.9583233594894409, 0.6950632929801941, 0.2740001678466797, 1.518310546875, 1.0458984375, 2.071624755859375, 1.51904296875
95334, -1.455945372581482, 1.5012801885604858, 2.4805965423583984, 0.06607188284397125, -0.05063138157129288, 0.9318130016326904, -0.02341047301888466, 0.012838896363973618, -0.8503552079200745, 0.028790991753339767, -0.04440920799970627, 0.49939706921577454, 1.9421725311116012, -1.2360976184477863, -7.814474078467372, 34264.0, 30243.0, 29472.0, 35867.0, 7.8942155838012695, -126.5210189819336, -21.51771354675293, 455.00201416015625, -0.04891228675842285, 2.043881416320801, -0.1607002466917038, 0.6950632929801941, 0.2740001678466797, 1.518310546875, 1.0458984375, 2.071624755859375, 1.51318359375
95384, 0.38847294449806213, 1.428375244140625, 4.468382358551025, 0.06424257159233093, -0.05051466450095177, 0.889419674873352, -0.03735430911183357, 0.019588138908147812, -0.8358941674232483, 0.026778046041727066, -0.04413861036300659, 0.4690164625644684, 4.283424486239826, -2.029755269343269, -2.8349442143817645, 34525.0, 30149.0, 29470.0, 36867.0, 7.854546070098877, -126.5210189819336, -21.51771354675293, 455.00201416015625, -0.3274204134941101, -2.0497634410858154, 0.2361411303281784, 0.6950632929801941, 0.2740001678466797, 1.518310546875, 1.0458984375, 2.071624755859375, 1.51318359375
95394, -0.046007122844457626, 1.6252927780151367, 0.5767565965652466, 0.06424257159233093, -0.05051466450095177, 0.889419674873352, -0.03735430911183357, 0.019588138908147812, -0.8358941674232483, 0.026317156851291656, -0.04538548365235329, 0.4614814817905426, 1.7160597489894542, -1.1862573466038384, -1.4820610310521491, 34907.0, 29966.0, 29209.0, 36492.0, 7.854546070098877, -95.93282318115234, -17.380329132080078, 271.0848083496094, -0.3274204134941101, -2.0497634410858154, 0.2361411303281784, 0.6950632929801941, 0.2740001678466797, 1.518310546875, 1.0458984375, 2.071624755859375, 1.51318359375
95404, -0.8261416554450989, 1.6520975828170776, 2.542829751968384, 0.0634676143527031, -0.05012241005897522, 0.8718375563621521, -0.04040685296058655, 0.01945415511727333, -0.9035111665725708, 0.026208054274320602, -0.04946218058466911, 0.4505065679550171, 0.9907409681470449, -1.6355646168625526, -1.0767658984021278, 34907.0, 29966.0, 29209.0, 36492.0, 7.854546070098877, 54.602901458740234, -13.777409553527832, 33.90520477294922, -0.3274204134941101, -2.0497634410858154, 0.2361411303281784, 0.6950632929801941, 0.2740001678466797, 1.518310546875, 1.0458984375, 2.071624755859375, 1.5
95474, 0.8752395510673523, 1.5233829021453857, -0.27965110540390015, 0.05996397137641907, -0.04793895035982132, 0.8195197582244873, -0.06012105196714401, 0.02384142391383648, -0.8593592047691345, 0.026142975315451622, -0.044166285544633865, 0.39638739824295044, 3.395680876310089, -2.445902137707577, -3.330692586415743, 34997.0, 30019.0, 31334.0, 36834.0, 7.874380588531494, -53.237789154052734, -10.29917049407959, -375.2840270996094, 0.2837563753128052, 1.8348615169525146, 0.9578002095222473, 0.6950632929801941, 0.2740001678466797, 1.518310546875, 1.0458984375, 2.071624755859375, 1.52490234375
95484, 0.002027693437412381, 1.5256298780441284, 1.1156388521194458, 0.05817652493715286, -0.046455018222332, 0.8006411790847778, -0.06497126072645187, 0.024082379415631294, -0.9203619360923767, 0.026359310373663902, -0.04542676359415054, 0.3889092206954956, 3.445590672227952, -2.3156303803969536, -1.542557434489457, 34997.0, 30019.0, 31334.0, 36834.0, 7.8942155838012695, -53.237789154052734, -10.29917049407959, -375.2840270996094, -0.11608108878135681, -0.060188762843608856, 1.290074110031128, 0.6950632929801941, 0.2740001678466797, 1.518310546875, 1.0458984375, 2.071624755859375, 1.52490234375
95534, 1.7950737476348877, 1.0181878805160522, 1.050295352935791, 0.05416233837604523, -0.0454859584569931, 0.7534976005554199, -0.07908090204000473, 0.01968608796596527, -0.9146543145179749, 0.028497500345110893, -0.045213375240564346, 0.34921982884407043, -0.6700086914511727, -2.103793464715096, -8.247285320290812, 34509.0, 30429.0, 33126.0, 37610.0, 7.854546070098877, 38.364707946777344, -2.9957594871520996, 17.93071746826172, 0.5356085300445557, -0.06814506649971008, 0.5578733682632446, 0.6950632929801941, 0.2740001678466797, 1.518310546875, 1.0458984375, 2.071624755859375, 1.486083984375
95544, 2.0951220989227295, 0.9900908470153809, 1.4818471670150757, 0.05416233837604523, -0.0454859584569931, 0.7534976005554199, -0.07908090204000473, 0.01968608796596527, -0.9146543145179749, 0.027839533984661102, -0.04394299164414406, 0.3442752957344055, 2.571514453819354, -1.68635077717002, -8.59060199476023, 34509.0, 30429.0, 33126.0, 37610.0, 7.854546070098877, -2.2951340675354004, 6.075342178344727, -91.9698257446289, 0.5356085300445557, -0.06814506649971008, 0.5578733682632446, 0.6950632929801941, 0.2740001678466797, 1.518310546875, 1.0458984375, 2.071624755859375, 1.56005859375
95644, -0.19645805656909943, -0.30354043841362, 1.0429283380508423, 0.04416666552424431, -0.042679563164711, 0.6550291180610657, -0.09420012682676315, 0.0010716452961787581, -0.9901859760284424, 0.03165291249752045, -0.04724641889333725, 0.2934895157814026, 0.44858277089246346, -1.8325601645784673, -4.0159654749980636, 36923.0, 30536.0, 33667.0, 35697.0, 7.814876556396484, -165.78558349609375, 32.22846984863281, -364.0707092285156, 0.42678597569465637, 1.4052987098693848, 1.3592569828033447, 0.6950632929801941, 0.2740001678466797, 1.518310546875, 1.0458984375, 2.071624755859375, 1.56005859375
95654, -0.25841185450553894, -0.5517055988311768, 1.1699260473251343, 0.04416666552424431, -0.042679563164711, 0.6550291180610657, -0.09420012682676315, 0.0010716452961787581, -0.9901859760284424, 0.03158450871706009, -0.04744429513812065, 0.288083553314209, 2.3024737713119587, -1.075801083591216, -5.376964509675514, 37354.0, 30593.0, 33325.0, 35377.0, 7.83471155166626, 112.62333679199219, 30.145320892333984, -64.85617065429688, 0.42678597569465637, 1.4052987098693848, 1.3592569828033447, 0.6950632929801941, 0.2740001678466797, 1.518310546875, 1.0458984375, 2.071624755859375, 1.56005859375
95734, -1.2458819150924683, -2.401740074157715, -0.266360342502594, 0.03502076119184494, -0.043745316565036774, 0.558439314365387, -0.07579439878463745, -0.008858143351972103, -0.9063174724578857, 0.036065082997083664, -0.04357214644551277, 0.22994737327098846, 2.9115815049761484, -0.5556403301566775, -2.9288568677486575, 36952.0, 30891.0, 33420.0, 35799.0, 7.83471155166626, -162.21006774902344, 10.85587215423584, 209.18333435058594, 0.45512980222702026, 1.509796380996704, -0.3863930106163025, 0.6950632929801941, 0.2740001678466797, 1.518310546875, 0.693603515625, 17.418121337890625, 1.5234375
95774, 0.07495677471160889, -3.104827404022217, -0.0924379825592041, 0.03156983107328415, -0.044059351086616516, 0.5175089836120605, -0.060272183269262314, -0.006364521104842424, -0.9362940788269043, 0.04026671499013901, -0.04308232665061951, 0.1935499906539917, 0.9826633478431257, -0.749941569969792, -6.440533047902109, 35647.0, 32060.0, 35528.0, 37475.0, 7.814876556396484, -28.968019485473633, 13.008198738098145, 392.3017883300781, -0.40935036540031433, -1.8072682619094849, 0.5332489609718323, 0.6950632929801941, 0.2740001678466797, 1.518310546875, 0.693603515625, 17.418121337890625, 1.54541015625
95794, -1.9176459312438965, -3.167114496231079, 0.5628358721733093, 0.029770206660032272, -0.04398369416594505, 0.49470239877700806, -0.052664171904325485, -0.005950519815087318, -0.9680511355400085, 0.04059850424528122, -0.04140262305736542, 0.17871201038360596, 4.64735919454382, 0.10584652485340484, -5.32805402135627, 37157.0, 31548.0, 34737.0, 35764.0, 7.874380588531494, 36.50743865966797, -17.731624603271484, 109.20697021484375, -0.40935036540031433, -1.8072682619094849, 0.5332489609718323, 0.6950632929801941, 0.2740001678466797, 1.518310546875, 0.693603515625, 17.418121337890625, 1.564453125
95804, -1.7995436191558838, -3.1690526008605957, 0.37662485241889954, 0.029272601008415222, -0.04403914883732796, 0.4850499629974365, -0.046560708433389664, -0.005113617517054081, -0.9628023505210876, 0.041971947997808456, -0.04088837653398514, 0.1698555052280426, 2.069966439072637, 0.016482860767297325, -4.562513107842742, 37618.0, 31298.0, 34505.0, 35315.0, 7.814876556396484, 85.47017669677734, 2.905210018157959, -125.9686050415039, -0.40935036540031433, -1.8072682619094849, 0.5332489609718323, 0.6950632929801941, 0.2740001678466797, 1.518310546875, 0.693603515625, 17.418121337890625, 1.564453125
95814, -1.4217174053192139, -3.3538544178009033, -1.4568465948104858, 0.028841685503721237, -0.04406879097223282, 0.475562185049057, -0.039610251784324646, -0.0008963475120253861, -0.9347470998764038, 0.041476182639598846, -0.042640265077352524, 0.16234806180000305, 4.537303561035122, 0.0909381648651788, -3.8142611987001347, 37618.0, 31298.0, 34505.0, 35315.0, 7.814876556396484, 47.105072021484375, 29.36991310119629, -102.88018798828125, -0.40935036540031433, -1.8072682619094849, 0.5332489609718323, 0.6950632929801941, 0.2740001678466797, 1.518310546875, 0.693603515625, 17.418121337890625, 1.57177734375
95844, 0.3438379168510437, -3.8762166500091553, 1.746618390083313, 0.027495473623275757, -0.0449085496366024, 0.44283029437065125, -0.020165851339697838, 0.0016224955907091498, -0.9031578898429871, 0.0452934093773365, -0.047450706362724304, 0.1314886510372162, 2.8141446846811804, 1.076338736701814, -5.012198745452993, 37618.0, 31298.0, 34505.0, 35315.0, 7.814876556396484, 25.87261199951172, -26.27836799621582, -213.36865234375, 0.06615981459617615, 0.6289025545120239, 1.0040761232376099, 0.6950632929801941, 0.2740001678466797, 1.518310546875, 0.693603515625, 17.418121337890625, 1.562255859375
95854, -0.372389554977417, -3.668997287750244, -0.8265092372894287, 0.027304423972964287, -0.044891491532325745, 0.4334794282913208, -0.018054179847240448, 0.003078021574765444, -0.9671085476875305, 0.04673292487859726, -0.04401887208223343, 0.1131029799580574, 2.8831283448192138, 0.8412957570292008, -6.947646514682478, 37618.0, 31298.0, 34505.0, 35315.0, 7.854546070098877, 25.87261199951172, -26.27836799621582, -213.36865234375, 0.3612016439437866, 1.1177124977111816, 0.9068413376808167, 0.6950632929801941, 0.2740001678466797, 1.518310546875, 0.693603515625, 17.418121337890625, 1.568115234375
95864, -1.123317003250122, -3.685443162918091, 1.8552041053771973, 0.02714848890900612, -0.04486213997006416, 0.4236801862716675, -0.012812108732759953, 0.002329474315047264, -0.992790699005127, 0.0474308580160141, -0.04290153458714485, 0.1008627787232399, 4.06788397748179, 1.2185659417476415, -6.05716780375735, 37618.0, 31298.0, 34505.0, 35315.0, 7.854546070098877, 25.767026901245117, -15.7113618850708, -98.41342163085938, -0.13983486592769623, 0.1135297641158104, 2.1258745193481445, 0.6950632929801941, 0.2740001678466797, 1.518310546875, 0.693603515625, 17.418121337890625, 1.568115234375
95874, -1.4033706188201904, -3.5526981353759766, 0.7251986861228943, 0.027057604864239693, -0.04483560472726822, 0.41384169459342957, -0.005730424541980028, 0.0035611314233392477, -0.9750080704689026, 0.048467401415109634, -0.0438113808631897, 0.0841144546866417, 4.252939294189366, 1.5886849060195516, -3.0651077658934685, 37264.0, 31476.0, 35961.0, 35691.0, 7.814876556396484, -80.5848617553711, 12.027629852294922, -538.0025024414062, 0.3063066601753235, 1.8753159046173096, -0.2245420664548874, 0.6950632929801941, 0.2740001678466797, 1.518310546875, 0.693603515625, 17.418121337890625, 1.568115234375
95884, -1.8372266292572021, -3.4950034618377686, -2.143608808517456, 0.027052948251366615, -0.04478204995393753, 0.40442705154418945, 0.004752079490572214, 0.007292932830750942, -0.9079239368438721, 0.05032702907919884, -0.04796954244375229, 0.07203305512666702, 2.9103325832603244, 1.7976580494558618, -2.2502046955502006, 37264.0, 31476.0, 35961.0, 35691.0, 7.814876556396484, 120.05101013183594, 5.6740827560424805, 153.2700958251953, 0.3063066601753235, 1.8753159046173096, -0.2245420664548874, 0.6950632929801941, 0.2740001678466797, 1.518310546875, 0.693603515625, 17.418121337890625, 1.5498046875
95894, -0.7961038947105408, -3.585973024368286, -1.3120133876800537, 0.026968708261847496, -0.04516381770372391, 0.39132145047187805, 0.006364988628774881, 0.006210271269083023, -0.9870977997779846, 0.05316644534468651, -0.04760720580816269, 0.0657762661576271, 0.6540938095850325, 0.043921774422443605, -2.9390083168507184, 36717.0, 31429.0, 36446.0, 36174.0, 7.83471155166626, 120.05101013183594, 5.6740827560424805, 153.2700958251953, 0.37875524163246155, -1.4991471767425537, 1.720245122909546, 0.6950632929801941, 0.2740001678466797, 1.518310546875, 0.693603515625, 17.418121337890625, 1.5498046875
95904, 0.17019376158714294, -3.721804141998291, -2.206988573074341, 0.027053024619817734, -0.045091841369867325, 0.38129231333732605, 0.010553063824772835, 0.008822465315461159, -1.0188552141189575, 0.05245098099112511, -0.04529004544019699, 0.06150004640221596, -2.1751913619239303, 0.3489755258030982, -2.5619175163137835, 35792.0, 31738.0, 37174.0, 37118.0, 7.874380588531494, 120.05101013183594, 5.6740827560424805, 153.2700958251953, 0.15809322893619537, 0.02873465232551098, 0.4848518967628479, 0.6950632929801941, 0.2740001678466797, 1.518310546875, 0.693603515625, 17.418121337890625, 1.547607421875
95914, 0.4659923017024994, -3.5963897705078125, -0.7831662893295288, 0.027209818363189697, -0.04499345272779465, 0.3714273273944855, 0.020806247368454933, 0.009579016827046871, -0.954282820224762, 0.05274464562535286, -0.05000508949160576, 0.06731081753969193, -0.2852184852616309, 0.2595107889426629, -2.9468146012907694, 35271.0, 31898.0, 37851.0, 37803.0, 7.814876556396484, 10.027053833007812, -12.337830543518066, 122.0152359008789, -0.4813181757926941, -2.2344815731048584, 0.24942710995674133, 0.6950632929801941, 0.2740001678466797, 1.518310546875, 0.693603515625, 17.418121337890625, 1.547607421875
95924, 0.6563532948493958, -3.6117637157440186, 0.4273844063282013, 0.02745535969734192, -0.04490082710981369, 0.36197158694267273, 0.028342192992568016, 0.009017824195325375, -0.9368637800216675, 0.055595748126506805, -0.051615048199892044, 0.07718709856271744, -1.7106745580831118, 0.24850990021221264, -1.3097100855331105, 35239.0, 31924.0, 37574.0, 37889.0, 7.83471155166626, 7.846757411956787, -0.7227092981338501, 129.2850341796875, -0.5081489682197571, 1.2162519693374634, 1.5505657196044922, 0.6950632929801941, 0.2740001678466797, 1.518310546875, 0.693603515625, 17.418121337890625, 1.547607421875
95954, -0.7480545043945312, -3.00994610786438, -0.23014481365680695, 0.02846926636993885, -0.04415100812911987, 0.33100077509880066, 0.04392353072762489, 0.008949404582381248, -0.9808752536773682, 0.061327915638685226, -0.04615595191717148, 0.09928643703460693, -2.0903595176819247, 1.5931763600144961, -8.527192217686475, 37265.0, 31090.0, 36295.0, 36102.0, 7.83471155166626, 51.05745315551758, -28.686298370361328, 138.7574005126953, 0.7620646953582764, 1.7322635650634766, 0.14907130599021912, 0.6950632929801941, 0.2740001678466797, 1.518310546875, 0.693603515625, 17.418121337890625, 1.56884765625
95964, -0.4530768394470215, -3.0013067722320557, -0.9173539876937866, 0.028948122635483742, -0.04405098408460617, 0.32140061259269714, 0.05168098956346512, 0.010956431739032269, -0.939129114151001, 0.06295746564865112, -0.04194322228431702, 0.10398825258016586, -1.3886014156117206, 1.9744150935144944, -9.36962043621743, 37262.0, 31047.0, 36544.0, 36127.0, 7.854546070098877, 51.05745315551758, -28.686298370361328, 138.7574005126953, -0.6257798075675964, -1.7419037818908691, 1.6279475688934326, 0.6950632929801941, 0.2740001678466797, 1.518310546875, 0.693603515625, 17.418121337890625, 1.56884765625
95974, 0.25446033477783203, -3.0250258445739746, -1.801163911819458, 0.02946506254374981, -0.04394138976931572, 0.3115212917327881, 0.05170412361621857, 0.011466377414762974, -1.0367454290390015, 0.06356900185346603, -0.03890807181596756, 0.10766438394784927, -0.5696251478006437, 1.9859295671588768, -7.224299973894167, 37262.0, 31047.0, 36544.0, 36127.0, 7.874380588531494, 82.9197006225586, -5.481514930725098, 89.64435577392578, 0.3888680934906006, 0.03802873194217682, 2.000760555267334, 0.6950632929801941, 0.2740001678466797, 1.518310546875, 0.693603515625, 17.418121337890625, 1.56884765625
95984, 1.0124250650405884, -2.9743545055389404, -1.5745875835418701, 0.030016450211405754, -0.04382209852337837, 0.30131691694259644, 0.05849197879433632, 0.011881563812494278, -1.004194736480713, 0.06465893983840942, -0.03578896075487137, 0.11034779250621796, 0.2988649397630251, 2.119636552148876, -6.177876921397211, 37262.0, 31047.0, 36544.0, 36127.0, 7.874380588531494, 82.9197006225586, -5.481514930725098, 89.64435577392578, 0.0058937883004546165, -2.2526848316192627, 0.13553865253925323, 0.6950632929801941, 0.2740001678466797, 1.518310546875, 0.693603515625, 17.418121337890625, 1.5234375
96004, 0.9592109322547913, -2.664067506790161, -1.0910224914550781, 0.03168414160609245, -0.044119566679000854, 0.28026145696640015, 0.07094201445579529, 0.00842895545065403, -0.9898618459701538, 0.06833767890930176, -0.03145412355661392, 0.11405066400766373, 1.7807697017323316, 2.899559204434098, -7.59055109453377, 35495.0, 31635.0, 36858.0, 37826.0, 7.83471155166626, -89.07512664794922, -55.18193435668945, -423.11810302734375, 0.47751981019973755, 1.3476998805999756, 1.1811418533325195, 0.6950632929801941, 0.2740001678466797, 1.518310546875, 0.693603515625, 17.418121337890625, 1.5234375
96014, 0.4452923834323883, -2.5178961753845215, 0.9908496141433716, 0.03240688517689705, -0.044041987508535385, 0.2701261043548584, 0.07407246530056, 0.006569302175194025, -1.0372620820999146, 0.06970521807670593, -0.03024037927389145, 0.11449266225099564, 2.064500705827488, 3.0833712708121084, -7.668561667663602, 35495.0, 31635.0, 36858.0, 37826.0, 7.8942155838012695, -89.07512664794922, -55.18193435668945, -423.11810302734375, -0.005166737828403711, 0.40408629179000854, 2.1354713439941406, 0.6950632929801941, 0.2740001678466797, 1.518310546875, 0.693603515625, 17.418121337890625, 1.554931640625
96024, -0.2054557502269745, -2.281148672103882, 0.5173581838607788, 0.03317704424262047, -0.04398753494024277, 0.2599000334739685, 0.07983888685703278, 0.004752723034471273, -1.0079518556594849, 0.07160554081201553, -0.028394261375069618, 0.11395654827356339, 2.348064749947839, 3.3924502094563422, -5.011280589179431, 37161.0, 31082.0, 36131.0, 36269.0, 7.814876556396484, -89.07512664794922, -55.18193435668945, -423.11810302734375, 0.05144382640719414, 1.4953289031982422, -0.2632848620414734, 0.6950632929801941, 0.2740001678466797, 1.518310546875, 0.693603515625, 17.418121337890625, 1.554931640625
96034, -0.5719592571258545, -2.190706253051758, -1.3054190874099731, 0.03401076793670654, -0.04394562914967537, 0.25013118982315063, 0.08668097853660583, 0.0042905984446406364, -0.9458534717559814, 0.07464389503002167, -0.024874839931726456, 0.11084477603435516, 3.3129932602908547, 3.078684915732083, -1.6286338876411486, 37437.0, 30948.0, 35771.0, 36109.0, 7.83471155166626, 122.32449340820312, -10.93321418762207, 208.98895263671875, -0.23124955594539642, 0.4447340965270996, 1.1125484704971313, 0.6950632929801941, 0.2740001678466797, 1.518310546875, 0.693603515625, 17.418121337890625, 1.554931640625
96044, 0.4047500193119049, -2.0727500915527344, -0.3161609172821045, 0.034884437918663025, -0.043902043253183365, 0.240354523062706, 0.08828714489936829, 0.003996147308498621, -1.0095072984695435, 0.07638852298259735, -0.022015979513525963, 0.10744848847389221, 3.58151015281837, 3.1764700298491277, -1.4799275571334727, 37437.0, 30948.0, 35771.0, 36109.0, 7.854546070098877, 99.68352508544922, 27.66657257080078, 29.692516326904297, -0.23124955594539642, 0.4447340965270996, 1.1125484704971313, 0.6950632929801941, 0.2740001678466797, 1.518310546875, 0.693603515625, 17.418121337890625, 1.59228515625
96074, 1.4696762561798096, -1.7504072189331055, 0.9750842452049255, 0.03802884370088577, -0.0441448912024498, 0.20811665058135986, 0.10230172425508499, -0.0005736443563364446, -0.9571037292480469, 0.08084206283092499, -0.006357304286211729, 0.09165811538696289, 6.747222914645371, 2.539811102897488, -9.243593219786044, 36076.0, 31229.0, 36171.0, 37458.0, 7.83471155166626, -29.615962982177734, -57.801605224609375, -44.27983093261719, -0.07995495200157166, 1.589008092880249, 1.4111708402633667, 0.6950632929801941, 0.2740001678466797, 1.518310546875, 1.94970703125, 1.7399139404296875, 1.5205078125
96084, 1.0407310724258423, -1.5361425876617432, 0.11787529289722443, 0.03905617818236351, -0.044153694063425064, 0.198189377784729, 0.1033707931637764, -0.0009632385335862637, -1.0283596515655518, 0.08015984296798706, -0.005572996102273464, 0.08533625304698944, 7.257476252704227, 3.9278497633814595, -5.421047288987516, 36076.0, 31229.0, 36171.0, 37458.0, 7.8942155838012695, -29.615962982177734, -57.801605224609375, -44.27983093261719, 0.08974232524633408, 1.7799973487854004, 1.1970303058624268, 0.6950632929801941, 0.2740001678466797, 1.518310546875, 1.94970703125, 1.7399139404296875, 1.5556640625
96094, -0.4889712333679199, -1.2969083786010742, 0.3241369128227234, 0.03905617818236351, -0.044153694063425064, 0.198189377784729, 0.1033707931637764, -0.0009632385335862637, -1.0283596515655518, 0.08039744198322296, -0.0059806108474731445, 0.08167655766010284, 7.015317754823899, 4.061474083315602, -4.8656097927939745, 36900.0, 30949.0, 35318.0, 36649.0, 7.8942155838012695, 45.72477340698242, -23.3538818359375, 199.27737426757812, 0.08974232524633408, 1.7799973487854004, 1.1970303058624268, 0.6950632929801941, 0.2740001678466797, 1.518310546875, 1.94970703125, 1.7399139404296875, 1.5556640625
96114, -0.20947106182575226, -1.1074789762496948, -0.4339398741722107, 0.04127586632966995, -0.04354916885495186, 0.17630797624588013, 0.10967547446489334, -0.0033854178618639708, -1.0144363641738892, 0.08364780992269516, -0.0035083480179309845, 0.07228847593069077, 3.413112382871788, 1.7387090028312855, -6.1744332289811625, 37556.0, 30790.0, 35135.0, 36173.0, 7.795042037963867, 48.131351470947266, -5.995271682739258, -31.912073135375977, 0.4171678125858307, 1.4012079238891602, 0.20103919506072998, 0.6950632929801941, 0.2740001678466797, 1.518310546875, 1.94970703125, 1.7399139404296875, 1.559326171875
96124, 0.4584795832633972, -1.0017962455749512, -1.2603310346603394, 0.04127586632966995, -0.04354916885495186, 0.17630797624588013, 0.10967547446489334, -0.0033854178618639708, -1.0144363641738892, 0.08098801970481873, -0.005130378063768148, 0.06899368762969971, 6.350464201930772, 3.3950427330496495, -5.623489016377739, 36718.0, 30952.0, 35346.0, 36999.0, 7.874380588531494, 23.217510223388672, -32.15239334106445, -91.02947235107422, 0.4171678125858307, 1.4012079238891602, 0.20103919506072998, 0.6950632929801941, 0.2740001678466797, 1.518310546875, 1.94970703125, 1.7399139404296875, 1.559326171875
96134, 0.7322558164596558, -0.8693462014198303, -1.516500473022461, 0.04127586632966995, -0.04354916885495186, 0.17630797624588013, 0.10967547446489334, -0.0033854178618639708, -1.0144363641738892, 0.08177424222230911, -0.0045475708320736885, 0.0674174427986145, 5.495227599389654, 2.8545961752932953, -5.962858187485595, 36074.0, 31110.0, 35901.0, 37737.0, 7.874380588531494, 67.19414520263672, 45.34721374511719, 595.1187133789062, 0.4171678125858307, 1.4012079238891602, 0.20103919506072998, 0.6950632929801941, 0.2740001678466797, 1.518310546875, 1.94970703125, 1.7399139404296875, 1.559326171875
96154, 0.6820533871650696, -0.5028741955757141, -0.45991817116737366, 0.04700049012899399, -0.04398113116621971, 0.12372935563325882, 0.11942838877439499, -0.0045695072039961815, -0.9979479908943176, 0.08305743336677551, -0.0012682811357080936, 0.06800241023302078, 4.058057816607119, 1.648585427918647, -6.1210270583174795, 35869.0, 31146.0, 36086.0, 37987.0, 7.854546070098877, 67.19414520263672, 45.34721374511719, 595.1187133789062, 0.445160448551178, 1.4231643676757812, 1.096327781677246, 0.6950632929801941, 0.2740001678466797, 1.518310546875, 1.94970703125, 1.7399139404296875, 1.546875
96224, -4.068620204925537, -2.7455954551696777, 2.422196388244629, 0.055811841040849686, -0.04403505474328995, 0.0896393284201622, 0.19184090197086334, 0.0757395476102829, 0.7684248089790344, 0.08945724368095398, -0.007840332575142384, 0.07895592600107193, -7.249186740743236, -0.7108015174362379, -4.33756717886268, 38802.0, 31451.0, 34122.0, 36660.0, 7.8942155838012695, -111.54374694824219, 8.492700576782227, 180.2382354736328, -1.0506805181503296, -0.12098053097724915, 0.2156250923871994, 0.6950632929801941, 0.2740001678466797, 1.518310546875, 1.670654296875, 0.59100341796875, 1.559326171875
96244, -5.651144504547119, -2.285416841506958, 2.7866146564483643, 0.055811841040849686, -0.04403505474328995, 0.0896393284201622, 0.19184090197086334, 0.0757395476102829, 0.7684248089790344, 0.09250997751951218, -0.004767220467329025, 0.08156360685825348, -4.772551794268393, -0.28256365868028865, -8.36187440350249, 28182.0, 33288.0, 30489.0, 22846.0, 7.8942155838012695, -62.617740631103516, -14.773725509643555, -511.13775634765625, -0.1390823870897293, -0.24065138399600983, 1.671964168548584, 0.6950632929801941, 0.2740001678466797, 1.518310546875, 1.670654296875, 0.59100341796875, 1.640625
96254, -5.908387660980225, -1.6361148357391357, -0.5170391798019409, 0.055811841040849686, -0.04403505474328995, 0.0896393284201622, 0.19184090197086334, 0.0757395476102829, 0.7684248089790344, 0.09378170222043991, -0.0027335984632372856, 0.08203400671482086, -4.367522541452882, -0.07736108674308184, -8.534802113985627, 28182.0, 33288.0, 30489.0, 22846.0, 7.8942155838012695, 64.67208862304688, -64.83936309814453, 14.016522407531738, -0.1390823870897293, -0.24065138399600983, 1.671964168548584, 0.6950632929801941, 0.2740001678466797, 1.518310546875, 1.670654296875, 0.59100341796875, 1.63037109375
96274, -5.0121989250183105, -0.5022100210189819, -2.4581596851348877, 0.06327075511217117, -0.04207238182425499, 0.11233460903167725, 0.19772548973560333, 0.08971258997917175, 0.5024982690811157, 0.09575466811656952, 0.0035856657195836306, 0.08121921122074127, -2.5746872469522666, -0.4693522212510288, -5.485351935466763, 28182.0, 33288.0, 30489.0, 22846.0, 7.973554611206055, 36.95376205444336, -30.082441329956055, -197.5560760498047, 0.36965712904930115, -0.16187769174575806, 0.07567498087882996, 0.6950632929801941, 0.2740001678466797, 1.518310546875, 1.670654296875, 0.59100341796875, 1.5380859375
96294, -3.425391674041748, 0.04371734708547592, -3.66658616065979, 0.06725791841745377, -0.040141645818948746, 0.12186985462903976, 0.20063243806362152, 0.10098807513713837, 0.4125802218914032, 0.09837474673986435, 0.005894421599805355, 0.07700546085834503, -2.5025589738382474, -0.13509987008779945, -4.37724917629474, 28182.0, 33288.0, 30489.0, 22846.0, 7.99338960647583, 64.43386840820312, -8.785484313964844, -334.5416259765625, -0.1933211237192154, 0.20926161110401154, 0.22970102727413177, 0.6950632929801941, 0.2740001678466797, 1.518310546875, 1.670654296875, 0.59100341796875, 1.482421875
96314, -2.19069242477417, 0.6364017724990845, -2.887406587600708, 0.06903897970914841, -0.03936142474412918, 0.12237010896205902, 0.19512373208999634, 0.10067322850227356, 0.22082610428333282, 0.1026943251490593, 0.01214691437780857, 0.07331310212612152, -0.29380392614297296, -0.4784299767410971, -5.235524125077231, 24222.0, 30359.0, 38947.0, 25541.0, 7.99338960647583, 64.43386840820312, -8.785484313964844, -334.5416259765625, 0.04405026510357857, -0.23988117277622223, 0.38635578751564026, 0.6950632929801941, 0.2740001678466797, 1.518310546875, 1.670654296875, 0.59100341796875, 1.482421875
96324, -1.7368950843811035, 0.8198241591453552, -2.9385032653808594, 0.07098983973264694, -0.038350339978933334, 0.12418031692504883, 0.19560997188091278, 0.10222796350717545, 0.14125044643878937, 0.10451052337884903, 0.014287859201431274, 0.07154876738786697, 0.25856703828430055, 0.11941864175940964, -3.8328600557767136, 24222.0, 30359.0, 38947.0, 25541.0, 7.973554611206055, 64.43386840820312, -8.785484313964844, -334.5416259765625, 0.19797471165657043, -0.22664669156074524, 0.2899496257305145, 0.6950632929801941, 0.2740001678466797, 1.518310546875, 1.670654296875, 0.59100341796875, 1.482421875
96344, -1.2214306592941284, 1.0539028644561768, -1.7444572448730469, 0.0748976618051529, -0.03627590462565422, 0.12571632862091064, 0.19535288214683533, 0.1053360253572464, 0.009908725507557392, 0.10677998512983322, 0.01861795037984848, 0.06900393217802048, 1.0430937821952948, -0.2291875189380903, -4.786290838469421, 24222.0, 30359.0, 38947.0, 25541.0, 7.973554611206055, 64.43386840820312, -8.785484313964844, -334.5416259765625, 0.060498081147670746, -0.26230084896087646, 0.3748830258846283, 0.6950632929801941, 0.2740001678466797, 1.518310546875, 1.670654296875, 0.59100341796875, 1.5205078125
96364, -0.4900943338871002, 1.3922138214111328, 0.6838142275810242, 0.0763271301984787, -0.033234722912311554, 0.12225878238677979, 0.18732410669326782, 0.11026585102081299, -0.11594676971435547, 0.10771428793668747, 0.01910967007279396, 0.06769859790802002, 0.7409374652650655, -0.9574676345670525, -4.72582028474018, 27474.0, 30890.0, 41623.0, 27826.0, 7.973554611206055, 48.24577331542969, -31.920608520507812, -15.858229637145996, -0.24279172718524933, -0.08609026670455933, 0.3343450427055359, 0.6950632929801941, 0.2740001678466797, 1.518310546875, 1.670654296875, 0.59100341796875, 1.506591796875
96374, -0.05453357845544815, 1.6316694021224976, 0.7445278167724609, 0.0763271301984787, -0.033234722912311554, 0.12225878238677979, 0.18732410669326782, 0.11026585102081299, -0.11594676971435547, 0.10789481550455093, 0.019218740984797478, 0.0681137964129448, 0.5829738231529806, -1.2118507619483978, -4.666402785295969, 28361.0, 30878.0, 39770.0, 29373.0, 7.9537200927734375, -0.9208579659461975, -18.116628646850586, -13.500419616699219, -0.24279172718524933, -0.08609026670455933, 0.3343450427055359, 0.6950632929801941, 0.2740001678466797, 1.518310546875, 1.670654296875, 0.59100341796875, 1.506591796875
96384, 0.04282315447926521, 1.7823656797409058, 0.9298734068870544, 0.0763271301984787, -0.033234722912311554, 0.12225878238677979, 0.18732410669326782, 0.11026585102081299, -0.11594676971435547, 0.1086558923125267, 0.01952483132481575, 0.06794793903827667, 0.18925316116426663, -1.8192109046851783, -4.828431337103589, 28924.0, 30671.0, 38501.0, 30026.0, 7.9537200927734375, -0.9208579659461975, -18.116628646850586, -13.500419616699219, 0.10035258531570435, 0.7599630355834961, 0.5194298624992371, 0.6950632929801941, 0.2740001678466797, 1.518310546875, 1.670654296875, 0.59100341796875, 1.506591796875
96424, 3.7707748413085938, 2.0122904777526855, -2.792666435241699, 0.08489593118429184, -0.02505938522517681, 0.10472607612609863, 0.17542967200279236, 0.1192055195569992, -0.48147132992744446, 0.1096906065940857, 0.020465942099690437, 0.07255113124847412, -0.06329495578380075, -1.8447146093098183, -4.599077734572922, 29997.0, 30734.0, 39508.0, 33798.0, 7.933885097503662, 78.29010772705078, -9.224568367004395, 94.62970733642578, 0.37169045209884644, -0.9062817096710205, 0.9109358191490173, 0.6950632929801941, 0.2740001678466797, 1.518310546875, 1.670654296875, 0.59100341796875, 1.51611328125
96454, 3.8780949115753174, 2.231968879699707, -3.526519775390625, 0.09001967310905457, -0.021656984463334084, 0.08946681022644043, 0.16763946413993835, 0.10804004222154617, -0.5606762170791626, 0.11331506073474884, 0.02435191348195076, 0.07839106023311615, 0.5132736429037409, -1.2428552345983803, -7.119584090194237, 29997.0, 30734.0, 39508.0, 33798.0, 7.874380588531494, 3.3562071323394775, -25.28285026550293, -423.8921813964844, 0.044139523059129715, -0.1327880620956421, 1.582458257675171, 0.6950632929801941, 0.2740001678466797, 1.518310546875, 1.670654296875, 0.59100341796875, 1.53076171875
96474, 3.3198537826538086, 1.8428066968917847, -2.801558494567871, 0.09035483747720718, -0.015755094587802887, 0.08012668788433075, 0.146780326962471, 0.09815707057714462, -0.4335280656814575, 0.11568781733512878, 0.027679219841957092, 0.08087719976902008, 1.6655909372135838, -0.845934577797891, -7.201028664098007, 33752.0, 30934.0, 41295.0, 34927.0, 7.8942155838012695, 3.3562071323394775, -25.28285026550293, -423.8921813964844, 0.1851554960012436, 1.4139212369918823, 1.9631751775741577, 0.6950632929801941, 0.2740001678466797, 1.518310546875, 1.670654296875, 0.59100341796875, 1.53515625
96504, 1.124005675315857, -0.26427778601646423, -2.2553694248199463, 0.09312742203474045, -0.014046251773834229, 0.07387129962444305, 0.13179785013198853, 0.07403804361820221, -0.1592991054058075, 0.11769352108240128, 0.030872242525219917, 0.08109104633331299, 2.7230033502567155, -0.11343927536779574, -7.729387608282572, 34954.0, 31624.0, 41425.0, 34434.0, 7.874380588531494, -176.37991333007812, 94.85700988769531, 100.87605285644531, 0.043271154165267944, -2.2670819759368896, 1.7884103059768677, 0.6950632929801941, 0.2740001678466797, 1.518310546875, 1.670654296875, 0.59100341796875, 1.572509765625
96514, -0.5387663245201111, -1.1579430103302002, -1.9212754964828491, 0.09568145871162415, -0.012738051824271679, 0.07364711165428162, 0.12711520493030548, 0.06020141392946243, 0.10055456310510635, 0.11856648325920105, 0.032948195934295654, 0.08011408895254135, 3.1785182769209266, -0.3942003182393137, -8.932440170638689, 34954.0, 31624.0, 41425.0, 34434.0, 7.8942155838012695, -201.84146118164062, 86.27872467041016, -42.985843658447266, 0.043271154165267944, -2.2670819759368896, 1.7884103059768677, 0.6950632929801941, 0.2740001678466797, 1.518310546875, 1.670654296875, 0.59100341796875, 1.572509765625
96574, -8.438549995422363, -2.583819627761841, -2.462071657180786, 0.09622283279895782, -0.00649933610111475, 0.08269479125738144, 0.12613734602928162, 0.08885268867015839, 0.16275353729724884, 0.12451336532831192, 0.043367207050323486, 0.0739215761423111, 3.573357802575842, -0.19516108739057358, -5.912376290474683, 31706.0, 33317.0, 39873.0, 24339.0, 7.933885097503662, -213.9771728515625, 3.957749605178833, -153.59291076660156, -0.21008743345737457, 0.21389617025852203, 0.2191162109375, 0.6950632929801941, 0.2740001678466797, 1.518310546875, 1.670654296875, 0.59100341796875, 1.594482421875
96594, -7.108129024505615, -2.1909239292144775, -3.254986524581909, 0.0988108217716217, -0.004552405793219805, 0.08522886782884598, 0.13200028240680695, 0.10414596647024155, 0.07307194918394089, 0.1239866092801094, 0.03951553627848625, 0.07068461179733276, 4.015135949731909, 0.3861895133471478, -5.953105212734164, 30111.0, 32035.0, 40456.0, 26669.0, 7.9537200927734375, 102.34487915039062, -5.490059852600098, 173.57421875, 0.14948534965515137, -0.7224323749542236, 0.19399394094944, 0.6950632929801941, 0.2740001678466797, 1.518310546875, 1.670654296875, 0.59100341796875, 1.58935546875
96604, -6.1820173263549805, -2.3194854259490967, -2.046924352645874, 0.0988108217716217, -0.004552405793219805, 0.08522886782884598, 0.13200028240680695, 0.10414596647024155, 0.07307194918394089, 0.1253516674041748, 0.04196397215127945, 0.07086142152547836, 1.8509945338578142, -1.4548162028366676, -5.985899321313596, 29567.0, 31582.0, 40907.0, 28032.0, 7.9537200927734375, 27.624006271362305, 5.467519760131836, -36.70745086669922, 0.14948534965515137, -0.7224323749542236, 0.19399394094944, 0.6950632929801941, 0.2740001678466797, 1.518310546875, 1.670654296875, 0.59100341796875, 1.58935546875
96624, -5.623548984527588, -2.398632764816284, -1.5015159845352173, 0.10041645914316177, -0.0016932589933276176, 0.08355426043272018, 0.12863409519195557, 0.11373452842235565, -0.15893080830574036, 0.12546811997890472, 0.0437120720744133, 0.06982956826686859, 1.1122801576588874, -0.8872635089335574, -6.054132004362493, 30236.0, 32110.0, 40647.0, 29615.0, 7.9537200927734375, 38.596961975097656, 25.602094650268555, -2.819127321243286, 0.06346257030963898, -0.13522517681121826, 0.8670756816864014, 0.6950632929801941, 0.2740001678466797, 1.518310546875, 1.670654296875, 0.59100341796875, 1.556396484375
96654, -3.390819787979126, -2.5288920402526855, -0.5140892863273621, 0.10442332178354263, 0.002052785363048315, 0.07775460928678513, 0.13898520171642303, 0.13652166724205017, -0.22152981162071228, 0.12587879598140717, 0.0428246334195137, 0.07055556774139404, 1.3956763185784788, 0.2180522955052311, -6.275509759763507, 30236.0, 32110.0, 40647.0, 29615.0, 7.9140496253967285, 122.18402099609375, -5.331532955169678, -90.08001708984375, -0.31746038794517517, -0.721393346786499, 1.0690584182739258, 0.6950632929801941, 0.2740001678466797, 1.518310546875, 1.670654296875, 0.59100341796875, 1.5556640625
96694, -2.169950008392334, -3.606705904006958, -0.5015394687652588, 0.108112633228302, 0.008668852038681507, 0.06945879757404327, 0.15159015357494354, 0.15944574773311615, -0.19770324230194092, 0.13018593192100525, 0.04386571794748306, 0.07248911261558533, 0.13419999690146894, 1.1746383943319643, -7.90130804059111, 32991.0, 33501.0, 36974.0, 32559.0, 7.9140496253967285, -44.3273811340332, 44.11035919189453, -27.98124885559082, -0.012452919036149979, -0.3122785985469818, 2.0676488876342773, 0.6950632929801941, 0.2740001678466797, 1.518310546875, 1.670654296875, 0.59100341796875, 1.58349609375
96704, -2.5681159496307373, -4.146146774291992, -0.5195342302322388, 0.1096714660525322, 0.010290180332958698, 0.06788702309131622, 0.1615225374698639, 0.16535504162311554, -0.11685541272163391, 0.13081982731819153, 0.044284410774707794, 0.07068486511707306, -0.3695296244389836, 0.7765133685902867, -7.306927482544961, 33724.0, 34597.0, 36595.0, 31767.0, 7.9140496253967285, -26.59157943725586, -15.127012252807617, -134.55072021484375, -0.2451900839805603, -0.41762465238571167, 2.1410446166992188, 0.6950632929801941, 0.2740001678466797, 1.518310546875, 1.670654296875, 0.59100341796875, 1.58349609375
96734, -3.4861884117126465, -4.139222621917725, -0.6824353933334351, 0.11333230137825012, 0.016606513410806656, 0.06848090887069702, 0.2034325897693634, 0.20013511180877686, 0.22480382025241852, 0.13167713582515717, 0.051874514669179916, 0.07010944187641144, 0.16743631935144684, 0.8953889457303035, -6.027681017712317, 34047.0, 35211.0, 36398.0, 30956.0, 7.874380588531494, 77.14598846435547, -33.39139175415039, 156.21731567382812, 0.02840559184551239, 0.7854728102684021, 0.8011338114738464, 0.6950632929801941, 0.2740001678466797, 1.518310546875, 0.8994140625, 5.9024505615234375, 1.64501953125
96744, -3.359213352203369, -3.7789337635040283, -2.109093427658081, 0.1154177188873291, 0.018652038648724556, 0.07090961188077927, 0.21345146000385284, 0.20892898738384247, 0.2610136866569519, 0.13419508934020996, 0.05197036266326904, 0.07024740427732468, 0.366919930807874, -0.14237493645416066, -5.468715788136196, 32282.0, 34203.0, 37073.0, 28539.0, 7.8942155838012695, 35.736568450927734, -38.83588409423828, 50.51886749267578, 0.02840559184551239, 0.7854728102684021, 0.8011338114738464, 0.6950632929801941, 0.2740001678466797, 1.518310546875, 0.8994140625, 5.9024505615234375, 1.64501953125
96764, -2.319883346557617, -2.8651232719421387, -1.9737465381622314, 0.11979228258132935, 0.02291436865925789, 0.07559341192245483, 0.22614774107933044, 0.21913254261016846, 0.24420562386512756, 0.13403743505477905, 0.047679100185632706, 0.07275859266519547, -1.3172573378220358, 0.6542487133937129, -5.144110270179912, 32282.0, 34203.0, 37073.0, 28539.0, 7.9140496253967285, 35.736568450927734, -38.83588409423828, 50.51886749267578, -0.15058383345603943, 0.15218085050582886, 0.40974271297454834, 0.6950632929801941, 0.2740001678466797, 1.518310546875, 0.8994140625, 5.9024505615234375, 1.664794921875
96774, -1.5931580066680908, -2.236605405807495, -2.300034284591675, 0.12206309288740158, 0.025113439187407494, 0.07769965380430222, 0.22864581644535065, 0.22144289314746857, 0.1771097481250763, 0.13552848994731903, 0.047981634736061096, 0.0725209042429924, -1.555726384699852, -0.25545790198933105, -4.8897090758651585, 28896.0, 31696.0, 38647.0, 28071.0, 7.9537200927734375, 35.736568450927734, -38.83588409423828, 50.51886749267578, 0.2122441977262497, -0.1467251032590866, 0.23262745141983032, 0.6950632929801941, 0.2740001678466797, 1.518310546875, 0.8994140625, 5.9024505615234375, 1.664794921875
96794, -0.5127884745597839, -1.251008152961731, -3.081352472305298, 0.1232394203543663, 0.028077248483896255, 0.0787239596247673, 0.2238173931837082, 0.22097192704677582, 0.04122712090611458, 0.13562338054180145, 0.0546814501285553, 0.07156214863061905, 0.1341999710538182, -0.09867543411758106, -6.671889339004475, 28551.0, 30688.0, 40009.0, 28708.0, 7.9537200927734375, 35.736568450927734, -38.83588409423828, 50.51886749267578, 0.3302396833896637, -0.16462552547454834, 0.45878297090530396, 0.6950632929801941, 0.2740001678466797, 1.518310546875, 0.8994140625, 5.9024505615234375, 1.619384765625
96844, 2.603677272796631, -0.2674242854118347, -1.7604122161865234, 0.13087289035320282, 0.0376562736928463, 0.07527667284011841, 0.22033773362636566, 0.21557718515396118, -0.16244664788246155, 0.13956329226493835, 0.05810076743364334, 0.07137984782457352, 1.9090901668828275, -1.2702571749708795, -8.387372264005766, 28551.0, 30688.0, 40009.0, 28708.0, 7.9140496253967285, 48.22063446044922, -14.437067985534668, -111.84304809570312, -0.4150069057941437, -1.561001181602478, 1.202783465385437, 0.6950632929801941, 0.2740001678466797, 1.518310546875, 0.8994140625, 5.9024505615234375, 1.5322265625
96854, 3.0230512619018555, -0.7534050941467285, -1.6670976877212524, 0.13087289035320282, 0.0376562736928463, 0.07527667284011841, 0.22033773362636566, 0.21557718515396118, -0.16244664788246155, 0.13861052691936493, 0.06090696528553963, 0.0712108463048935, 1.7149798470104163, -0.4854960670171238, -8.1225373418793, 31041.0, 32251.0, 42577.0, 32261.0, 7.9140496253967285, -4.262288570404053, 14.526082038879395, -76.51551818847656, -0.4150069057941437, -1.561001181602478, 1.202783465385437, 0.6950632929801941, 0.2740001678466797, 1.518310546875, 0.8994140625, 5.9024505615234375, 1.5322265625
96864, 2.9228177070617676, -0.9915698766708374, -2.0837645530700684, 0.13087289035320282, 0.0376562736928463, 0.07527667284011841, 0.22033773362636566, 0.21557718515396118, -0.16244664788246155, 0.13768170773983002, 0.06096014380455017, 0.07198724895715714, 1.9124553984155843, 0.4255097250821791, -8.018651154272705, 31440.0, 33150.0, 42109.0, 32209.0, 7.9140496253967285, -41.163482666015625, 85.28450775146484, 156.31268310546875, -0.4150069057941437, -1.561001181602478, 1.202783465385437, 0.6950632929801941, 0.2740001678466797, 1.518310546875, 0.8994140625, 5.9024505615234375, 1.560791015625
96884, 1.6642013788223267, -1.8907010555267334, -1.752771258354187, 0.13579851388931274, 0.04484402388334274, 0.07057545334100723, 0.21321174502372742, 0.1951071172952652, -0.17167125642299652, 0.13816945254802704, 0.06721349060535431, 0.07120028138160706, 1.7216006374567085, -0.2095599647209383, -8.158893266587443, 32736.0, 34521.0, 41170.0, 31260.0, 7.933885097503662, -65.34862518310547, 35.10853576660156, -40.96565628051758, 0.31764793395996094, 0.34209781885147095, 0.8878718614578247, 0.6950632929801941, 0.2740001678466797, 1.518310546875, 0.8994140625, 5.9024505615234375, 1.5615234375
96894, 0.9347817897796631, -2.2054476737976074, -2.4937639236450195, 0.13794775307178497, 0.04676496982574463, 0.06901620328426361, 0.21680918335914612, 0.18961694836616516, -0.140140563249588, 0.13714513182640076, 0.06868346035480499, 0.06968177855014801, 2.0400463032550746, -0.17774870917602925, -6.902872320630205, 33549.0, 34646.0, 40995.0, 30587.0, 7.933885097503662, -49.793514251708984, 3.1841187477111816, 4.784892559051514, -0.3079748749732971, 0.6824391484260559, 1.1473385095596313, 0.5862544775009155, 0.6592788696289062, 1.5498046875, 0.8994140625, 5.9024505615234375, 1.5615234375
96904, 0.38063785433769226, -2.2492010593414307, -2.5945065021514893, 0.14013107120990753, 0.048646874725818634, 0.06759874522686005, 0.21983951330184937, 0.18671821057796478, -0.1433565765619278, 0.13562050461769104, 0.06555099040269852, 0.07004112005233765, 1.1596330700440804, 0.30529708394786326, -7.49770992316242, 33940.0, 34231.0, 40992.0, 30222.0, 7.9140496253967285, 17.91350746154785, -12.165485382080078, 372.1237487792969, -0.05424654483795166, -0.4378470480442047, 2.4371020793914795, 0.5862544775009155, 0.6592788696289062, 1.5498046875, 0.8994140625, 5.9024505615234375, 1.5615234375
96914, 0.5684956908226013, -2.1071343421936035, -0.4704483151435852, 0.14234933257102966, 0.050504591315984726, 0.06620092689990997, 0.22382251918315887, 0.18489818274974823, -0.1362023502588272, 0.13640423119068146, 0.06677675247192383, 0.07114684581756592, 1.3908116605407757, -0.30495372455470715, -6.73371640972513, 33833.0, 33601.0, 41001.0, 30277.0, 7.933885097503662, -155.24961853027344, -37.7796630859375, -825.350341796875, -0.026697058230638504, 1.2096418142318726, 1.7541853189468384, 0.5862544775009155, 0.6592788696289062, 1.5498046875, 0.8994140625, 5.9024505615234375, 1.5615234375
96924, -0.7344383001327515, -1.8592607975006104, -5.094989776611328, 0.14462769031524658, 0.05234489589929581, 0.06537911295890808, 0.23179574310779572, 0.18323400616645813, -0.028151195496320724, 0.13655458390712738, 0.07471232861280441, 0.07110471278429031, 1.8779378322827232, -0.16672233996754926, -8.454216393026732, 33605.0, 33114.0, 40586.0, 30318.0, 7.8942155838012695, -155.24961853027344, -37.7796630859375, -825.350341796875, 0.28612130880355835, -0.6269508004188538, 0.9079636931419373, 0.5862544775009155, 0.6592788696289062, 1.5498046875, 0.8994140625, 5.9024505615234375, 1.5615234375
96944, -1.6633936166763306, -1.0859545469284058, -3.2600433826446533, 0.14394411444664001, 0.052848897874355316, 0.06746189296245575, 0.22875723242759705, 0.1767181009054184, 0.06978775560855865, 0.136459082365036, 0.07471031695604324, 0.06974220275878906, 1.4465133807042574, -0.15938632769706373, -8.40411086223045, 33989.0, 32800.0, 41298.0, 29364.0, 7.8942155838012695, -155.24961853027344, -37.7796630859375, -825.350341796875, -0.2683112323284149, -1.1457791328430176, 0.4542429447174072, 0.5862544775009155, 0.6592788696289062, 1.5498046875, 0.8994140625, 5.9024505615234375, 1.5615234375
96964, -2.094360828399658, -0.34422633051872253, -4.600682735443115, 0.14624877274036407, 0.05463133007287979, 0.06826037913560867, 0.23232439160346985, 0.17982488870620728, 0.08988586068153381, 0.13578209280967712, 0.07521338015794754, 0.0689133033156395, 0.9106714360199334, 0.426280542915606, -8.68847146238095, 32131.0, 31134.0, 42348.0, 28418.0, 7.933885097503662, -71.59204864501953, -26.140655517578125, 169.07968139648438, 0.331948459148407, 0.30897364020347595, 0.448780357837677, 0.5862544775009155, 0.6592788696289062, 1.5498046875, 0.8994140625, 5.9024505615234375, 1.56884765625
96974, -2.7219324111938477, -0.08156558871269226, -3.5083658695220947, 0.15092070400714874, 0.058258697390556335, 0.06923661381006241, 0.23467330634593964, 0.18224932253360748, -0.01004074141383171, 0.13580258190631866, 0.07594756782054901, 0.0687330812215805, 0.44915574657835633, 0.4642280642729304, -8.564495637398883, 32131.0, 31134.0, 42348.0, 28418.0, 7.933885097503662, -69.82064819335938, -46.805381774902344, 30.079769134521484, 0.331948459148407, 0.30897364020347595, 0.448780357837677, 0.5862544775009155, 0.6592788696289062, 1.5498046875, 0.8994140625, 5.9024505615234375, 1.543212890625
97054, -3.59529447555542, -1.3759140968322754, -2.103342294692993, 0.1547831892967224, 0.06416909396648407, 0.06614302098751068, 0.20740315318107605, 0.20072786509990692, 0.004451184533536434, 0.13610270619392395, 0.07796525210142136, 0.06895314157009125, -0.5860036753926394, 0.4565223175456481, -8.48152277086404, 33069.0, 34158.0, 41839.0, 29396.0, 7.9140496253967285, 5.497147083282471, 23.236026763916016, 10.16955280303955, 0.12173546850681305, 0.9204248189926147, 0.6507906317710876, 0.5862544775009155, 0.6592788696289062, 1.5498046875, 0.8994140625, 5.9024505615234375, 1.629638671875
97074, -5.044723033905029, -1.2351616621017456, -2.9828786849975586, 0.15898525714874268, 0.06829990446567535, 0.06633492559194565, 0.21204760670661926, 0.21087445318698883, -0.011062354780733585, 0.1362977921962738, 0.07764627784490585, 0.06903436779975891, -0.4002173976281568, 0.2570904913415859, -8.419753684478739, 33222.0, 33336.0, 41417.0, 28635.0, 7.9537200927734375, 5.497147083282471, 23.236026763916016, 10.16955280303955, 0.07614009827375412, 1.981713056564331, 0.8642091155052185, 0.5862544775009155, 0.6592788696289062, 1.5498046875, 0.8994140625, 5.9024505615234375, 1.6025390625
97084, -3.93841290473938, -1.2298471927642822, 0.04361063614487648, 0.15898525714874268, 0.06829990446567535, 0.06633492559194565, 0.21204760670661926, 0.21087445318698883, -0.011062354780733585, 0.13637103140354156, 0.07744137942790985, 0.06906554102897644, -0.31144588729631956, 0.18250319212020827, -8.450888956270667, 33222.0, 33336.0, 41417.0, 28635.0, 7.9537200927734375, 5.497147083282471, 23.236026763916016, 10.16955280303955, 0.9262702465057373, 2.414964437484741, 0.37013059854507446, 0.5862544775009155, 0.6592788696289062, 1.5498046875, 0.8994140625, 5.9024505615234375, 1.597412109375
97094, -3.503976345062256, -0.8746731877326965, -4.760934829711914, 0.15898525714874268, 0.06829990446567535, 0.06633492559194565, 0.21204760670661926, 0.21087445318698883, -0.011062354780733585, 0.13644631206989288, 0.07725169509649277, 0.06911356002092361, -0.20595058722214632, 0.13186127589588637, -8.430789251464093, 32324.0, 32669.0, 40380.0, 28982.0, 7.9140496253967285, 5.497147083282471, 23.236026763916016, 10.16955280303955, -0.6814724802970886, -0.750170111656189, 1.2396931648254395, 0.5862544775009155, 0.6592788696289062, 1.5498046875, 0.8994140625, 5.9024505615234375, 1.597412109375
97154, 0.0566120408475399, -0.7053989768028259, -3.0544605255126953, 0.16059060394763947, 0.07477928698062897, 0.06644036620855331, 0.19150668382644653, 0.2134391814470291, -0.07217468321323395, 0.13655565679073334, 0.07642015069723129, 0.06889414042234421, 0.28410117261714257, -0.025335704650530033, -8.42985892950008, 31763.0, 32173.0, 42165.0, 30434.0, 7.9140496253967285, -36.741058349609375, -27.25284194946289, -74.23857116699219, -0.16927747428417206, 1.4253478050231934, 1.1429063081741333, 0.5862544775009155, 0.6592788696289062, 1.5498046875, 0.8994140625, 5.9024505615234375, 1.57177734375
97164, -0.5618778467178345, -0.5270322561264038, -4.3802642822265625, 0.1625184714794159, 0.07690789550542831, 0.06603474915027618, 0.19384320080280304, 0.21264471113681793, -0.008929823525249958, 0.13657601177692413, 0.07629051804542542, 0.06894048303365707, 0.33952802246462366, -0.011152618867612318, -8.4487387745789, 31763.0, 32173.0, 42165.0, 30434.0, 7.933885097503662, -36.741058349609375, -27.25284194946289, -74.23857116699219, -0.5712100267410278, 0.11896737664937973, 0.8629468679428101, 0.5862544775009155, 0.6592788696289062, 1.5498046875, 0.8994140625, 5.9024505615234375, 1.57177734375
97194, -0.8356572985649109, -0.27368590235710144, -4.345485210418701, 0.16839076578617096, 0.08330411463975906, 0.06642620265483856, 0.19699810445308685, 0.21360532939434052, -0.0044662002474069595, 0.13670462369918823, 0.07615254819393158, 0.06889471411705017, 0.3922227536008341, -0.031885863621340604, -8.482155026071828, 32639.0, 31482.0, 43103.0, 29469.0, 7.9140496253967285, -22.59908103942871, -12.81577205657959, -333.2640075683594, -0.14879858493804932, 0.04794953763484955, 0.4365653097629547, 0.5862544775009155, 0.6592788696289062, 1.5498046875, 0.8994140625, 5.9024505615234375, 1.535888671875
97204, -0.35041311383247375, -0.20599085092544556, -3.536754608154297, 0.16839076578617096, 0.08330411463975906, 0.06642620265483856, 0.19699810445308685, 0.21360532939434052, -0.0044662002474069595, 0.13668107986450195, 0.07616055756807327, 0.06898453831672668, 0.40245427169106895, -0.03485959320522625, -8.483415058075852, 32082.0, 32616.0, 43830.0, 29087.0, 7.9140496253967285, 75.30742645263672, -20.486356735229492, -209.98110961914062, -0.14879858493804932, 0.04794953763484955, 0.4365653097629547, 0.5862544775009155, 0.6592788696289062, 1.5498046875, 0.8994140625, 5.9024505615234375, 1.5380859375
97214, 0.387739360332489, -0.12023629248142242, -4.466907978057861, 0.16839076578617096, 0.08330411463975906, 0.06642620265483856, 0.19699810445308685, 0.21360532939434052, -0.0044662002474069595, 0.13667529821395874, 0.07618003338575363, 0.06894528120756149, 0.3743204757549293, -0.03218652138676248, -8.443060814627255, 31454.0, 32435.0, 44161.0, 29748.0, 7.933885097503662, 75.30742645263672, -20.486356735229492, -209.98110961914062, -0.0819724053144455, -1.5908679962158203, 1.5974632501602173, 0.5862544775009155, 0.6592788696289062, 1.5498046875, 0.8994140625, 5.9024505615234375, 1.5380859375
97224, 0.6002357006072998, -0.36211398243904114, -2.3995769023895264, 0.16839076578617096, 0.08330411463975906, 0.06642620265483856, 0.19699810445308685, 0.21360532939434052, -0.0044662002474069595, 0.1367243379354477, 0.07623587548732758, 0.06888262182474136, 0.3272326701865357, -0.015006659816577894, -8.426354088689285, 31454.0, 32435.0, 44161.0, 29748.0, 7.933885097503662, -169.6654510498047, 7.101844787597656, -236.7998809814453, -0.0819724053144455, -1.5908679962158203, 1.5974632501602173, 0.5862544775009155, 0.6592788696289062, 1.5498046875, 0.8994140625, 5.9024505615234375, 1.552001953125
97264, -1.151787281036377, -0.1049548089504242, -3.5371036529541016, 0.173312246799469, 0.09105230122804642, 0.06434057652950287, 0.18137164413928986, 0.20538289844989777, 0.03393976390361786, 0.13679590821266174, 0.07650982588529587, 0.06876959651708603, 0.15579399256654775, -0.03125697014411344, -8.407975879709024, 31454.0, 32435.0, 44161.0, 29748.0, 7.933885097503662, -169.6654510498047, 7.101844787597656, -236.7998809814453, 0.17722056806087494, 1.5306473970413208, 0.7023183107376099, 0.5862544775009155, 0.6592788696289062, 1.5498046875, 0.8994140625, 5.9024505615234375, 1.6318359375
97304, 0.667201042175293, -0.3073011636734009, -6.299779415130615, 0.18060757219791412, 0.09946934133768082, 0.06571079045534134, 0.18349114060401917, 0.2140808254480362, -0.03785830736160278, 0.13672740757465363, 0.07670975476503372, 0.06882454454898834, 0.022109890184029875, -0.0261567488346941, -8.379853334144855, 9362.0, 30146.0, 35388.0, 9362.0, 8.033059120178223, -169.6654510498047, 7.101844787597656, -236.7998809814453, 0.029123062267899513, -0.3551359176635742, 0.8152129650115967, 0.5862544775009155, 0.6592788696289062, 1.5498046875, 0.8994140625, 5.9024505615234375, 1.5263671875
97314, 0.38044488430023193, -0.4352039396762848, -4.723252296447754, 0.18060757219791412, 0.09946934133768082, 0.06571079045534134, 0.18349114060401917, 0.2140808254480362, -0.03785830736160278, 0.13655975461006165, 0.07654428482055664, 0.0687374547123909, 0.14632046592610617, 0.09007756264585964, -8.30566423358267, 9362.0, 30146.0, 35388.0, 9362.0, 8.033059120178223, -74.0307388305664, 17.92058753967285, -70.56778717041016, 0.029123062267899513, -0.3551359176635742, 0.8152129650115967, 0.5862544775009155, 0.6592788696289062, 1.5498046875, 0.8994140625, 5.9024505615234375, 1.5263671875
97324, -0.35191887617111206, -0.6538757681846619, -4.9881720542907715, 0.18060757219791412, 0.09946934133768082, 0.06571079045534134, 0.18349114060401917, 0.2140808254480362, -0.03785830736160278, 0.13671572506427765, 0.07698674499988556, 0.0686967670917511, -0.13448459678010904, 0.014834588276443128, -8.355589356666076, 9362.0, 30146.0, 35388.0, 9362.0, 8.033059120178223, -73.11568450927734, 24.396137237548828, 14.103250503540039, 0.029123062267899513, -0.3551359176635742, 0.8152129650115967, 0.5862544775009155, 0.6592788696289062, 1.5498046875, 0.8994140625, 5.9024505615234375, 1.48388671875
97334, -1.0685651302337646, -0.8987577557563782, -4.864895820617676, 0.18612702190876007, 0.10588320344686508, 0.06267616897821426, 0.1847119778394699, 0.2128853052854538, -0.12984062731266022, 0.13644179701805115, 0.07678781449794769, 0.06854543089866638, -0.017209643673003396, 0.1185314756583864, -8.243581166730358, 9362.0, 30146.0, 35388.0, 9362.0, 8.033059120178223, -49.72237777709961, -0.5663359761238098, -17.602706909179688, 0.029123062267899513, -0.3551359176635742, 0.8152129650115967, 0.5862544775009155, 0.6592788696289062, 1.5498046875, 0.8994140625, 5.9024505615234375, 1.518310546875
97354, -2.0200560092926025, -0.9454382658004761, -3.965229034423828, 0.18985475599765778, 0.11016420274972916, 0.06053366884589195, 0.1887318193912506, 0.21667051315307617, -0.0657876506447792, 0.136587455868721, 0.0766584724187851, 0.06871158629655838, 0.05975652478023989, 0.12488549461440357, -8.34927722106545, 9362.0, 30146.0, 35388.0, 9362.0, 8.033059120178223, -47.806129455566406, -1.2869154214859009, 28.88433837890625, -0.22480742633342743, -0.12778787314891815, 1.565647006034851, 0.5862544775009155, 0.6592788696289062, 1.5498046875, 0.8994140625, 5.9024505615234375, 1.49560546875
97394, -3.308931350708008, -0.7681689858436584, -4.129743576049805, 0.19760645925998688, 0.11920056492090225, 0.060928843915462494, 0.19789966940879822, 0.23501034080982208, 0.02813955582678318, 0.13674107193946838, 0.07646089047193527, 0.06872931867837906, 0.131965120267597, 0.07257784636934161, -8.385742790300382, 9362.0, 30146.0, 35388.0, 9362.0, 8.033059120178223, -26.710098266601562, -7.459640026092529, -93.68544006347656, 0.17370390892028809, -0.14982208609580994, 0.6924687027931213, 0.5862544775009155, 0.6592788696289062, 1.5498046875, 0.8994140625, 5.9024505615234375, 1.48974609375
97434, -3.601419448852539, -1.0806608200073242, -3.582339286804199, 0.205625519156456, 0.1289215236902237, 0.06000998988747597, 0.20326586067676544, 0.25236421823501587, -0.060847483575344086, 0.13658671081066132, 0.076142318546772, 0.06916816532611847, 0.3489757970168927, 0.08485896717286323, -8.276483670285163, 9362.0, 30146.0, 35388.0, 9362.0, 8.033059120178223, -26.710098266601562, -7.459640026092529, -93.68544006347656, 0.05734298750758171, -0.20782268047332764, 1.0749059915542603, 0.5862544775009155, 0.6592788696289062, 1.5498046875, 0.8994140625, 5.9024505615234375, 1.4912109375
97444, -3.573333263397217, -1.1636052131652832, -3.6254680156707764, 0.205625519156456, 0.1289215236902237, 0.06000998988747597, 0.20326586067676544, 0.25236421823501587, -0.060847483575344086, 0.13657866418361664, 0.07607670873403549, 0.0690392330288887, 0.38607722738396116, 0.10749646370899768, -8.28527743076193, 9362.0, 30146.0, 35388.0, 9362.0, 8.05289363861084, -26.710098266601562, -7.459640026092529, -93.68544006347656, 0.02304072119295597, -0.0882108211517334, 1.1925950050354004, 0.5862544775009155, 0.6592788696289062, 1.5498046875, 0.8994140625, 5.9024505615234375, 1.4912109375
97454, -3.4789068698883057, -1.254769206047058, -3.4285330772399902, 0.205625519156456, 0.1289215236902237, 0.06000998988747597, 0.20326586067676544, 0.25236421823501587, -0.060847483575344086, 0.13657410442829132, 0.07616842538118362, 0.06897739320993423, 0.3503061168996978, 0.12970710889652537, -8.282289858846388, 9362.0, 30146.0, 35388.0, 9362.0, 8.033059120178223, -26.710098266601562, -7.459640026092529, -93.68544006347656, 0.02304072119295597, -0.0882108211517334, 1.1925950050354004, 0.5862544775009155, 0.6592788696289062, 1.5498046875, 0.8994140625, 5.9024505615234375, 1.4912109375
97464, -3.2982194423675537, -1.3450123071670532, -3.0858030319213867, 0.205625519156456, 0.1289215236902237, 0.06000998988747597, 0.20326586067676544, 0.25236421823501587, -0.060847483575344086, 0.13665544986724854, 0.07606881111860275, 0.06880506128072739, 0.3674158101000238, 0.09219064545143851, -8.295487328358872, 9362.0, 30146.0, 35388.0, 9362.0, 8.033059120178223, 17.386112213134766, 5.5438079833984375, 64.0269546508789, 0.02304072119295597, -0.0882108211517334, 1.1925950050354004, 0.5862544775009155, 0.6592788696289062, 1.5498046875, 0.8994140625, 5.9024505615234375, 1.4912109375
97474, -3.122465133666992, -1.411337971687317, -2.7594339847564697, 0.205625519156456, 0.1289215236902237, 0.06000998988747597, 0.20326586067676544, 0.25236421823501587, -0.060847483575344086, 0.13659508526325226, 0.07611638307571411, 0.06889230012893677, 0.35113804688095973, 0.028551804116517587, -8.379086932511566, 9362.0, 30146.0, 35388.0, 9362.0, 8.033059120178223, 15.38569164276123, -1.3703864812850952, -91.63929748535156, 0.02304072119295597, -0.0882108211517334, 1.1925950050354004, 0.5862544775009155, 0.6592788696289062, 1.5498046875, 0.8994140625, 5.9024505615234375, 1.494873046875
97514, -2.4957079887390137, -1.3308149576187134, -3.2729737758636475, 0.222712904214859, 0.1511235386133194, 0.05765271186828613, 0.22381624579429626, 0.29869434237480164, -0.03133036568760872, 0.1367952674627304, 0.07611270993947983, 0.06888039410114288, 0.33446278147857356, 0.09274116819392475, -8.327743321290995, 9362.0, 30146.0, 35388.0, 9362.0, 8.05289363861084, 15.38569164276123, -1.3703864812850952, -91.63929748535156, 0.030777711421251297, -0.0279904305934906, 1.0094499588012695, 0.5862544775009155, 0.6592788696289062, 1.5498046875, 1.09716796875, 1.302642822265625, 1.4912109375
97524, -2.3702168464660645, -1.3436665534973145, -3.0520801544189453, 0.22496291995048523, 0.15413090586662292, 0.05730094015598297, 0.22619575262069702, 0.3028005063533783, -0.039009734988212585, 0.13677231967449188, 0.07615925371646881, 0.06888584792613983, 0.2911601505253978, 0.04714324089002275, -8.376077615495895, 9362.0, 30146.0, 35388.0, 9362.0, 8.05289363861084, 15.38569164276123, -1.3703864812850952, -91.63929748535156, 0.12970347702503204, -0.047286972403526306, 1.0816985368728638, 0.5862544775009155, 0.6592788696289062, 1.5498046875, 1.09716796875, 1.302642822265625, 1.4912109375
97534, -2.251439094543457, -1.32710862159729, -3.4284448623657227, 0.22496291995048523, 0.15413090586662292, 0.05730094015598297, 0.22619575262069702, 0.3028005063533783, -0.039009734988212585, 0.13671182096004486, 0.07623431086540222, 0.06892794370651245, 0.2693518767136018, 0.029738068309342225, -8.39322463080572, 9362.0, 30146.0, 35388.0, 9362.0, 8.05289363861084, 11.580968856811523, -3.4805188179016113, 1.577793836593628, 0.12970347702503204, -0.047286972403526306, 1.0816985368728638, 0.5862544775009155, 0.6592788696289062, 1.5498046875, 1.09716796875, 1.302642822265625, 1.4912109375
97554, -2.0831258296966553, -1.3299579620361328, -3.381633758544922, 0.23186467587947845, 0.16340011358261108, 0.05623527243733406, 0.2340574413537979, 0.3150458037853241, -0.02661163918673992, 0.1367318481206894, 0.07635436207056046, 0.06863239407539368, 0.1774725937989297, 0.012531677524805218, -8.269262601899092, 9362.0, 30146.0, 35388.0, 9362.0, 8.05289363861084, 3.765550136566162, 1.9591749906539917, -23.719989776611328, -0.0006520713213831186, 0.0856289193034172, 1.0192416906356812, 0.5862544775009155, 0.6592788696289062, 1.5498046875, 1.09716796875, 1.302642822265625, 1.494873046875
97574, -2.0162546634674072, -1.3904069662094116, -3.35670804977417, 0.23186467587947845, 0.16340011358261108, 0.05623527243733406, 0.2340574413537979, 0.3150458037853241, -0.02661163918673992, 0.13672907650470734, 0.0764000192284584, 0.0686444491147995, 0.16520663071377606, 0.03187654833362785, -8.273815364114842, 9362.0, 30146.0, 35388.0, 9362.0, 8.05289363861084, -2.9741506576538086, 0.5374146103858948, -7.750220775604248, -0.027949552983045578, 0.03787050396203995, 0.985173761844635, 0.5862544775009155, 0.6592788696289062, 1.5498046875, 1.09716796875, 1.302642822265625, 1.496337890625
97584, -2.0344789028167725, -1.388056993484497, -3.564098358154297, 0.2389981746673584, 0.1730092614889145, 0.05546572059392929, 0.2414487898349762, 0.3252980411052704, -0.028761466965079308, 0.13672663271427155, 0.07643129676580429, 0.06865056604146957, 0.12290493579824342, 0.02523956978342312, -8.27976989436625, 9362.0, 30146.0, 35388.0, 9362.0, 8.05289363861084, -2.2516167163848877, 1.9209883213043213, -46.642940521240234, -0.027949552983045578, 0.03787050396203995, 0.985173761844635, 0.5862544775009155, 0.6592788696289062, 1.5498046875, 1.09716796875, 1.302642822265625, 1.496337890625
97594, -2.070265531539917, -1.3898816108703613, -3.826192855834961, 0.24142563343048096, 0.17627888917922974, 0.05518091097474098, 0.2440563291311264, 0.328619122505188, -0.02820122428238392, 0.13664685189723969, 0.07650506496429443, 0.06875526160001755, 0.07451620105684528, -0.022216517555648352, -8.33962030307322, 9362.0, 30146.0, 35388.0, 9362.0, 8.05289363861084, -1.9015109539031982, 0.9255298972129822, 70.23223876953125, -0.027949552983045578, 0.03787050396203995, 0.985173761844635, 0.5862544775009155, 0.6592788696289062, 1.5498046875, 1.09716796875, 1.302642822265625, 1.4970703125
97714, -2.8653626441955566, -1.3720086812973022